1.200   0.078   -1.107      5.834      3.828 
1.210   0.089   -1.053      6.176      5.114 
1.220   0.098   -1.008      6.276      5.793 
1.230   0.107   -0.970      6.880      7.902 
1.240   0.116   -0.937      7.372      9.670 
1.250   0.124   -0.907      7.680     10.893 
1.260   0.132   -0.880      8.729     14.334 
1.270   0.139   -0.856      9.633     17.328 
1.280   0.147   -0.833     10.318     19.647 
1.290   0.154   -0.812     11.681     24.010 
1.300   0.161   -0.793     13.357     29.307 
1.310   0.168   -0.774     14.728     33.672 
1.320   0.175   -0.757     15.887     37.382 
1.330   0.182   -0.740     18.907     46.697 
1.340   0.189   -0.725     21.486     54.672 
1.350   0.195   -0.710     23.703     61.542 
1.360   0.202   -0.695     26.353     69.702 
1.370   0.208   -0.682     30.731     83.044 
1.380   0.214   -0.669     34.590     94.814 
1.390   0.221   -0.656     38.006    105.243 
1.400   0.227   -0.644     41.907    117.114 
1.410   0.233   -0.632     47.060    132.723 
1.420   0.239   -0.621     51.693    146.766 
1.430   0.246   -0.610     55.872    159.438 
1.440   0.252   -0.599     59.592    170.717 
1.450   0.258   -0.589     62.824    180.499 
1.460   0.264   -0.579     65.759    189.389 
1.470   0.270   -0.569     68.431    197.487 
1.480   0.276   -0.559     70.416    203.499 
1.490   0.282   -0.550     69.671    201.203 
1.500   0.288   -0.541     68.954    198.998 
1.510   0.294   -0.532     68.263    196.878 
1.520   0.300   -0.524     67.597    194.839 
1.530   0.305   -0.515     64.788    186.222 
1.540   0.311   -0.507     61.975    177.594 
1.550   0.317   -0.499     59.323    169.463 
1.560   0.323   -0.491     56.818    161.788 
1.570   0.329   -0.483     54.065    153.224 
1.580   0.335   -0.476     51.252    144.419 
1.590   0.340   -0.468     48.589    136.086 
1.600   0.346   -0.461     46.066    128.193 
1.610   0.352   -0.454     43.730    120.774 
1.620   0.357   -0.447     41.638    113.879 
1.630   0.363   -0.440     39.649    107.325 
1.640   0.369   -0.433     37.755    101.090 
1.650   0.375   -0.426     35.950     95.151 
1.660   0.380   -0.420     34.567     90.072 
1.670   0.386   -0.413     33.270     85.268 
1.680   0.392   -0.407     32.030     80.679 
1.690   0.397   -0.401     30.843     76.292 
1.700   0.403   -0.395     29.902     72.374 
1.710   0.409   -0.389     29.178     68.878 
1.720   0.414   -0.383     28.482     65.526 
1.730   0.420   -0.377     27.813     62.312 
1.740   0.425   -0.371     27.195     59.256 
1.750   0.431   -0.366     26.922     56.678 
1.760   0.437   -0.360     26.657     54.199 
1.770   0.442   -0.354     26.400     51.814 
1.780   0.448   -0.349     26.151     49.520 
1.790   0.453   -0.344     26.081     47.474 
1.800   0.459   -0.338     26.121     45.607 
1.810   0.465   -0.333     26.158     43.808 
1.820   0.470   -0.328     26.191     42.071 
1.830   0.476   -0.323     26.240     40.417 
1.840   0.481   -0.318     26.430     38.987 
1.850   0.487   -0.313     26.612     37.605 
1.860   0.492   -0.308     26.786     36.269 
1.870   0.498   -0.303     26.952     34.976 
1.880   0.503   -0.298     27.137     33.808 
1.890   0.509   -0.293     27.331     32.731 
1.900   0.514   -0.289     27.517     31.687 
1.910   0.520   -0.284     27.695     30.676 
1.920   0.525   -0.279     27.866     29.704 
1.930   0.531   -0.275     28.022     28.855 
1.940   0.536   -0.270     28.171     28.031 
1.950   0.542   -0.266     28.315     27.232 
1.960   0.547   -0.262     28.453     26.455 
1.970   0.553   -0.257     28.598     25.745 
1.980   0.558   -0.253     28.748     25.092 
1.990   0.564   -0.249     28.893     24.457 
2.000   0.569   -0.245     29.032     23.840 
2.010   0.575   -0.240     29.166     23.240 
2.020   0.580   -0.236     29.396     22.723 
2.030   0.586   -0.232     29.619     22.221 
2.040   0.591   -0.228     29.835     21.732 
2.050   0.597   -0.224     30.045     21.256 
2.060   0.602   -0.220     30.330     20.818 
2.070   0.608   -0.216     30.721     20.426 
2.080   0.613   -0.212     31.100     20.044 
2.090   0.619   -0.209     31.469     19.671 
2.100   0.624   -0.205     31.827     19.307 
2.110   0.630   -0.201     32.425     18.999 
2.120   0.635   -0.197     33.053     18.707 
2.130   0.641   -0.193     33.664     18.422 
2.140   0.646   -0.190     34.259     18.143 
2.150   0.651   -0.186     34.944     17.884 
2.160   0.657   -0.183     35.907     17.669 
2.170   0.662   -0.179     36.847     17.459 
2.180   0.668   -0.175     37.763     17.254 
2.190   0.673   -0.172     38.656     17.052 
2.200   0.679   -0.168     39.738     16.888 
2.210   0.684   -0.165     40.896     16.743 
2.220   0.690   -0.161     42.027     16.602 
2.230   0.695   -0.158     43.131     16.463 
2.240   0.700   -0.155     44.161     16.330 
2.250   0.706   -0.151     44.558     16.244 
2.260   0.711   -0.148     44.944     16.160 
2.270   0.717   -0.145     45.322     16.077 
2.280   0.722   -0.141     45.690     15.996 
2.290   0.728   -0.138     45.690     15.940 
2.300   0.733   -0.135     45.286     15.912 
2.310   0.738   -0.132     44.889     15.884 
2.320   0.744   -0.129     44.500     15.857 
2.330   0.749   -0.125     44.119     15.830 
2.340   0.755   -0.122     43.341     15.855 
2.350   0.760   -0.119     42.513     15.888 
2.360   0.765   -0.116     41.701     15.921 
2.370   0.771   -0.113     40.904     15.952 
2.380   0.776   -0.110     40.127     16.002 
2.390   0.782   -0.107     39.377     16.111 
2.400   0.787   -0.104     38.641     16.218 
2.410   0.793   -0.101     37.919     16.322 
2.420   0.798   -0.098     37.210     16.424 
2.430   0.803   -0.095     36.700     16.587 
2.440   0.809   -0.092     36.309     16.785 
2.450   0.814   -0.089     35.925     16.979 
2.460   0.820   -0.086     35.548     17.169 
2.470   0.825   -0.084     35.177     17.356 
2.480   0.830   -0.081     35.201     17.647 
2.490   0.836   -0.078     35.224     17.933 
2.500   0.841   -0.075     35.246     18.213 
2.510   0.847   -0.072     35.267     18.488 
2.520   0.852   -0.070     35.442     18.787 
2.530   0.857   -0.067     35.871     19.128 
2.540   0.863   -0.064     36.292     19.463 
2.550   0.868   -0.061     36.705     19.793 
2.560   0.874   -0.059     37.111     20.116 
2.570   0.879   -0.056     37.826     20.444 
2.580   0.884   -0.053     38.637     20.771 
2.590   0.890   -0.051     39.434     21.091 
2.600   0.895   -0.048     40.218     21.406 
2.610   0.901   -0.045     41.034     21.712 
2.620   0.906   -0.043     42.212     21.980 
2.630   0.911   -0.040     43.371     22.243 
2.640   0.917   -0.038     44.510     22.501 
2.650   0.922   -0.035     45.631     22.756 
2.660   0.928   -0.033     46.871     22.980 
2.670   0.933   -0.030     48.243     23.173 
2.680   0.938   -0.028     49.594     23.362 
2.690   0.944   -0.025     50.923     23.549 
2.700   0.949   -0.023     52.231     23.732 
2.710   0.954   -0.020     53.418     23.874 
2.720   0.960   -0.018     54.567     24.007 
2.730   0.965   -0.015     55.699     24.138 
2.740   0.971   -0.013     56.813     24.266 
2.750   0.976   -0.011     57.793     24.387 
2.760   0.981   -0.008     58.261     24.483 
2.770   0.987   -0.006     58.722     24.578 
2.780   0.992   -0.003     59.176     24.671 
2.790   0.998   -0.001     59.622     24.763 
2.800   1.003   0.001     59.631     24.847 
2.810   1.008   0.004     59.278     24.926 
2.820   1.014   0.006     58.931     25.003 
2.830   1.019   0.008     58.588     25.079 
2.840   1.024   0.010     58.249     25.154 
2.850   1.030   0.013     57.406     25.233 
2.860   1.035   0.015     56.516     25.311 
2.870   1.041   0.017     55.637     25.389 
2.880   1.046   0.020     54.771     25.465 
2.890   1.051   0.022     53.866     25.545 
2.900   1.057   0.024     52.825     25.639 
2.910   1.062   0.026     51.797     25.732 
2.920   1.067   0.028     50.783     25.824 
2.930   1.073   0.031     49.782     25.914 
2.940   1.078   0.033     48.827     26.022 
2.950   1.084   0.035     47.905     26.142 
2.960   1.089   0.037     46.996     26.261 
2.970   1.094   0.039     46.098     26.378 
2.980   1.100   0.041     45.212     26.493 
2.990   1.105   0.043     44.479     26.646 
3.000   1.110   0.045     43.765     26.800 
3.010   1.116   0.048     43.059     26.952 
3.020   1.121   0.050     42.362     27.102 
3.030   1.127   0.052     41.720     27.264 
3.040   1.132   0.054     41.202     27.459 
3.050   1.137   0.056     40.689     27.651 
3.060   1.143   0.058     40.183     27.841 
3.070   1.148   0.060     39.683     28.028 
3.080   1.153   0.062     39.278     28.246 
3.090   1.159   0.064     38.929     28.481 
3.100   1.164   0.066     38.585     28.714 
3.110   1.169   0.068     38.244     28.943 
3.120   1.175   0.070     37.908     29.169 
3.130   1.180   0.072     37.684     29.445 
3.140   1.186   0.074     37.466     29.719 
3.150   1.191   0.076     37.251     29.989 
3.160   1.196   0.078     37.037     30.256 
3.170   1.202   0.080     36.853     30.536 
3.180   1.207   0.082     36.729     30.847 
3.190   1.212   0.084     36.606     31.155 
3.200   1.218   0.086     36.485     31.459 
3.210   1.223   0.087     36.365     31.760 
3.220   1.229   0.089     36.286     32.086 
3.230   1.234   0.091     36.229     32.424 
3.240   1.239   0.093     36.172     32.757 
3.250   1.245   0.095     36.116     33.087 
3.260   1.250   0.097     36.061     33.414 
3.270   1.255   0.099     36.048     33.770 
3.280   1.261   0.101     36.034     34.122 
3.290   1.266   0.102     36.021     34.471 
3.300   1.271   0.104     36.008     34.816 
3.310   1.277   0.106     36.004     35.163 
3.320   1.282   0.108     36.017     35.519 
3.330   1.287   0.110     36.030     35.872 
3.340   1.293   0.112     36.043     36.220 
3.350   1.298   0.113     36.056     36.565 
3.360   1.304   0.115     36.078     36.906 
3.370   1.309   0.117     36.103     37.243 
3.380   1.314   0.119     36.129     37.577 
3.390   1.320   0.120     36.154     37.907 
3.400   1.325   0.122     36.179     38.233 
3.410   1.330   0.124     36.206     38.532 
3.420   1.336   0.126     36.233     38.828 
3.430   1.341   0.127     36.260     39.122 
3.440   1.346   0.129     36.286     39.411 
3.450   1.352   0.131     36.310     39.682 
3.460   1.357   0.133     36.329     39.918 
3.470   1.362   0.134     36.348     40.151 
3.480   1.368   0.136     36.366     40.382 
3.490   1.373   0.138     36.385     40.610 
3.500   1.379   0.139     36.393     40.790 
3.510   1.384   0.141     36.397     40.944 
3.520   1.389   0.143     36.401     41.096 
3.530   1.395   0.144     36.404     41.247 
3.540   1.400   0.146     36.408     41.396 
3.550   1.405   0.148     36.393     41.460 
3.560   1.411   0.149     36.378     41.523 
3.570   1.416   0.151     36.363     41.585 
3.580   1.421   0.153     36.348     41.647 
3.590   1.427   0.154     36.326     41.679 
3.600   1.432   0.156     36.292     41.652 
3.610   1.437   0.158     36.258     41.626 
3.620   1.443   0.159     36.224     41.600 
3.630   1.448   0.161     36.191     41.574 
3.640   1.454   0.162     36.147     41.496 
3.650   1.459   0.164     36.097     41.391 
3.660   1.464   0.166     36.048     41.288 
3.670   1.470   0.167     35.999     41.185 
3.680   1.475   0.169     35.950     41.083 
3.690   1.480   0.170     35.890     40.919 
3.700   1.486   0.172     35.831     40.755 
3.710   1.491   0.173     35.772     40.593 
3.720   1.496   0.175     35.725     40.395 
3.730   1.502   0.177     35.688     40.154 
3.740   1.507   0.178     35.647     39.886 
3.750   1.512   0.180     35.608     39.622 
3.760   1.518   0.181     35.569     39.364 
3.770   1.523   0.183     35.531     39.110 
3.780   1.528   0.184     35.494     38.844 
3.790   1.534   0.186     35.458     38.574 
3.800   1.539   0.187     35.422     38.308 
3.810   1.545   0.189     35.387     38.048 
3.820   1.550   0.190     35.354     37.794 
3.830   1.555   0.192     35.324     37.532 
3.840   1.561   0.193     35.296     37.275 
3.850   1.566   0.195     35.268     37.023 
3.860   1.571   0.196     35.240     36.777 
3.870   1.577   0.198     35.216     36.535 
3.880   1.582   0.199     35.196     36.296 
3.890   1.587   0.201     35.176     36.063 
3.900   1.593   0.202     35.158     35.834 
3.910   1.598   0.204     35.139     35.611 
3.920   1.603   0.205     35.126     35.394 
3.930   1.609   0.206     35.115     35.184 
3.940   1.614   0.208     35.105     34.978 
3.950   1.619   0.209     35.095     34.777 
3.960   1.625   0.211     35.086     34.580 
3.970   1.630   0.212     35.084     34.395 
3.980   1.635   0.214     35.082     34.214 
3.990   1.641   0.215     35.080     34.037 
4.000   1.646   0.216     35.078     33.864 
4.010   1.652   0.218     35.078     33.698 
4.020   1.657   0.219     35.084     33.541 
4.030   1.662   0.221     35.089     33.389 
4.040   1.668   0.222     35.094     33.240 
4.050   1.673   0.223     35.098     33.094 
4.060   1.678   0.225     35.107     32.958 
4.070   1.684   0.226     35.117     32.828 
4.080   1.689   0.228     35.128     32.702 
4.090   1.694   0.229     35.138     32.578 
4.100   1.700   0.230     35.147     32.458 
4.110   1.705   0.232     35.161     32.349 
4.120   1.710   0.233     35.176     32.243 
4.130   1.716   0.234     35.189     32.139 
4.140   1.721   0.236     35.202     32.039 
4.150   1.726   0.237     35.216     31.943 
4.160   1.732   0.238     35.232     31.855 
4.170   1.737   0.240     35.248     31.770 
4.180   1.742   0.241     35.264     31.687 
4.190   1.748   0.242     35.278     31.607 
4.200   1.753   0.244     35.294     31.532 
4.210   1.758   0.245     35.311     31.463 
4.220   1.764   0.246     35.327     31.395 
4.230   1.769   0.248     35.343     31.329 
4.240   1.774   0.249     35.357     31.266 
4.250   1.780   0.250     35.373     31.209 
4.260   1.785   0.252     35.389     31.155 
4.270   1.791   0.253     35.404     31.102 
4.280   1.796   0.254     35.418     31.051 
4.290   1.801   0.256     35.432     31.003 
4.300   1.807   0.257     35.447     30.960 
4.310   1.812   0.258     35.460     30.918 
4.320   1.817   0.259     35.473     30.878 
4.330   1.823   0.261     35.485     30.839 
4.340   1.828   0.262     35.496     30.803 
4.350   1.833   0.263     35.508     30.771 
4.360   1.839   0.264     35.518     30.740 
4.370   1.844   0.266     35.528     30.709 
4.380   1.849   0.267     35.536     30.680 
4.390   1.855   0.268     35.545     30.655 
4.400   1.860   0.270     35.552     30.631 
4.410   1.865   0.271     35.559     30.608 
4.420   1.871   0.272     35.564     30.586 
4.430   1.876   0.273     35.569     30.565 
4.440   1.881   0.274     35.573     30.547 
4.450   1.887   0.276     35.577     30.530 
4.460   1.892   0.277     35.579     30.513 
4.470   1.897   0.278     35.580     30.497 
4.480   1.903   0.279     35.581     30.483 
4.490   1.908   0.281     35.580     30.471 
4.500   1.913   0.282     35.579     30.459 
4.510   1.919   0.283     35.577     30.447 
4.520   1.924   0.284     35.573     30.436 
4.530   1.929   0.285     35.569     30.426 
4.540   1.935   0.287     35.564     30.418 
4.550   1.940   0.288     35.558     30.409 
4.560   1.945   0.289     35.550     30.401 
4.570   1.951   0.290     35.542     30.393 
4.580   1.956   0.291     35.533     30.387 
4.590   1.962   0.293     35.523     30.381 
4.600   1.967   0.294     35.512     30.375 
4.610   1.972   0.295     35.501     30.370 
4.620   1.978   0.296     35.488     30.365 
4.630   1.983   0.297     35.474     30.360 
4.640   1.988   0.298     35.460     30.356 
4.650   1.994   0.300     35.444     30.351 
4.660   1.999   0.301     35.428     30.347 
4.670   2.004   0.302     35.411     30.343 
4.680   2.010   0.303     35.393     30.340 
4.690   2.015   0.304     35.374     30.336 
4.700   2.020   0.305     35.355     30.332 
4.710   2.026   0.307     35.334     30.328 
4.720   2.031   0.308     35.313     30.325 
4.730   2.036   0.309     35.291     30.321 
4.740   2.042   0.310     35.269     30.317 
4.750   2.047   0.311     35.246     30.313 
4.760   2.052   0.312     35.222     30.309 
4.770   2.058   0.313     35.198     30.305 
4.780   2.063   0.314     35.173     30.301 
4.790   2.068   0.316     35.148     30.296 
4.800   2.074   0.317     35.122     30.292 
4.810   2.079   0.318     35.096     30.287 
4.820   2.084   0.319     35.069     30.281 
4.830   2.090   0.320     35.042     30.276 
4.840   2.095   0.321     35.015     30.270 
4.850   2.100   0.322     34.993     30.255 
4.860   2.106   0.323     34.971     30.239 
4.870   2.111   0.325     34.949     30.224 
4.880   2.116   0.326     34.928     30.208 
4.890   2.122   0.327     34.906     30.193 
4.900   2.127   0.328     34.885     30.178 
4.910   2.132   0.329     34.864     30.162 
4.920   2.138   0.330     34.842     30.147 
4.930   2.143   0.331     34.821     30.132 
4.940   2.148   0.332     34.800     30.117 
4.950   2.154   0.333     34.779     30.102 
4.960   2.159   0.334     34.758     30.087 
4.970   2.164   0.335     34.738     30.072 
4.980   2.170   0.336     34.717     30.057 
4.990   2.175   0.337     34.696     30.043 
5.000   2.180   0.339     34.676     30.028 
5.010   2.186   0.340     34.655     30.013 
5.020   2.191   0.341     34.635     29.999 
5.030   2.197   0.342     34.615     29.984 
5.040   2.202   0.343     34.595     29.970 
5.050   2.207   0.344     34.574     29.955 
5.060   2.213   0.345     34.554     29.941 
5.070   2.218   0.346     34.534     29.927 
5.080   2.223   0.347     34.515     29.913 
5.090   2.229   0.348     34.495     29.898 
5.100   2.234   0.349     34.475     29.884 
5.110   2.239   0.350     34.455     29.870 
5.120   2.245   0.351     34.436     29.856 
5.130   2.250   0.352     34.416     29.842 
5.140   2.255   0.353     34.397     29.828 
5.150   2.261   0.354     34.377     29.815 
5.160   2.266   0.355     34.358     29.801 
5.170   2.271   0.356     34.339     29.787 
5.180   2.277   0.357     34.320     29.773 
5.190   2.282   0.358     34.301     29.760 
5.200   2.287   0.359     34.282     29.746 
5.210   2.293   0.360     34.263     29.733 
5.220   2.298   0.361     34.244     29.719 
5.230   2.303   0.362     34.225     29.706 
5.240   2.309   0.363     34.207     29.693 
5.250   2.314   0.364     34.188     29.679 
5.260   2.319   0.365     34.169     29.666 
5.270   2.325   0.366     34.151     29.653 
5.280   2.330   0.367     34.132     29.640 
5.290   2.335   0.368     34.114     29.627 
5.300   2.341   0.369     34.096     29.614 
5.310   2.346   0.370     34.077     29.601 
5.320   2.351   0.371     34.059     29.588 
5.330   2.357   0.372     34.041     29.575 
5.340   2.362   0.373     34.023     29.562 
5.350   2.367   0.374     34.005     29.549 
5.360   2.373   0.375     33.987     29.536 
5.370   2.378   0.376     33.970     29.524 
5.380   2.383   0.377     33.952     29.511 
5.390   2.389   0.378     33.934     29.498 
5.400   2.394   0.379     33.916     29.486 
5.410   2.399   0.380     33.899     29.473 
5.420   2.405   0.381     33.881     29.461 
5.430   2.410   0.382     33.864     29.448 
5.440   2.415   0.383     33.847     29.436 
5.450   2.421   0.384     33.829     29.424 
5.460   2.426   0.385     33.812     29.411 
5.470   2.431   0.386     33.795     29.399 
5.480   2.437   0.387     33.778     29.387 
5.490   2.442   0.388     33.761     29.375 
5.500   2.447   0.389     33.744     29.363 
5.510   2.453   0.390     33.727     29.351 
5.520   2.458   0.391     33.710     29.338 
5.530   2.463   0.392     33.693     29.326 
5.540   2.469   0.392     33.676     29.315 
5.550   2.474   0.393     33.659     29.303 
5.560   2.479   0.394     33.643     29.291 
5.570   2.485   0.395     33.626     29.279 
5.580   2.490   0.396     33.610     29.267 
5.590   2.495   0.397     33.593     29.255 
5.600   2.501   0.398     33.577     29.244 
5.610   2.506   0.399     33.560     29.232 
5.620   2.511   0.400     33.544     29.221 
5.630   2.517   0.401     33.528     29.209 
5.640   2.522   0.402     33.511     29.197 
5.650   2.527   0.403     33.495     29.186 
5.660   2.533   0.404     33.479     29.175 
5.670   2.538   0.405     33.463     29.163 
5.680   2.543   0.405     33.447     29.152 
5.690   2.549   0.406     33.431     29.140 
5.700   2.554   0.407     33.415     29.129 
5.710   2.560   0.408     33.400     29.118 
5.720   2.565   0.409     33.384     29.107 
5.730   2.570   0.410     33.368     29.096 
5.740   2.576   0.411     33.352     29.084 
5.750   2.581   0.412     33.337     29.073 
5.760   2.586   0.413     33.321     29.062 
5.770   2.592   0.414     33.306     29.051 
5.780   2.597   0.414     33.290     29.040 
5.790   2.602   0.415     33.275     29.029 
5.800   2.608   0.416     33.260     29.018 
5.810   2.613   0.417     33.244     29.008 
5.820   2.618   0.418     33.229     28.997 
5.830   2.624   0.419     33.214     28.986 
5.840   2.629   0.420     33.199     28.975 
5.850   2.634   0.421     33.184     28.965 
5.860   2.640   0.422     33.169     28.954 
5.870   2.645   0.422     33.154     28.943 
5.880   2.650   0.423     33.139     28.933 
5.890   2.656   0.424     33.124     28.922 
5.900   2.661   0.425     33.109     28.912 
5.910   2.666   0.426     33.094     28.901 
5.920   2.672   0.427     33.079     28.891 
5.930   2.677   0.428     33.065     28.880 
5.940   2.682   0.428     33.050     28.870 
5.950   2.688   0.429     33.035     28.859 
5.960   2.693   0.430     33.021     28.849 
5.970   2.698   0.431     33.006     28.839 
5.980   2.704   0.432     32.992     28.828 
5.990   2.709   0.433     32.977     28.818 
6.000   2.714   0.434     32.963     28.808