17.2733   36        100       0         1.5       20        
17.2733        0              0              
17.2733        0.0789474      -7.62091e-06   
17.2733        0.157895       -1.48976e-05   
17.2733        0.236842       -2.18413e-05   
17.2733        0.315789       -2.84628e-05   
17.2733        0.394737       -3.47726e-05   
17.2733        0.473684       -4.07809e-05   
17.2733        0.552632       -4.64978e-05   
17.2733        0.631579       -5.19327e-05   
17.2733        0.710526       -5.70951e-05   
17.2733        0.789474       -6.19939e-05   
17.2733        0.868421       -6.66381e-05   
17.2733        0.947368       -7.10361e-05   
17.2733        1.02632        -7.51962e-05   
17.2733        1.10526        -7.91263e-05   
17.2733        1.18421        -8.28344e-05   
17.2733        1.26316        -8.63278e-05   
17.2733        1.34211        -8.96139e-05   
17.2733        1.42105        -9.26998e-05   
17.2733        1.5            -9.55924e-05   
17.4625        0              0              
17.4625        0.0789474      -0.000395281   
17.4625        0.157895       -0.000775163   
17.4625        0.236842       -0.00114008    
17.4625        0.315789       -0.00149047    
17.4625        0.394737       -0.00182675    
17.4625        0.473684       -0.00214932    
17.4625        0.552632       -0.00245858    
17.4625        0.631579       -0.00275492    
17.4625        0.710526       -0.00303872    
17.4625        0.789474       -0.00331033    
17.4625        0.868421       -0.00357013    
17.4625        0.947368       -0.00381845    
17.4625        1.02632        -0.00405565    
17.4625        1.10526        -0.00428204    
17.4625        1.18421        -0.00449795    
17.4625        1.26316        -0.00470369    
17.4625        1.34211        -0.00489957    
17.4625        1.42105        -0.00508588    
17.4625        1.5            -0.00526291    
17.6516        0              0              
17.6516        0.0789474      -0.000575348   
17.6516        0.157895       -0.00112968    
17.6516        0.236842       -0.00166356    
17.6516        0.315789       -0.00217754    
17.6516        0.394737       -0.00267215    
17.6516        0.473684       -0.00314792    
17.6516        0.552632       -0.00360536    
17.6516        0.631579       -0.00404497    
17.6516        0.710526       -0.00446724    
17.6516        0.789474       -0.00487265    
17.6516        0.868421       -0.00526167    
17.6516        0.947368       -0.00563474    
17.6516        1.02632        -0.00599232    
17.6516        1.10526        -0.00633483    
17.6516        1.18421        -0.0066627     
17.6516        1.26316        -0.00697633    
17.6516        1.34211        -0.00727614    
17.6516        1.42105        -0.00756251    
17.6516        1.5            -0.00783583    
17.8408        0              0              
17.8408        0.0789474      -0.000715517   
17.8408        0.157895       -0.0014061     
17.8408        0.236842       -0.00207239    
17.8408        0.315789       -0.002715      
17.8408        0.394737       -0.00333454    
17.8408        0.473684       -0.0039316     
17.8408        0.552632       -0.00450676    
17.8408        0.631579       -0.0050606     
17.8408        0.710526       -0.00559367    
17.8408        0.789474       -0.00610651    
17.8408        0.868421       -0.00659965    
17.8408        0.947368       -0.00707361    
17.8408        1.02632        -0.00752891    
17.8408        1.10526        -0.00796604    
17.8408        1.18421        -0.00838549    
17.8408        1.26316        -0.00878772    
17.8408        1.34211        -0.00917321    
17.8408        1.42105        -0.0095424     
17.8408        1.5            -0.00989574    
18.03          0              0              
18.03          0.0789474      -0.000833448   
18.03          0.157895       -0.00163896    
18.03          0.236842       -0.0024172     
18.03          0.315789       -0.00316884    
18.03          0.394737       -0.00389454    
18.03          0.473684       -0.00459493    
18.03          0.552632       -0.00527063    
18.03          0.631579       -0.00592226    
18.03          0.710526       -0.00655042    
18.03          0.789474       -0.00715569    
18.03          0.868421       -0.00773866    
18.03          0.947368       -0.00829989    
18.03          1.02632        -0.00883993    
18.03          1.10526        -0.00935932    
18.03          1.18421        -0.00985859    
18.03          1.26316        -0.0103383     
18.03          1.34211        -0.0107988     
18.03          1.42105        -0.0112408     
18.03          1.5            -0.0116647     
18.2191        0              0              
18.2191        0.0789474      -0.000936273   
18.2191        0.157895       -0.00184219    
18.2191        0.236842       -0.00271845    
18.2191        0.315789       -0.00356575    
18.2191        0.394737       -0.00438476    
18.2191        0.473684       -0.00517616    
18.2191        0.552632       -0.0059406     
18.2191        0.631579       -0.00667873    
18.2191        0.710526       -0.00739116    
18.2191        0.789474       -0.00807853    
18.2191        0.868421       -0.00874143    
18.2191        0.947368       -0.00938047    
18.2191        1.02632        -0.00999622    
18.2191        1.10526        -0.0105893     
18.2191        1.18421        -0.0111602     
18.2191        1.26316        -0.0117094     
18.2191        1.34211        -0.0122377     
18.2191        1.42105        -0.0127454     
18.2191        1.5            -0.013233      
18.4083        0              0              
18.4083        0.0789474      -0.0010278     
18.4083        0.157895       -0.00202325    
18.4083        0.236842       -0.00298707    
18.4083        0.315789       -0.00391997    
18.4083        0.394737       -0.00482265    
18.4083        0.473684       -0.00569578    
18.4083        0.552632       -0.00654005    
18.4083        0.631579       -0.00735612    
18.4083        0.710526       -0.00814463    
18.4083        0.789474       -0.00890623    
18.4083        0.868421       -0.00964154    
18.4083        0.947368       -0.0103512     
18.4083        1.02632        -0.0110358     
18.4083        1.10526        -0.0116959     
18.4083        1.18421        -0.0123321     
18.4083        1.26316        -0.012945      
18.4083        1.34211        -0.0135352     
18.4083        1.42105        -0.0141031     
18.4083        1.5            -0.0146494     
18.5974        0              0              
18.5974        0.0789474      -0.00111038    
18.5974        0.157895       -0.00218675    
18.5974        0.236842       -0.00322982    
18.5974        0.315789       -0.00424033    
18.5974        0.394737       -0.00521897    
18.5974        0.473684       -0.00616644    
18.5974        0.552632       -0.00708342    
18.5974        0.631579       -0.0079706     
18.5974        0.710526       -0.00882862    
18.5974        0.789474       -0.00965816    
18.5974        0.868421       -0.0104598     
18.5974        0.947368       -0.0112343     
18.5974        1.02632        -0.0119822     
18.5974        1.10526        -0.012704      
18.5974        1.18421        -0.0134005     
18.5974        1.26316        -0.0140722     
18.5974        1.34211        -0.0147196     
18.5974        1.42105        -0.0153434     
18.5974        1.5            -0.0159441     
18.7866        0              0              
18.7866        0.0789474      -0.00118561    
18.7866        0.157895       -0.00233579    
18.7866        0.236842       -0.00345127    
18.7866        0.315789       -0.00453279    
18.7866        0.394737       -0.00558103    
18.7866        0.473684       -0.00659671    
18.7866        0.552632       -0.00758052    
18.7866        0.631579       -0.00853313    
18.7866        0.710526       -0.00945522    
18.7866        0.789474       -0.0103474     
18.7866        0.868421       -0.0112105     
18.7866        0.947368       -0.0120449     
18.7866        1.02632        -0.0128514     
18.7866        1.10526        -0.0136306     
18.7866        1.18421        -0.014383      
18.7866        1.26316        -0.0151094     
18.7866        1.34211        -0.0158102     
18.7866        1.42105        -0.0164861     
18.7866        1.5            -0.0171376     
18.9758        0              0              
18.9758        0.0789474      -0.00125462    
18.9758        0.157895       -0.00247262    
18.9758        0.236842       -0.00365472    
18.9758        0.315789       -0.00480165    
18.9758        0.394737       -0.00591411    
18.9758        0.473684       -0.0069928     
18.9758        0.552632       -0.00803841    
18.9758        0.631579       -0.00905163    
18.9758        0.710526       -0.0100331     
18.9758        0.789474       -0.0109836     
18.9758        0.868421       -0.0119036     
18.9758        0.947368       -0.0127939     
18.9758        1.02632        -0.013655      
18.9758        1.10526        -0.0144877     
18.9758        1.18421        -0.0152925     
18.9758        1.26316        -0.01607       
18.9758        1.34211        -0.0168208     
18.9758        1.42105        -0.0175456     
18.9758        1.5            -0.0182449     
19.1649        0              0              
19.1649        0.0789474      -0.00131828    
19.1649        0.157895       -0.00259892    
19.1649        0.236842       -0.00384265    
19.1649        0.315789       -0.00505016    
19.1649        0.394737       -0.00622217    
19.1649        0.473684       -0.00735936    
19.1649        0.552632       -0.00846244    
19.1649        0.631579       -0.00953208    
19.1649        0.710526       -0.0105689     
19.1649        0.789474       -0.0115737     
19.1649        0.868421       -0.012547      
19.1649        0.947368       -0.0134895     
19.1649        1.02632        -0.0144019     
19.1649        1.10526        -0.0152847     
19.1649        1.18421        -0.0161386     
19.1649        1.26316        -0.0169642     
19.1649        1.34211        -0.0177621     
19.1649        1.42105        -0.0185329     
19.1649        1.5            -0.0192772     
19.3541        0              0              
19.3541        0.0789474      -0.00137727    
19.3541        0.157895       -0.00271603    
19.3541        0.236842       -0.00401699    
19.3541        0.315789       -0.00528086    
19.3541        0.394737       -0.00650832    
19.3541        0.473684       -0.00770006    
19.3541        0.552632       -0.00885678    
19.3541        0.631579       -0.00997914    
19.3541        0.710526       -0.0110678     
19.3541        0.789474       -0.0121235     
19.3541        0.868421       -0.0131467     
19.3541        0.947368       -0.0141383     
19.3541        1.02632        -0.0150988     
19.3541        1.10526        -0.0160288     
19.3541        1.18421        -0.016929      
19.3541        1.26316        -0.0177999     
19.3541        1.34211        -0.0186423     
19.3541        1.42105        -0.0194566     
19.3541        1.5            -0.0202435     
19.5432        0              0              
19.5432        0.0789474      -0.00143213    
19.5432        0.157895       -0.002825      
19.5432        0.236842       -0.00417932    
19.5432        0.315789       -0.00549577    
19.5432        0.394737       -0.00677505    
19.5432        0.473684       -0.00801783    
19.5432        0.552632       -0.00922478    
19.5432        0.631579       -0.0103966     
19.5432        0.710526       -0.0115339     
19.5432        0.789474       -0.0126374     
19.5432        0.868421       -0.0137077     
19.5432        0.947368       -0.0147454     
19.5432        1.02632        -0.0157512     
19.5432        1.10526        -0.0167258     
19.5432        1.18421        -0.0176697     
19.5432        1.26316        -0.0185836     
19.5432        1.34211        -0.019468      
19.5432        1.42105        -0.0203236     
19.5432        1.5            -0.0211509     
19.7324        0              0              
19.7324        0.0789474      -0.00148329    
19.7324        0.157895       -0.00292669    
19.7324        0.236842       -0.00433089    
19.7324        0.315789       -0.00569658    
19.7324        0.394737       -0.00702441    
19.7324        0.473684       -0.00831507    
19.7324        0.552632       -0.00956921    
19.7324        0.631579       -0.0107875     
19.7324        0.710526       -0.0119706     
19.7324        0.789474       -0.0131191     
19.7324        0.868421       -0.0142337     
19.7324        0.947368       -0.0153151     
19.7324        1.02632        -0.0163638     
19.7324        1.10526        -0.0173805     
19.7324        1.18421        -0.0183659     
19.7324        1.26316        -0.0193204     
19.7324        1.34211        -0.0202447     
19.7324        1.42105        -0.0211395     
19.7324        1.5            -0.0220053     
19.9215        0              0              
19.9215        0.0789474      -0.00153112    
19.9215        0.157895       -0.00302183    
19.9215        0.236842       -0.00447279    
19.9215        0.315789       -0.00588466    
19.9215        0.394737       -0.00725811    
19.9215        0.473684       -0.00859379    
19.9215        0.552632       -0.00989235    
19.9215        0.631579       -0.0111544     
19.9215        0.710526       -0.0123807     
19.9215        0.789474       -0.0135718     
19.9215        0.868421       -0.0147284     
19.9215        0.947368       -0.015851      
19.9215        1.02632        -0.0169403     
19.9215        1.10526        -0.017997      
19.9215        1.18421        -0.0190216     
19.9215        1.26316        -0.0200148     
19.9215        1.34211        -0.0209771     
19.9215        1.42105        -0.0219092     
19.9215        1.5            -0.0228117     
20.1107        0              0              
20.1107        0.0789474      -0.00157595    
20.1107        0.157895       -0.00311104    
20.1107        0.236842       -0.00460591    
20.1107        0.315789       -0.00606121    
20.1107        0.394737       -0.00747759    
20.1107        0.473684       -0.00885569    
20.1107        0.552632       -0.0101962     
20.1107        0.631579       -0.0114996     
20.1107        0.710526       -0.0127667     
20.1107        0.789474       -0.0139981     
20.1107        0.868421       -0.0151943     
20.1107        0.947368       -0.0163561     
20.1107        1.02632        -0.017484      
20.1107        1.10526        -0.0185787     
20.1107        1.18421        -0.0196407     
20.1107        1.26316        -0.0206706     
20.1107        1.34211        -0.0216691     
20.1107        1.42105        -0.0226368     
20.1107        1.5            -0.0235742     
20.2999        0              0              
20.2999        0.0789474      -0.00161803    
20.2999        0.157895       -0.00319483    
20.2999        0.236842       -0.00473102    
20.2999        0.315789       -0.00622723    
20.2999        0.394737       -0.0076841     
20.2999        0.473684       -0.00910225    
20.2999        0.552632       -0.0104823     
20.2999        0.631579       -0.0118249     
20.2999        0.710526       -0.0131307     
20.2999        0.789474       -0.0144002     
20.2999        0.868421       -0.0156341     
20.2999        0.947368       -0.0168331     
20.2999        1.02632        -0.0179976     
20.2999        1.10526        -0.0191284     
20.2999        1.18421        -0.020226      
20.2999        1.26316        -0.021291      
20.2999        1.34211        -0.022324      
20.2999        1.42105        -0.0233257     
20.2999        1.5            -0.0242965     
20.489         0              0              
20.489         0.0789474      -0.0016576     
20.489         0.157895       -0.00327366    
20.489         0.236842       -0.00484879    
20.489         0.315789       -0.0063836     
20.489         0.394737       -0.00787871    
20.489         0.473684       -0.00933473    
20.489         0.552632       -0.0107523     
20.489         0.631579       -0.0121319     
20.489         0.710526       -0.0134744     
20.489         0.789474       -0.0147801     
20.489         0.868421       -0.0160498     
20.489         0.947368       -0.0172841     
20.489         1.02632        -0.0184835     
20.489         1.10526        -0.0196487     
20.489         1.18421        -0.0207803     
20.489         1.26316        -0.0218788     
20.489         1.34211        -0.0229448     
20.489         1.42105        -0.0239789     
20.489         1.5            -0.0249817     
20.6782        0              0              
20.6782        0.0789474      -0.00169486    
20.6782        0.157895       -0.00334793    
20.6782        0.236842       -0.00495981    
20.6782        0.315789       -0.00653109    
20.6782        0.394737       -0.00806237    
20.6782        0.473684       -0.00955423    
20.6782        0.552632       -0.0110073     
20.6782        0.631579       -0.0124221     
20.6782        0.710526       -0.0137994     
20.6782        0.789474       -0.0151396     
20.6782        0.868421       -0.0164433     
20.6782        0.947368       -0.0177113     
20.6782        1.02632        -0.018944      
20.6782        1.10526        -0.020142      
20.6782        1.18421        -0.0213059     
20.6782        1.26316        -0.0224364     
20.6782        1.34211        -0.023534      
20.6782        1.42105        -0.0245992     
20.6782        1.5            -0.0256327     
20.8673        0              0              
20.8673        0.0789474      -0.00172999    
20.8673        0.157895       -0.003418      
20.8673        0.236842       -0.00506461    
20.8673        0.315789       -0.00667038    
20.8673        0.394737       -0.0082359     
20.8673        0.473684       -0.00976175    
20.8673        0.552632       -0.0112485     
20.8673        0.631579       -0.0126968     
20.8673        0.710526       -0.0141071     
20.8673        0.789474       -0.01548       
20.8673        0.868421       -0.0168163     
20.8673        0.947368       -0.0181163     
20.8673        1.02632        -0.0193807     
20.8673        1.10526        -0.0206101     
20.8673        1.18421        -0.021805      
20.8673        1.26316        -0.0229661     
20.8673        1.34211        -0.0240939     
20.8673        1.42105        -0.0251889     
20.8673        1.5            -0.0262518     
21.0565        0              0              
21.0565        0.0789474      -0.00176315    
21.0565        0.157895       -0.00348417    
21.0565        0.236842       -0.00516362    
21.0565        0.315789       -0.00680206    
21.0565        0.394737       -0.00840005    
21.0565        0.473684       -0.00995814    
21.0565        0.552632       -0.0114769     
21.0565        0.631579       -0.0129569     
21.0565        0.710526       -0.0143987     
21.0565        0.789474       -0.0158029     
21.0565        0.868421       -0.0171701     
21.0565        0.947368       -0.0185007     
21.0565        1.02632        -0.0197954     
21.0565        1.10526        -0.0210548     
21.0565        1.18421        -0.0222794     
21.0565        1.26316        -0.0234698     
21.0565        1.34211        -0.0246265     
21.0565        1.42105        -0.0257501     
21.0565        1.5            -0.0268412     
21.2457        0              0              
21.2457        0.0789474      -0.00179447    
21.2457        0.157895       -0.00354672    
21.2457        0.236842       -0.00525728    
21.2457        0.315789       -0.00692668    
21.2457        0.394737       -0.00855547    
21.2457        0.473684       -0.0101442     
21.2457        0.552632       -0.0116934     
21.2457        0.631579       -0.0132036     
21.2457        0.710526       -0.0146755     
21.2457        0.789474       -0.0161094     
21.2457        0.868421       -0.0175061     
21.2457        0.947368       -0.018866      
21.2457        1.02632        -0.0201897     
21.2457        1.10526        -0.0214777     
21.2457        1.18421        -0.0227307     
21.2457        1.26316        -0.0239492     
21.2457        1.34211        -0.0251337     
21.2457        1.42105        -0.0262848     
21.2457        1.5            -0.027403      
21.4348        0              0              
21.4348        0.0789474      -0.00182409    
21.4348        0.157895       -0.0036059     
21.4348        0.236842       -0.00534593    
21.4348        0.315789       -0.00704471    
21.4348        0.394737       -0.00870276    
21.4348        0.473684       -0.0103206     
21.4348        0.552632       -0.0118988     
21.4348        0.631579       -0.0134378     
21.4348        0.710526       -0.0149382     
21.4348        0.789474       -0.0164006     
21.4348        0.868421       -0.0178254     
21.4348        0.947368       -0.0192133     
21.4348        1.02632        -0.0205647     
21.4348        1.10526        -0.0218803     
21.4348        1.18421        -0.0231605     
21.4348        1.26316        -0.0244059     
21.4348        1.34211        -0.0256171     
21.4348        1.42105        -0.0267945     
21.4348        1.5            -0.0279388     
21.624         0              0              
21.624         0.0789474      -0.00185212    
21.624         0.157895       -0.00366193    
21.624         0.236842       -0.00542993    
21.624         0.315789       -0.0071566     
21.624         0.394737       -0.00884245    
21.624         0.473684       -0.010488      
21.624         0.552632       -0.0120937     
21.624         0.631579       -0.0136602     
21.624         0.710526       -0.015188      
21.624         0.789474       -0.0166774     
21.624         0.868421       -0.0181292     
21.624         0.947368       -0.0195439     
21.624         1.02632        -0.0209219     
21.624         1.10526        -0.0222638     
21.624         1.18421        -0.0235701     
21.624         1.26316        -0.0248414     
21.624         1.34211        -0.0260781     
21.624         1.42105        -0.027281      
21.624         1.5            -0.0284503     
21.8131        0              0              
21.8131        0.0789474      -0.00187867    
21.8131        0.157895       -0.00371503    
21.8131        0.236842       -0.00550955    
21.8131        0.315789       -0.00726273    
21.8131        0.394737       -0.00897503    
21.8131        0.473684       -0.010647      
21.8131        0.552632       -0.012279      
21.8131        0.631579       -0.0138717     
21.8131        0.710526       -0.0154254     
21.8131        0.789474       -0.0169409     
21.8131        0.868421       -0.0184185     
21.8131        0.947368       -0.0198587     
21.8131        1.02632        -0.0212621     
21.8131        1.10526        -0.0226293     
21.8131        1.18421        -0.0239607     
21.8131        1.26316        -0.0252568     
21.8131        1.34211        -0.0265182     
21.8131        1.42105        -0.0277454     
21.8131        1.5            -0.028939      
22.0023        0              0              
22.0023        0.0789474      -0.00190382    
22.0023        0.157895       -0.00376536    
22.0023        0.236842       -0.00558509    
22.0023        0.315789       -0.00736346    
22.0023        0.394737       -0.00910094    
22.0023        0.473684       -0.010798      
22.0023        0.552632       -0.0124551     
22.0023        0.631579       -0.0140728     
22.0023        0.710526       -0.0156515     
22.0023        0.789474       -0.0171917     
22.0023        0.868421       -0.0186939     
22.0023        0.947368       -0.0201587     
22.0023        1.02632        -0.0215866     
22.0023        1.10526        -0.022978      
22.0023        1.18421        -0.0243334     
22.0023        1.26316        -0.0256534     
22.0023        1.34211        -0.0269385     
22.0023        1.42105        -0.0281892     
22.0023        1.5            -0.0294061     
22.1914        0              0              
22.1914        0.0789474      -0.00192766    
22.1914        0.157895       -0.00381311    
22.1914        0.236842       -0.00565679    
22.1914        0.315789       -0.00745913    
22.1914        0.394737       -0.00922058    
22.1914        0.473684       -0.0109416     
22.1914        0.552632       -0.0126226     
22.1914        0.631579       -0.0142642     
22.1914        0.710526       -0.0158667     
22.1914        0.789474       -0.0174306     
22.1914        0.868421       -0.0189565     
22.1914        0.947368       -0.0204448     
22.1914        1.02632        -0.0218961     
22.1914        1.10526        -0.0233107     
22.1914        1.18421        -0.0246893     
22.1914        1.26316        -0.0260323     
22.1914        1.34211        -0.0273402     
22.1914        1.42105        -0.0286136     
22.1914        1.5            -0.0298528     
22.3806        0              0              
22.3806        0.0789474      -0.00195028    
22.3806        0.157895       -0.00385843    
22.3806        0.236842       -0.00572488    
22.3806        0.315789       -0.00755003    
22.3806        0.394737       -0.00933432    
22.3806        0.473684       -0.0110782     
22.3806        0.552632       -0.0127821     
22.3806        0.631579       -0.0144464     
22.3806        0.710526       -0.0160717     
22.3806        0.789474       -0.0176584     
22.3806        0.868421       -0.0192069     
22.3806        0.947368       -0.0207178     
22.3806        1.02632        -0.0221915     
22.3806        1.10526        -0.0236285     
22.3806        1.18421        -0.0250294     
22.3806        1.26316        -0.0263945     
22.3806        1.34211        -0.0277243     
22.3806        1.42105        -0.0290195     
22.3806        1.5            -0.0302804     
22.5698        0              0              
22.5698        0.0789474      -0.00197174    
22.5698        0.157895       -0.00390146    
22.5698        0.236842       -0.00578956    
22.5698        0.315789       -0.00763644    
22.5698        0.394737       -0.0094425     
22.5698        0.473684       -0.0112082     
22.5698        0.552632       -0.0129339     
22.5698        0.631579       -0.01462       
22.5698        0.710526       -0.0162671     
22.5698        0.789474       -0.0178756     
22.5698        0.868421       -0.0194458     
22.5698        0.947368       -0.0209784     
22.5698        1.02632        -0.0224737     
22.5698        1.10526        -0.0239322     
22.5698        1.18421        -0.0253544     
22.5698        1.26316        -0.0267408     
22.5698        1.34211        -0.0280918     
22.5698        1.42105        -0.029408      
22.5698        1.5            -0.0306898     
22.7589        0              0              
22.7589        0.0789474      -0.00199211    
22.7589        0.157895       -0.00394233    
22.7589        0.236842       -0.00585104    
22.7589        0.315789       -0.00771861    
22.7589        0.394737       -0.00954544    
22.7589        0.473684       -0.0113319     
22.7589        0.552632       -0.0130785     
22.7589        0.631579       -0.0147855     
22.7589        0.710526       -0.0164535     
22.7589        0.789474       -0.0180828     
22.7589        0.868421       -0.0196739     
22.7589        0.947368       -0.0212272     
22.7589        1.02632        -0.0227432     
22.7589        1.10526        -0.0242224     
22.7589        1.18421        -0.0256652     
22.7589        1.26316        -0.0270721     
22.7589        1.34211        -0.0284435     
22.7589        1.42105        -0.02978       
22.7589        1.5            -0.031082      
22.9481        0              0              
22.9481        0.0789474      -0.00201145    
22.9481        0.157895       -0.00398117    
22.9481        0.236842       -0.00590949    
22.9481        0.315789       -0.00779678    
22.9481        0.394737       -0.00964342    
22.9481        0.473684       -0.0114498     
22.9481        0.552632       -0.0132163     
22.9481        0.631579       -0.0149433     
22.9481        0.710526       -0.0166312     
22.9481        0.789474       -0.0182805     
22.9481        0.868421       -0.0198916     
22.9481        0.947368       -0.0214649     
22.9481        1.02632        -0.0230009     
22.9481        1.10526        -0.0244999     
22.9481        1.18421        -0.0259626     
22.9481        1.26316        -0.0273892     
22.9481        1.34211        -0.0287803     
22.9481        1.42105        -0.0301364     
22.9481        1.5            -0.0314578     
23.1372        0              0              
23.1372        0.0789474      -0.00202983    
23.1372        0.157895       -0.00401808    
23.1372        0.236842       -0.00596507    
23.1372        0.315789       -0.00787117    
23.1372        0.394737       -0.00973671    
23.1372        0.473684       -0.0115621     
23.1372        0.552632       -0.0133476     
23.1372        0.631579       -0.0150937     
23.1372        0.710526       -0.0168008     
23.1372        0.789474       -0.0184693     
23.1372        0.868421       -0.0200996     
23.1372        0.947368       -0.0216921     
23.1372        1.02632        -0.0232472     
23.1372        1.10526        -0.0247654     
23.1372        1.18421        -0.0262472     
23.1372        1.26316        -0.0276929     
23.1372        1.34211        -0.029103      
23.1372        1.42105        -0.0304779     
23.1372        1.5            -0.0318182     
23.3264        0              0              
23.3264        0.0789474      -0.00204728    
23.3264        0.157895       -0.00405316    
23.3264        0.236842       -0.00601795    
23.3264        0.315789       -0.00794197    
23.3264        0.394737       -0.00982556    
23.3264        0.473684       -0.0116691     
23.3264        0.552632       -0.0134729     
23.3264        0.631579       -0.0152373     
23.3264        0.710526       -0.0169628     
23.3264        0.789474       -0.0186496     
23.3264        0.868421       -0.0202984     
23.3264        0.947368       -0.0219093     
23.3264        1.02632        -0.0234829     
23.3264        1.10526        -0.0250195     
23.3264        1.18421        -0.0265196     
23.3264        1.26316        -0.0279837     
23.3264        1.34211        -0.0294121     
23.3264        1.42105        -0.0308053     
23.3264        1.5            -0.0321638     
23.5156        0              0              
23.5156        0.0789474      -0.00206387    
23.5156        0.157895       -0.00408652    
23.5156        0.236842       -0.00606826    
23.5156        0.315789       -0.00800938    
23.5156        0.394737       -0.0099102     
23.5156        0.473684       -0.0117711     
23.5156        0.552632       -0.0135923     
23.5156        0.631579       -0.0153743     
23.5156        0.710526       -0.0171174     
23.5156        0.789474       -0.0188219     
23.5156        0.868421       -0.0204883     
23.5156        0.947368       -0.022117      
23.5156        1.02632        -0.0237083     
23.5156        1.10526        -0.0252627     
23.5156        1.18421        -0.0267806     
23.5156        1.26316        -0.0282623     
23.5156        1.34211        -0.0297084     
23.5156        1.42105        -0.0311193     
23.5156        1.5            -0.0324953     
23.7047        0              0              
23.7047        0.0789474      -0.00207963    
23.7047        0.157895       -0.00411825    
23.7047        0.236842       -0.00611613    
23.7047        0.315789       -0.00807356    
23.7047        0.394737       -0.00999085    
23.7047        0.473684       -0.0118683     
23.7047        0.552632       -0.0137063     
23.7047        0.631579       -0.015505      
23.7047        0.710526       -0.017265      
23.7047        0.789474       -0.0189865     
23.7047        0.868421       -0.0206699     
23.7047        0.947368       -0.0223157     
23.7047        1.02632        -0.0239241     
23.7047        1.10526        -0.0254956     
23.7047        1.18421        -0.0270305     
23.7047        1.26316        -0.0285294     
23.7047        1.34211        -0.0299926     
23.7047        1.42105        -0.0314205     
23.7047        1.5            -0.0328135     
23.8939        0              0              
23.8939        0.0789474      -0.00209461    
23.8939        0.157895       -0.00414842    
23.8939        0.236842       -0.00616169    
23.8939        0.315789       -0.00813469    
23.8939        0.394737       -0.0100677     
23.8939        0.473684       -0.011961      
23.8939        0.552632       -0.013815      
23.8939        0.631579       -0.0156299     
23.8939        0.710526       -0.017406      
23.8939        0.789474       -0.0191438     
23.8939        0.868421       -0.0208436     
23.8939        0.947368       -0.0225058     
23.8939        1.02632        -0.0241306     
23.8939        1.10526        -0.0257186     
23.8939        1.18421        -0.0272701     
23.8939        1.26316        -0.0287854     
23.8939        1.34211        -0.0302651     
23.8939        1.42105        -0.0317095     
23.8939        1.5            -0.033119      
24.083         0              0              
24.083         0.0789474      -0.00210884    
24.083         0.157895       -0.00417712    
24.083         0.236842       -0.00620506    
24.083         0.315789       -0.00819291    
24.083         0.394737       -0.010141      
24.083         0.473684       -0.0120495     
24.083         0.552632       -0.0139187     
24.083         0.631579       -0.0157491     
24.083         0.710526       -0.0175408     
24.083         0.789474       -0.0192942     
24.083         0.868421       -0.0210097     
24.083         0.947368       -0.0226877     
24.083         1.02632        -0.0243284     
24.083         1.10526        -0.0259322     
24.083         1.18421        -0.0274996     
24.083         1.26316        -0.0290309     
24.083         1.34211        -0.0305265     
24.083         1.42105        -0.0319868     
24.083         1.5            -0.0334123     
24.2722        0              0              
24.2722        0.0789474      -0.00212238    
24.2722        0.157895       -0.00420442    
24.2722        0.236842       -0.00624633    
24.2722        0.315789       -0.00824837    
24.2722        0.394737       -0.0102108     
24.2722        0.473684       -0.0121338     
24.2722        0.552632       -0.0140177     
24.2722        0.631579       -0.0158629     
24.2722        0.710526       -0.0176695     
24.2722        0.789474       -0.019438      
24.2722        0.868421       -0.0211686     
24.2722        0.947368       -0.0228618     
24.2722        1.02632        -0.0245178     
24.2722        1.10526        -0.0261369     
24.2722        1.18421        -0.0277197     
24.2722        1.26316        -0.0292664     
24.2722        1.34211        -0.0307774     
24.2722        1.42105        -0.0322531     
24.2722        1.5            -0.033694      
24.4613        0              0              
24.4613        0.0789474      -0.00213524    
24.4613        0.157895       -0.00423038    
24.4613        0.236842       -0.00628563    
24.4613        0.315789       -0.00830119    
24.4613        0.394737       -0.0102773     
24.4613        0.473684       -0.0122142     
24.4613        0.552632       -0.0141122     
24.4613        0.631579       -0.0159716     
24.4613        0.710526       -0.0177926     
24.4613        0.789474       -0.0195755     
24.4613        0.868421       -0.0213207     
24.4613        0.947368       -0.0230284     
24.4613        1.02632        -0.0246991     
24.4613        1.10526        -0.0263331     
24.4613        1.18421        -0.0279307     
24.4613        1.26316        -0.0294922     
24.4613        1.34211        -0.0310181     
24.4613        1.42105        -0.0325088     
24.4613        1.5            -0.0339645     
24.6505        0              0              
24.6505        0.0789474      -0.00214746    
24.6505        0.157895       -0.00425508    
24.6505        0.236842       -0.00632303    
24.6505        0.315789       -0.00835152    
24.6505        0.394737       -0.0103408     
24.6505        0.473684       -0.012291      
24.6505        0.552632       -0.0142025     
24.6505        0.631579       -0.0160754     
24.6505        0.710526       -0.0179102     
24.6505        0.789474       -0.019707      
24.6505        0.868421       -0.0214662     
24.6505        0.947368       -0.023188      
24.6505        1.02632        -0.0248729     
24.6505        1.10526        -0.0265211     
24.6505        1.18421        -0.028133      
24.6505        1.26316        -0.0297089     
24.6505        1.34211        -0.0312492     
24.6505        1.42105        -0.0327543     
24.6505        1.5            -0.0342245     
24.8397        0              0              
24.8397        0.0789474      -0.00215908    
24.8397        0.157895       -0.00427856    
24.8397        0.236842       -0.00635863    
24.8397        0.315789       -0.00839945    
24.8397        0.394737       -0.0104012     
24.8397        0.473684       -0.0123642     
24.8397        0.552632       -0.0142886     
24.8397        0.631579       -0.0161746     
24.8397        0.710526       -0.0180226     
24.8397        0.789474       -0.0198327     
24.8397        0.868421       -0.0216054     
24.8397        0.947368       -0.0233408     
24.8397        1.02632        -0.0250393     
24.8397        1.10526        -0.0267013     
24.8397        1.18421        -0.028327      
24.8397        1.26316        -0.0299168     
24.8397        1.34211        -0.0314711     
24.8397        1.42105        -0.0329901     
24.8397        1.5            -0.0344743     
25.0288        0              0              
25.0288        0.0789474      -0.00217011    
25.0288        0.157895       -0.0043009     
25.0288        0.236842       -0.00639251    
25.0288        0.315789       -0.00844511    
25.0288        0.394737       -0.0104589     
25.0288        0.473684       -0.012434      
25.0288        0.552632       -0.0143708     
25.0288        0.631579       -0.0162693     
25.0288        0.710526       -0.01813       
25.0288        0.789474       -0.019953      
25.0288        0.868421       -0.0217386     
25.0288        0.947368       -0.0234871     
25.0288        1.02632        -0.0251988     
25.0288        1.10526        -0.0268741     
25.0288        1.18421        -0.0285131     
25.0288        1.26316        -0.0301163     
25.0288        1.34211        -0.0316841     
25.0288        1.42105        -0.0332166     
25.0288        1.5            -0.0347144     
25.218         0              0              
25.218         0.0789474      -0.0021806     
25.218         0.157895       -0.00432214    
25.218         0.236842       -0.00642475    
25.218         0.315789       -0.00848859    
25.218         0.394737       -0.0105138     
25.218         0.473684       -0.0125006     
25.218         0.552632       -0.0144492     
25.218         0.631579       -0.0163598     
25.218         0.710526       -0.0182327     
25.218         0.789474       -0.020068      
25.218         0.868421       -0.0218661     
25.218         0.947368       -0.0236272     
25.218         1.02632        -0.0253516     
25.218         1.10526        -0.0270397     
25.218         1.18421        -0.0286916     
25.218         1.26316        -0.0303078     
25.218         1.34211        -0.0318886     
25.218         1.42105        -0.0334343     
25.218         1.5            -0.0349452     
25.4071        0              0              
25.4071        0.0789474      -0.00219056    
25.4071        0.157895       -0.00434233    
25.4071        0.236842       -0.00645543    
25.4071        0.315789       -0.00853       
25.4071        0.394737       -0.0105662     
25.4071        0.473684       -0.0125642     
25.4071        0.552632       -0.0145241     
25.4071        0.631579       -0.0164463     
25.4071        0.710526       -0.0183308     
25.4071        0.789474       -0.020178      
25.4071        0.868421       -0.0219881     
25.4071        0.947368       -0.0237614     
25.4071        1.02632        -0.0254981     
25.4071        1.10526        -0.0271985     
25.4071        1.18421        -0.0288629     
25.4071        1.26316        -0.0304917     
25.4071        1.34211        -0.032085      
25.4071        1.42105        -0.0336434     
25.4071        1.5            -0.0351671     
25.5963        0              0              
25.5963        0.0789474      -0.00220002    
25.5963        0.157895       -0.00436152    
25.5963        0.236842       -0.00648462    
25.5963        0.315789       -0.00856942    
25.5963        0.394737       -0.0106161     
25.5963        0.473684       -0.0126247     
25.5963        0.552632       -0.0145956     
25.5963        0.631579       -0.0165288     
25.5963        0.710526       -0.0184246     
25.5963        0.789474       -0.0202833     
25.5963        0.868421       -0.0221049     
25.5963        0.947368       -0.0238899     
25.5963        1.02632        -0.0256384     
25.5963        1.10526        -0.0273507     
25.5963        1.18421        -0.0290272     
25.5963        1.26316        -0.0306681     
25.5963        1.34211        -0.0322737     
25.5963        1.42105        -0.0338443     
25.5963        1.5            -0.0353803     
25.7855        0              0              
25.7855        0.0789474      -0.00220899    
25.7855        0.157895       -0.00437975    
25.7855        0.236842       -0.00651237    
25.7855        0.315789       -0.00860695    
25.7855        0.394737       -0.0106636     
25.7855        0.473684       -0.0126825     
25.7855        0.552632       -0.0146638     
25.7855        0.631579       -0.0166077     
25.7855        0.710526       -0.0185143     
25.7855        0.789474       -0.0203839     
25.7855        0.868421       -0.0222167     
25.7855        0.947368       -0.0240129     
25.7855        1.02632        -0.0257728     
25.7855        1.10526        -0.0274967     
25.7855        1.18421        -0.0291848     
25.7855        1.26316        -0.0308375     
25.7855        1.34211        -0.0324549     
25.7855        1.42105        -0.0340374     
25.7855        1.5            -0.0355854     
25.9746        0              0              
25.9746        0.0789474      -0.00221751    
25.9746        0.157895       -0.00439707    
25.9746        0.236842       -0.00653876    
25.9746        0.315789       -0.00864267    
25.9746        0.394737       -0.0107089     
25.9746        0.473684       -0.0127376     
25.9746        0.552632       -0.0147289     
25.9746        0.631579       -0.0166829     
25.9746        0.710526       -0.0186        
25.9746        0.789474       -0.0204801     
25.9746        0.868421       -0.0223236     
25.9746        0.947368       -0.0241308     
25.9746        1.02632        -0.0259017     
25.9746        1.10526        -0.0276367     
25.9746        1.18421        -0.0293361     
25.9746        1.26316        -0.031         
25.9746        1.34211        -0.0326289     
25.9746        1.42105        -0.034223      
25.9746        1.5            -0.0357826     
26.1638        0              0              
26.1638        0.0789474      -0.00222559    
26.1638        0.157895       -0.00441352    
26.1638        0.236842       -0.00656385    
26.1638        0.315789       -0.00867665    
26.1638        0.394737       -0.010752      
26.1638        0.473684       -0.0127901     
26.1638        0.552632       -0.014791      
26.1638        0.631579       -0.0167548     
26.1638        0.710526       -0.0186818     
26.1638        0.789474       -0.0205721     
26.1638        0.868421       -0.022426      
26.1638        0.947368       -0.0242436     
26.1638        1.02632        -0.0260251     
26.1638        1.10526        -0.0277709     
26.1638        1.18421        -0.0294811     
26.1638        1.26316        -0.0311561     
26.1638        1.34211        -0.0327961     
26.1638        1.42105        -0.0344013     
26.1638        1.5            -0.0359722     
26.3529        0              0              
26.3529        0.0789474      -0.00223325    
26.3529        0.157895       -0.00442913    
26.3529        0.236842       -0.00658769    
26.3529        0.315789       -0.00870898    
26.3529        0.394737       -0.0107931     
26.3529        0.473684       -0.0128401     
26.3529        0.552632       -0.0148502     
26.3529        0.631579       -0.0168234     
26.3529        0.710526       -0.01876       
26.3529        0.789474       -0.0206601     
26.3529        0.868421       -0.0225239     
26.3529        0.947368       -0.0243516     
26.3529        1.02632        -0.0261434     
26.3529        1.10526        -0.0278996     
26.3529        1.18421        -0.0296203     
26.3529        1.26316        -0.0313059     
26.3529        1.34211        -0.0329566     
26.3529        1.42105        -0.0345727     
26.3529        1.5            -0.0361545     
26.5421        0              0              
26.5421        0.0789474      -0.00224051    
26.5421        0.157895       -0.00444394    
26.5421        0.236842       -0.00661033    
26.5421        0.315789       -0.00873971    
26.5421        0.394737       -0.0108322     
26.5421        0.473684       -0.0128878     
26.5421        0.552632       -0.0149066     
26.5421        0.631579       -0.0168889     
26.5421        0.710526       -0.0188347     
26.5421        0.789474       -0.0207442     
26.5421        0.868421       -0.0226176     
26.5421        0.947368       -0.024455      
26.5421        1.02632        -0.0262567     
26.5421        1.10526        -0.0280229     
26.5421        1.18421        -0.0297538     
26.5421        1.26316        -0.0314497     
26.5421        1.34211        -0.0331108     
26.5421        1.42105        -0.0347374     
26.5421        1.5            -0.0363298     
26.7312        0              0              
26.7312        0.0789474      -0.00224738    
26.7312        0.157895       -0.00445799    
26.7312        0.236842       -0.00663182    
26.7312        0.315789       -0.00876892    
26.7312        0.394737       -0.0108693     
26.7312        0.473684       -0.0129332     
26.7312        0.552632       -0.0149605     
26.7312        0.631579       -0.0169514     
26.7312        0.710526       -0.018906      
26.7312        0.789474       -0.0208246     
26.7312        0.868421       -0.0227072     
26.7312        0.947368       -0.024554      
26.7312        1.02632        -0.0263653     
26.7312        1.10526        -0.0281412     
26.7312        1.18421        -0.0298819     
26.7312        1.26316        -0.0315877     
26.7312        1.34211        -0.0332589     
26.7312        1.42105        -0.0348957     
26.7312        1.5            -0.0364983     
26.9204        0              0              
26.9204        0.0789474      -0.00225389    
26.9204        0.157895       -0.0044713     
26.9204        0.236842       -0.00665222    
26.9204        0.315789       -0.00879667    
26.9204        0.394737       -0.0109047     
26.9204        0.473684       -0.0129764     
26.9204        0.552632       -0.0150118     
26.9204        0.631579       -0.017011      
26.9204        0.710526       -0.0189742     
26.9204        0.789474       -0.0209014     
26.9204        0.868421       -0.0227929     
26.9204        0.947368       -0.0246488     
26.9204        1.02632        -0.0264692     
26.9204        1.10526        -0.0282545     
26.9204        1.18421        -0.0300047     
26.9204        1.26316        -0.0317202     
26.9204        1.34211        -0.0334012     
26.9204        1.42105        -0.0350478     
26.9204        1.5            -0.0366604     
27.1096        0              0              
27.1096        0.0789474      -0.00226005    
27.1096        0.157895       -0.00448391    
27.1096        0.236842       -0.00667156    
27.1096        0.315789       -0.00882302    
27.1096        0.394737       -0.0109383     
27.1096        0.473684       -0.0130175     
27.1096        0.552632       -0.0150606     
27.1096        0.631579       -0.0170678     
27.1096        0.710526       -0.0190392     
27.1096        0.789474       -0.0209748     
27.1096        0.868421       -0.0228748     
27.1096        0.947368       -0.0247394     
27.1096        1.02632        -0.0265688     
27.1096        1.10526        -0.0283631     
27.1096        1.18421        -0.0301225     
27.1096        1.26316        -0.0318474     
27.1096        1.34211        -0.0335377     
27.1096        1.42105        -0.035194      
27.1096        1.5            -0.0368163     
27.2987        0              0              
27.2987        0.0789474      -0.00226586    
27.2987        0.157895       -0.00449584    
27.2987        0.236842       -0.0066899     
27.2987        0.315789       -0.00884803    
27.2987        0.394737       -0.0109703     
27.2987        0.473684       -0.0130566     
27.2987        0.552632       -0.0151072     
27.2987        0.631579       -0.017122      
27.2987        0.710526       -0.0191012     
27.2987        0.789474       -0.0210448     
27.2987        0.868421       -0.0229531     
27.2987        0.947368       -0.0248261     
27.2987        1.02632        -0.0266641     
27.2987        1.10526        -0.0284672     
27.2987        1.18421        -0.0302355     
27.2987        1.26316        -0.0319693     
27.2987        1.34211        -0.0336689     
27.2987        1.42105        -0.0353344     
27.2987        1.5            -0.0369661     
27.4879        0              0              
27.4879        0.0789474      -0.00227136    
27.4879        0.157895       -0.00450713    
27.4879        0.236842       -0.00670726    
27.4879        0.315789       -0.00887175    
27.4879        0.394737       -0.0110006     
27.4879        0.473684       -0.0130938     
27.4879        0.552632       -0.0151515     
27.4879        0.631579       -0.0171736     
27.4879        0.710526       -0.0191603     
27.4879        0.789474       -0.0211117     
27.4879        0.868421       -0.023028      
27.4879        0.947368       -0.0249091     
27.4879        1.02632        -0.0267553     
27.4879        1.10526        -0.0285669     
27.4879        1.18421        -0.0303438     
27.4879        1.26316        -0.0320864     
27.4879        1.34211        -0.0337948     
27.4879        1.42105        -0.0354693     
27.4879        1.5            -0.0371101     
27.677         0              0              
27.677         0.0789474      -0.00227654    
27.677         0.157895       -0.00451779    
27.677         0.236842       -0.0067237     
27.677         0.315789       -0.00889423    
27.677         0.394737       -0.0110294     
27.677         0.473684       -0.0131292     
27.677         0.552632       -0.0151936     
27.677         0.631579       -0.0172228     
27.677         0.710526       -0.0192167     
27.677         0.789474       -0.0211756     
27.677         0.868421       -0.0230994     
27.677         0.947368       -0.0249884     
27.677         1.02632        -0.0268427     
27.677         1.10526        -0.0286623     
27.677         1.18421        -0.0304476     
27.677         1.26316        -0.0321987     
27.677         1.34211        -0.0339157     
27.677         1.42105        -0.0355989     
27.677         1.5            -0.0372486     
27.8662        0              0              
27.8662        0.0789474      -0.00228143    
27.8662        0.157895       -0.00452786    
27.8662        0.236842       -0.00673924    
27.8662        0.315789       -0.00891552    
27.8662        0.394737       -0.0110567     
27.8662        0.473684       -0.0131627     
27.8662        0.552632       -0.0152337     
27.8662        0.631579       -0.0172696     
27.8662        0.710526       -0.0192705     
27.8662        0.789474       -0.0212365     
27.8662        0.868421       -0.0231677     
27.8662        0.947368       -0.0250643     
27.8662        1.02632        -0.0269262     
27.8662        1.10526        -0.0287538     
27.8662        1.18421        -0.0305471     
27.8662        1.26316        -0.0323063     
27.8662        1.34211        -0.0340317     
27.8662        1.42105        -0.0357234     
27.8662        1.5            -0.0373816     
28.0554        0              0              
28.0554        0.0789474      -0.00228603    
28.0554        0.157895       -0.00453736    
28.0554        0.236842       -0.00675393    
28.0554        0.315789       -0.00893567    
28.0554        0.394737       -0.0110826     
28.0554        0.473684       -0.0131946     
28.0554        0.552632       -0.0152718     
28.0554        0.631579       -0.0173141     
28.0554        0.710526       -0.0193217     
28.0554        0.789474       -0.0212946     
28.0554        0.868421       -0.0232329     
28.0554        0.947368       -0.0251367     
28.0554        1.02632        -0.0270061     
28.0554        1.10526        -0.0288413     
28.0554        1.18421        -0.0306424     
28.0554        1.26316        -0.0324096     
28.0554        1.34211        -0.034143      
28.0554        1.42105        -0.0358429     
28.0554        1.5            -0.0375095     
28.2445        0              0              
28.2445        0.0789474      -0.00229035    
28.2445        0.157895       -0.00454631    
28.2445        0.236842       -0.00676779    
28.2445        0.315789       -0.00895473    
28.2445        0.394737       -0.0111071     
28.2445        0.473684       -0.0132248     
28.2445        0.552632       -0.0153079     
28.2445        0.631579       -0.0173565     
28.2445        0.710526       -0.0193705     
28.2445        0.789474       -0.02135       
28.2445        0.868421       -0.0232951     
28.2445        0.947368       -0.0252059     
28.2445        1.02632        -0.0270825     
28.2445        1.10526        -0.0289251     
28.2445        1.18421        -0.0307337     
28.2445        1.26316        -0.0325086     
28.2445        1.34211        -0.0342498     
28.2445        1.42105        -0.0359577     
28.2445        1.5            -0.0376324     
28.4337        0              0              
28.4337        0.0789474      -0.00229441    
28.4337        0.157895       -0.00455474    
28.4337        0.236842       -0.00678087    
28.4337        0.315789       -0.00897273    
28.4337        0.394737       -0.0111303     
28.4337        0.473684       -0.0132535     
28.4337        0.552632       -0.0153423     
28.4337        0.631579       -0.0173967     
28.4337        0.710526       -0.0194169     
28.4337        0.789474       -0.0214028     
28.4337        0.868421       -0.0233545     
28.4337        0.947368       -0.025272      
28.4337        1.02632        -0.0271556     
28.4337        1.10526        -0.0290052     
28.4337        1.18421        -0.0308211     
28.4337        1.26316        -0.0326034     
28.4337        1.34211        -0.0343523     
28.4337        1.42105        -0.0360679     
28.4337        1.5            -0.0377504     
28.6228        0              0              
28.6228        0.0789474      -0.00229822    
28.6228        0.157895       -0.00456265    
28.6228        0.236842       -0.00679318    
28.6228        0.315789       -0.00898972    
28.6228        0.394737       -0.0111522     
28.6228        0.473684       -0.0132806     
28.6228        0.552632       -0.0153748     
28.6228        0.631579       -0.017435      
28.6228        0.710526       -0.019461      
28.6228        0.789474       -0.021453      
28.6228        0.868421       -0.023411      
28.6228        0.947368       -0.0253351     
28.6228        1.02632        -0.0272254     
28.6228        1.10526        -0.0290819     
28.6228        1.18421        -0.0309048     
28.6228        1.26316        -0.0326943     
28.6228        1.34211        -0.0344506     
28.6228        1.42105        -0.0361736     
28.6228        1.5            -0.0378638     
28.812         0              0              
28.812         0.0789474      -0.00230179    
28.812         0.157895       -0.00457008    
28.812         0.236842       -0.00680477    
28.812         0.315789       -0.00900573    
28.812         0.394737       -0.0111729     
28.812         0.473684       -0.0133062     
28.812         0.552632       -0.0154057     
28.812         0.631579       -0.0174713     
28.812         0.710526       -0.019503      
28.812         0.789474       -0.0215009     
28.812         0.868421       -0.0234649     
28.812         0.947368       -0.0253953     
28.812         1.02632        -0.027292      
28.812         1.10526        -0.0291552     
28.812         1.18421        -0.0309849     
28.812         1.26316        -0.0327814     
28.812         1.34211        -0.0345448     
28.812         1.42105        -0.0362751     
28.812         1.5            -0.0379727     
29.0011        0              0              
29.0011        0.0789474      -0.00230512    
29.0011        0.157895       -0.00457705    
29.0011        0.236842       -0.00681565    
29.0011        0.315789       -0.00902081    
29.0011        0.394737       -0.0111924     
29.0011        0.473684       -0.0133305     
29.0011        0.552632       -0.0154349     
29.0011        0.631579       -0.0175057     
29.0011        0.710526       -0.0195428     
29.0011        0.789474       -0.0215463     
29.0011        0.868421       -0.0235163     
29.0011        0.947368       -0.0254527     
29.0011        1.02632        -0.0273556     
29.0011        1.10526        -0.0292252     
29.0011        1.18421        -0.0310616     
29.0011        1.26316        -0.0328648     
29.0011        1.34211        -0.034635      
29.0011        1.42105        -0.0363724     
29.0011        1.5            -0.0380772     
29.1903        0              0              
29.1903        0.0789474      -0.00230823    
29.1903        0.157895       -0.00458356    
29.1903        0.236842       -0.00682585    
29.1903        0.315789       -0.00903498    
29.1903        0.394737       -0.0112109     
29.1903        0.473684       -0.0133534     
29.1903        0.552632       -0.0154626     
29.1903        0.631579       -0.0175383     
29.1903        0.710526       -0.0195806     
29.1903        0.789474       -0.0215896     
29.1903        0.868421       -0.0235651     
29.1903        0.947368       -0.0255074     
29.1903        1.02632        -0.0274163     
29.1903        1.10526        -0.0292921     
29.1903        1.18421        -0.0311348     
29.1903        1.26316        -0.0329446     
29.1903        1.34211        -0.0347215     
29.1903        1.42105        -0.0364658     
29.1903        1.5            -0.0381775     
29.3795        0              0              
29.3795        0.0789474      -0.00231112    
29.3795        0.157895       -0.00458964    
29.3795        0.236842       -0.00683541    
29.3795        0.315789       -0.00904829    
29.3795        0.394737       -0.0112282     
29.3795        0.473684       -0.013375      
29.3795        0.552632       -0.0154887     
29.3795        0.631579       -0.0175692     
29.3795        0.710526       -0.0196165     
29.3795        0.789474       -0.0216306     
29.3795        0.868421       -0.0236116     
29.3795        0.947368       -0.0255594     
29.3795        1.02632        -0.0274742     
29.3795        1.10526        -0.029356      
29.3795        1.18421        -0.0312049     
29.3795        1.26316        -0.033021      
29.3795        1.34211        -0.0348044     
29.3795        1.42105        -0.0365553     
29.3795        1.5            -0.0382738     
29.5686        0              0              
29.5686        0.0789474      -0.0023138     
29.5686        0.157895       -0.0045953     
29.5686        0.236842       -0.00684434    
29.5686        0.315789       -0.00906076    
29.5686        0.394737       -0.0112445     
29.5686        0.473684       -0.0133953     
29.5686        0.552632       -0.0155133     
29.5686        0.631579       -0.0175984     
29.5686        0.710526       -0.0196505     
29.5686        0.789474       -0.0216696     
29.5686        0.868421       -0.0236558     
29.5686        0.947368       -0.025609      
29.5686        1.02632        -0.0275294     
29.5686        1.10526        -0.029417      
29.5686        1.18421        -0.0312718     
29.5686        1.26316        -0.033094      
29.5686        1.34211        -0.0348837     
29.5686        1.42105        -0.036641      
29.5686        1.5            -0.0383661     
29.7578        0              0              
29.7578        0.0789474      -0.00231629    
29.7578        0.157895       -0.00460056    
29.7578        0.236842       -0.00685266    
29.7578        0.315789       -0.00907242    
29.7578        0.394737       -0.0112597     
29.7578        0.473684       -0.0134145     
29.7578        0.552632       -0.0155366     
29.7578        0.631579       -0.017626      
29.7578        0.710526       -0.0196826     
29.7578        0.789474       -0.0217066     
29.7578        0.868421       -0.0236977     
29.7578        0.947368       -0.0256562     
29.7578        1.02632        -0.0275819     
29.7578        1.10526        -0.0294751     
29.7578        1.18421        -0.0313357     
29.7578        1.26316        -0.0331638     
29.7578        1.34211        -0.0349596     
29.7578        1.42105        -0.0367232     
29.7578        1.5            -0.0384547     
29.9469        0              0              
29.9469        0.0789474      -0.00231858    
29.9469        0.157895       -0.00460544    
29.9469        0.236842       -0.00686041    
29.9469        0.315789       -0.00908331    
29.9469        0.394737       -0.011274      
29.9469        0.473684       -0.0134324     
29.9469        0.552632       -0.0155584     
29.9469        0.631579       -0.017652      
29.9469        0.710526       -0.019713      
29.9469        0.789474       -0.0217415     
29.9469        0.868421       -0.0237375     
29.9469        0.947368       -0.025701      
29.9469        1.02632        -0.027632      
29.9469        1.10526        -0.0295305     
29.9469        1.18421        -0.0313967     
29.9469        1.26316        -0.0332305     
29.9469        1.34211        -0.0350322     
29.9469        1.42105        -0.0368019     
29.9469        1.5            -0.0385395     
30.1361        0              0              
30.1361        0.0789474      -0.00232068    
30.1361        0.157895       -0.00460995    
30.1361        0.236842       -0.0068676     
30.1361        0.315789       -0.00909346    
30.1361        0.394737       -0.0112874     
30.1361        0.473684       -0.0134493     
30.1361        0.552632       -0.015579      
30.1361        0.631579       -0.0176765     
30.1361        0.710526       -0.0197417     
30.1361        0.789474       -0.0217747     
30.1361        0.868421       -0.0237753     
30.1361        0.947368       -0.0257435     
30.1361        1.02632        -0.0276795     
30.1361        1.10526        -0.0295833     
30.1361        1.18421        -0.0314548     
30.1361        1.26316        -0.0332943     
30.1361        1.34211        -0.0351017     
30.1361        1.42105        -0.0368772     
30.1361        1.5            -0.0386208     
30.3253        0              0              
30.3253        0.0789474      -0.00232261    
30.3253        0.157895       -0.0046141     
30.3253        0.236842       -0.00687424    
30.3253        0.315789       -0.00910288    
30.3253        0.394737       -0.0112999     
30.3253        0.473684       -0.013465      
30.3253        0.552632       -0.0155983     
30.3253        0.631579       -0.0176996     
30.3253        0.710526       -0.0197688     
30.3253        0.789474       -0.021806      
30.3253        0.868421       -0.023811      
30.3253        0.947368       -0.0257839     
30.3253        1.02632        -0.0277247     
30.3253        1.10526        -0.0296335     
30.3253        1.18421        -0.0315103     
30.3253        1.26316        -0.0333551     
30.3253        1.34211        -0.035168      
30.3253        1.42105        -0.0369492     
30.3253        1.5            -0.0386987     
30.5144        0              0              
30.5144        0.0789474      -0.00232437    
30.5144        0.157895       -0.0046179     
30.5144        0.236842       -0.00688038    
30.5144        0.315789       -0.00911161    
30.5144        0.394737       -0.0113114     
30.5144        0.473684       -0.0134797     
30.5144        0.552632       -0.0156164     
30.5144        0.631579       -0.0177212     
30.5144        0.710526       -0.0197943     
30.5144        0.789474       -0.0218355     
30.5144        0.868421       -0.0238448     
30.5144        0.947368       -0.0258222     
30.5144        1.02632        -0.0277677     
30.5144        1.10526        -0.0296813     
30.5144        1.18421        -0.0315631     
30.5144        1.26316        -0.0334131     
30.5144        1.34211        -0.0352314     
30.5144        1.42105        -0.0370181     
30.5144        1.5            -0.0387733     
30.7036        0              0              
30.7036        0.0789474      -0.00232596    
30.7036        0.157895       -0.00462137    
30.7036        0.236842       -0.00688601    
30.7036        0.315789       -0.00911967    
30.7036        0.394737       -0.0113222     
30.7036        0.473684       -0.0134934     
30.7036        0.552632       -0.0156333     
30.7036        0.631579       -0.0177416     
30.7036        0.710526       -0.0198183     
30.7036        0.789474       -0.0218634     
30.7036        0.868421       -0.0238767     
30.7036        0.947368       -0.0258584     
30.7036        1.02632        -0.0278084     
30.7036        1.10526        -0.0297267     
30.7036        1.18421        -0.0316133     
30.7036        1.26316        -0.0334683     
30.7036        1.34211        -0.0352919     
30.7036        1.42105        -0.0370839     
30.7036        1.5            -0.0388447     
30.8927        0              0              
30.8927        0.0789474      -0.00232739    
30.8927        0.157895       -0.00462452    
30.8927        0.236842       -0.00689116    
30.8927        0.315789       -0.00912709    
30.8927        0.394737       -0.0113321     
30.8927        0.473684       -0.0135062     
30.8927        0.552632       -0.015649      
30.8927        0.631579       -0.0177606     
30.8927        0.710526       -0.0198408     
30.8927        0.789474       -0.0218896     
30.8927        0.868421       -0.0239069     
30.8927        0.947368       -0.0258927     
30.8927        1.02632        -0.027847      
30.8927        1.10526        -0.0297698     
30.8927        1.18421        -0.0316611     
30.8927        1.26316        -0.033521      
30.8927        1.34211        -0.0353496     
30.8927        1.42105        -0.0371468     
30.8927        1.5            -0.0389129     
31.0819        0              0              
31.0819        0.0789474      -0.00232867    
31.0819        0.157895       -0.00462737    
31.0819        0.236842       -0.00689584    
31.0819        0.315789       -0.00913389    
31.0819        0.394737       -0.0113413     
31.0819        0.473684       -0.013518      
31.0819        0.552632       -0.0156637     
31.0819        0.631579       -0.0177783     
31.0819        0.710526       -0.0198619     
31.0819        0.789474       -0.0219142     
31.0819        0.868421       -0.0239353     
31.0819        0.947368       -0.025925      
31.0819        1.02632        -0.0278835     
31.0819        1.10526        -0.0298106     
31.0819        1.18421        -0.0317065     
31.0819        1.26316        -0.0335711     
31.0819        1.34211        -0.0354045     
31.0819        1.42105        -0.0372069     
31.0819        1.5            -0.0389781     
31.271         0              0              
31.271         0.0789474      -0.0023298     
31.271         0.157895       -0.00462992    
31.271         0.236842       -0.00690008    
31.271         0.315789       -0.00914009    
31.271         0.394737       -0.0113497     
31.271         0.473684       -0.0135288     
31.271         0.552632       -0.0156773     
31.271         0.631579       -0.0177949     
31.271         0.710526       -0.0198816     
31.271         0.789474       -0.0219373     
31.271         0.868421       -0.023962      
31.271         0.947368       -0.0259555     
31.271         1.02632        -0.027918      
31.271         1.10526        -0.0298494     
31.271         1.18421        -0.0317496     
31.271         1.26316        -0.0336188     
31.271         1.34211        -0.0354569     
31.271         1.42105        -0.0372641     
31.271         1.5            -0.0390404     
31.4602        0              0              
31.4602        0.0789474      -0.00233079    
31.4602        0.157895       -0.00463218    
31.4602        0.236842       -0.00690389    
31.4602        0.315789       -0.00914571    
31.4602        0.394737       -0.0113574     
31.4602        0.473684       -0.0135388     
31.4602        0.552632       -0.0156898     
31.4602        0.631579       -0.0178102     
31.4602        0.710526       -0.0199        
31.4602        0.789474       -0.0219589     
31.4602        0.868421       -0.0239871     
31.4602        0.947368       -0.0259843     
31.4602        1.02632        -0.0279506     
31.4602        1.10526        -0.029886      
31.4602        1.18421        -0.0317905     
31.4602        1.26316        -0.033664      
31.4602        1.34211        -0.0355068     
31.4602        1.42105        -0.0373187     
31.4602        1.5            -0.0390999     
31.6494        0              0              
31.6494        0.0789474      -0.00233165    
31.6494        0.157895       -0.00463416    
31.6494        0.236842       -0.00690728    
31.6494        0.315789       -0.00915077    
31.6494        0.394737       -0.0113644     
31.6494        0.473684       -0.013548      
31.6494        0.552632       -0.0157014     
31.6494        0.631579       -0.0178245     
31.6494        0.710526       -0.0199171     
31.6494        0.789474       -0.0219791     
31.6494        0.868421       -0.0240106     
31.6494        0.947368       -0.0260113     
31.6494        1.02632        -0.0279813     
31.6494        1.10526        -0.0299206     
31.6494        1.18421        -0.0318292     
31.6494        1.26316        -0.033707      
31.6494        1.34211        -0.0355542     
31.6494        1.42105        -0.0373707     
31.6494        1.5            -0.0391566     
31.8385        0              0              
31.8385        0.0789474      -0.00233237    
31.8385        0.157895       -0.00463588    
31.8385        0.236842       -0.00691027    
31.8385        0.315789       -0.00915529    
31.8385        0.394737       -0.0113707     
31.8385        0.473684       -0.0135564     
31.8385        0.552632       -0.015712      
31.8385        0.631579       -0.0178376     
31.8385        0.710526       -0.019933      
31.8385        0.789474       -0.021998      
31.8385        0.868421       -0.0240326     
31.8385        0.947368       -0.0260367     
31.8385        1.02632        -0.0280103     
31.8385        1.10526        -0.0299533     
31.8385        1.18421        -0.0318658     
31.8385        1.26316        -0.0337477     
31.8385        1.34211        -0.0355992     
31.8385        1.42105        -0.0374202     
31.8385        1.5            -0.0392107     
32.0277        0              0              
32.0277        0.0789474      -0.00233296    
32.0277        0.157895       -0.00463735    
32.0277        0.236842       -0.00691288    
32.0277        0.315789       -0.0091593     
32.0277        0.394737       -0.0113764     
32.0277        0.473684       -0.0135639     
32.0277        0.552632       -0.0157217     
32.0277        0.631579       -0.0178497     
32.0277        0.710526       -0.0199476     
32.0277        0.789474       -0.0220155     
32.0277        0.868421       -0.0240531     
32.0277        0.947368       -0.0260604     
32.0277        1.02632        -0.0280374     
32.0277        1.10526        -0.0299841     
32.0277        1.18421        -0.0319004     
32.0277        1.26316        -0.0337863     
32.0277        1.34211        -0.0356419     
32.0277        1.42105        -0.0374672     
32.0277        1.5            -0.0392622     
32.2168        0              0              
32.2168        0.0789474      -0.00233343    
32.2168        0.157895       -0.00463856    
32.2168        0.236842       -0.00691511    
32.2168        0.315789       -0.0091628     
32.2168        0.394737       -0.0113814     
32.2168        0.473684       -0.0135707     
32.2168        0.552632       -0.0157306     
32.2168        0.631579       -0.0178607     
32.2168        0.710526       -0.0199612     
32.2168        0.789474       -0.0220317     
32.2168        0.868421       -0.0240722     
32.2168        0.947368       -0.0260826     
32.2168        1.02632        -0.0280629     
32.2168        1.10526        -0.0300131     
32.2168        1.18421        -0.031933      
32.2168        1.26316        -0.0338228     
32.2168        1.34211        -0.0356824     
32.2168        1.42105        -0.0375119     
32.2168        1.5            -0.0393112     
32.406         0              0              
32.406         0.0789474      -0.00233378    
32.406         0.157895       -0.00463954    
32.406         0.236842       -0.00691698    
32.406         0.315789       -0.00916582    
32.406         0.394737       -0.0113858     
32.406         0.473684       -0.0135768     
32.406         0.552632       -0.0157385     
32.406         0.631579       -0.0178708     
32.406         0.710526       -0.0199736     
32.406         0.789474       -0.0220466     
32.406         0.868421       -0.0240899     
32.406         0.947368       -0.0261033     
32.406         1.02632        -0.0280868     
32.406         1.10526        -0.0300403     
32.406         1.18421        -0.0319638     
32.406         1.26316        -0.0338573     
32.406         1.34211        -0.0357207     
32.406         1.42105        -0.0375542     
32.406         1.5            -0.0393578     
32.5952        0              0              
32.5952        0.0789474      -0.00233402    
32.5952        0.157895       -0.00464029    
32.5952        0.236842       -0.0069185     
32.5952        0.315789       -0.00916838    
32.5952        0.394737       -0.0113897     
32.5952        0.473684       -0.0135822     
32.5952        0.552632       -0.0157456     
32.5952        0.631579       -0.0178799     
32.5952        0.710526       -0.0199849     
32.5952        0.789474       -0.0220604     
32.5952        0.868421       -0.0241063     
32.5952        0.947368       -0.0261225     
32.5952        1.02632        -0.028109      
32.5952        1.10526        -0.0300658     
32.5952        1.18421        -0.0319927     
32.5952        1.26316        -0.0338897     
32.5952        1.34211        -0.035757      
32.5952        1.42105        -0.0375944     
32.5952        1.5            -0.039402      
32.7843        0              0              
32.7843        0.0789474      -0.00233415    
32.7843        0.157895       -0.00464082    
32.7843        0.236842       -0.00691969    
32.7843        0.315789       -0.00917048    
32.7843        0.394737       -0.0113929     
32.7843        0.473684       -0.0135868     
32.7843        0.552632       -0.0157519     
32.7843        0.631579       -0.0178881     
32.7843        0.710526       -0.0199952     
32.7843        0.789474       -0.022073      
32.7843        0.868421       -0.0241214     
32.7843        0.947368       -0.0261403     
32.7843        1.02632        -0.0281298     
32.7843        1.10526        -0.0300896     
32.7843        1.18421        -0.0320198     
32.7843        1.26316        -0.0339203     
32.7843        1.34211        -0.0357912     
32.7843        1.42105        -0.0376324     
32.7843        1.5            -0.039444      
32.9735        0              0              
32.9735        0.0789474      -0.00233417    
32.9735        0.157895       -0.00464113    
32.9735        0.236842       -0.00692055    
32.9735        0.315789       -0.00917215    
32.9735        0.394737       -0.0113957     
32.9735        0.473684       -0.0135908     
32.9735        0.552632       -0.0157575     
32.9735        0.631579       -0.0178954     
32.9735        0.710526       -0.0200044     
32.9735        0.789474       -0.0220844     
32.9735        0.868421       -0.0241352     
32.9735        0.947368       -0.0261568     
32.9735        1.02632        -0.028149      
32.9735        1.10526        -0.0301118     
32.9735        1.18421        -0.0320452     
32.9735        1.26316        -0.033949      
32.9735        1.34211        -0.0358234     
32.9735        1.42105        -0.0376683     
32.9735        1.5            -0.0394838     
33.1626        0              0              
33.1626        0.0789474      -0.00233409    
33.1626        0.157895       -0.00464123    
33.1626        0.236842       -0.0069211     
33.1626        0.315789       -0.00917339    
33.1626        0.394737       -0.0113978     
33.1626        0.473684       -0.0135942     
33.1626        0.552632       -0.0157623     
33.1626        0.631579       -0.0179018     
33.1626        0.710526       -0.0200127     
33.1626        0.789474       -0.0220948     
33.1626        0.868421       -0.0241479     
33.1626        0.947368       -0.0261719     
33.1626        1.02632        -0.0281668     
33.1626        1.10526        -0.0301325     
33.1626        1.18421        -0.0320689     
33.1626        1.26316        -0.033976      
33.1626        1.34211        -0.0358538     
33.1626        1.42105        -0.0377022     
33.1626        1.5            -0.0395214     
33.3518        0              0              
33.3518        0.0789474      -0.00233391    
33.3518        0.157895       -0.00464114    
33.3518        0.236842       -0.00692135    
33.3518        0.315789       -0.00917423    
33.3518        0.394737       -0.0113995     
33.3518        0.473684       -0.013597      
33.3518        0.552632       -0.0157663     
33.3518        0.631579       -0.0179074     
33.3518        0.710526       -0.0200201     
33.3518        0.789474       -0.0221041     
33.3518        0.868421       -0.0241594     
33.3518        0.947368       -0.0261858     
33.3518        1.02632        -0.0281832     
33.3518        1.10526        -0.0301516     
33.3518        1.18421        -0.032091      
33.3518        1.26316        -0.0340012     
33.3518        1.34211        -0.0358823     
33.3518        1.42105        -0.0377342     
33.3518        1.5            -0.0395569     
33.5409        0              0              
33.5409        0.0789474      -0.00233364    
33.5409        0.157895       -0.00464085    
33.5409        0.236842       -0.0069213     
33.5409        0.315789       -0.00917468    
33.5409        0.394737       -0.0114007     
33.5409        0.473684       -0.0135991     
33.5409        0.552632       -0.0157697     
33.5409        0.631579       -0.0179122     
33.5409        0.710526       -0.0200265     
33.5409        0.789474       -0.0221124     
33.5409        0.868421       -0.0241697     
33.5409        0.947368       -0.0261984     
33.5409        1.02632        -0.0281983     
33.5409        1.10526        -0.0301693     
33.5409        1.18421        -0.0321115     
33.5409        1.26316        -0.0340247     
33.5409        1.34211        -0.035909      
33.5409        1.42105        -0.0377642     
33.5409        1.5            -0.0395905     
33.7301        0              0              
33.7301        0.0789474      -0.00233327    
33.7301        0.157895       -0.00464038    
33.7301        0.236842       -0.00692098    
33.7301        0.315789       -0.00917475    
33.7301        0.394737       -0.0114014     
33.7301        0.473684       -0.0136007     
33.7301        0.552632       -0.0157724     
33.7301        0.631579       -0.0179162     
33.7301        0.710526       -0.020032      
33.7301        0.789474       -0.0221196     
33.7301        0.868421       -0.0241789     
33.7301        0.947368       -0.0262098     
33.7301        1.02632        -0.028212      
33.7301        1.10526        -0.0301856     
33.7301        1.18421        -0.0321305     
33.7301        1.26316        -0.0340466     
33.7301        1.34211        -0.0359339     
33.7301        1.42105        -0.0377924     
33.7301        1.5            -0.039622      
33.9193        0              0              
33.9193        0.0789474      -0.00233282    
33.9193        0.157895       -0.00463973    
33.9193        0.236842       -0.00692038    
33.9193        0.315789       -0.00917446    
33.9193        0.394737       -0.0114017     
33.9193        0.473684       -0.0136017     
33.9193        0.552632       -0.0157744     
33.9193        0.631579       -0.0179194     
33.9193        0.710526       -0.0200367     
33.9193        0.789474       -0.022126      
33.9193        0.868421       -0.0241871     
33.9193        0.947368       -0.02622       
33.9193        1.02632        -0.0282245     
33.9193        1.10526        -0.0302005     
33.9193        1.18421        -0.032148      
33.9193        1.26316        -0.0340669     
33.9193        1.34211        -0.0359572     
33.9193        1.42105        -0.0378188     
33.9193        1.5            -0.0396517     
34.1084        0              0              
34.1084        0.0789474      -0.00233228    
34.1084        0.157895       -0.0046389     
34.1084        0.236842       -0.00691952    
34.1084        0.315789       -0.00917381    
34.1084        0.394737       -0.0114015     
34.1084        0.473684       -0.0136022     
34.1084        0.552632       -0.0157758     
34.1084        0.631579       -0.017922      
34.1084        0.710526       -0.0200406     
34.1084        0.789474       -0.0221314     
34.1084        0.868421       -0.0241943     
34.1084        0.947368       -0.0262291     
34.1084        1.02632        -0.0282358     
34.1084        1.10526        -0.0302141     
34.1084        1.18421        -0.0321641     
34.1084        1.26316        -0.0340857     
34.1084        1.34211        -0.0359788     
34.1084        1.42105        -0.0378434     
34.1084        1.5            -0.0396795     
34.2976        0              0              
34.2976        0.0789474      -0.00233165    
34.2976        0.157895       -0.00463791    
34.2976        0.236842       -0.00691841    
34.2976        0.315789       -0.00917281    
34.2976        0.394737       -0.0114008     
34.2976        0.473684       -0.0136021     
34.2976        0.552632       -0.0157765     
34.2976        0.631579       -0.0179238     
34.2976        0.710526       -0.0200436     
34.2976        0.789474       -0.0221359     
34.2976        0.868421       -0.0242004     
34.2976        0.947368       -0.0262371     
34.2976        1.02632        -0.0282458     
34.2976        1.10526        -0.0302264     
34.2976        1.18421        -0.0321788     
34.2976        1.26316        -0.034103      
34.2976        1.34211        -0.0359989     
34.2976        1.42105        -0.0378664     
34.2976        1.5            -0.0397056     
34.4867        0              0              
34.4867        0.0789474      -0.00233095    
34.4867        0.157895       -0.00463676    
34.4867        0.236842       -0.00691705    
34.4867        0.315789       -0.00917149    
34.4867        0.394737       -0.0113998     
34.4867        0.473684       -0.0136016     
34.4867        0.552632       -0.0157767     
34.4867        0.631579       -0.0179249     
34.4867        0.710526       -0.0200459     
34.4867        0.789474       -0.0221395     
34.4867        0.868421       -0.0242056     
34.4867        0.947368       -0.0262441     
34.4867        1.02632        -0.0282547     
34.4867        1.10526        -0.0302375     
34.4867        1.18421        -0.0321922     
34.4867        1.26316        -0.0341188     
34.4867        1.34211        -0.0360174     
34.4867        1.42105        -0.0378877     
34.4867        1.5            -0.0397299     
34.6759        0              0              
34.6759        0.0789474      -0.00233017    
34.6759        0.157895       -0.00463545    
34.6759        0.236842       -0.00691546    
34.6759        0.315789       -0.00916985    
34.6759        0.394737       -0.0113983     
34.6759        0.473684       -0.0136006     
34.6759        0.552632       -0.0157763     
34.6759        0.631579       -0.0179253     
34.6759        0.710526       -0.0200474     
34.6759        0.789474       -0.0221423     
34.6759        0.868421       -0.0242099     
34.6759        0.947368       -0.02625       
34.6759        1.02632        -0.0282625     
34.6759        1.10526        -0.0302473     
34.6759        1.18421        -0.0322042     
34.6759        1.26316        -0.0341333     
34.6759        1.34211        -0.0360344     
34.6759        1.42105        -0.0379075     
34.6759        1.5            -0.0397525     
34.8651        0              0              
34.8651        0.0789474      -0.00232932    
34.8651        0.157895       -0.00463399    
34.8651        0.236842       -0.00691363    
34.8651        0.315789       -0.0091679     
34.8651        0.394737       -0.0113965     
34.8651        0.473684       -0.013599      
34.8651        0.552632       -0.0157754     
34.8651        0.631579       -0.0179251     
34.8651        0.710526       -0.0200482     
34.8651        0.789474       -0.0221443     
34.8651        0.868421       -0.0242133     
34.8651        0.947368       -0.0262549     
34.8651        1.02632        -0.0282692     
34.8651        1.10526        -0.0302559     
34.8651        1.18421        -0.032215      
34.8651        1.26316        -0.0341464     
34.8651        1.34211        -0.0360499     
34.8651        1.42105        -0.0379256     
34.8651        1.5            -0.0397735     
35.0542        0              0              
35.0542        0.0789474      -0.00232839    
35.0542        0.157895       -0.00463238    
35.0542        0.236842       -0.00691159    
35.0542        0.315789       -0.00916566    
35.0542        0.394737       -0.0113943     
35.0542        0.473684       -0.0135971     
35.0542        0.552632       -0.0157739     
35.0542        0.631579       -0.0179243     
35.0542        0.710526       -0.0200483     
35.0542        0.789474       -0.0221455     
35.0542        0.868421       -0.0242157     
35.0542        0.947368       -0.0262589     
35.0542        1.02632        -0.0282749     
35.0542        1.10526        -0.0302634     
35.0542        1.18421        -0.0322246     
35.0542        1.26316        -0.0341581     
35.0542        1.34211        -0.0360641     
35.0542        1.42105        -0.0379423     
35.0542        1.5            -0.0397929     
35.2434        0              0              
35.2434        0.0789474      -0.0023274     
35.2434        0.157895       -0.00463064    
35.2434        0.236842       -0.00690933    
35.2434        0.315789       -0.00916312    
35.2434        0.394737       -0.0113917     
35.2434        0.473684       -0.0135947     
35.2434        0.552632       -0.0157718     
35.2434        0.631579       -0.0179229     
35.2434        0.710526       -0.0200477     
35.2434        0.789474       -0.0221459     
35.2434        0.868421       -0.0242174     
35.2434        0.947368       -0.0262619     
35.2434        1.02632        -0.0282795     
35.2434        1.10526        -0.0302698     
35.2434        1.18421        -0.0322329     
35.2434        1.26316        -0.0341686     
35.2434        1.34211        -0.0360768     
35.2434        1.42105        -0.0379575     
35.2434        1.5            -0.0398107     
35.4325        0              0              
35.4325        0.0789474      -0.00232634    
35.4325        0.157895       -0.00462876    
35.4325        0.236842       -0.00690687    
35.4325        0.315789       -0.00916031    
35.4325        0.394737       -0.0113887     
35.4325        0.473684       -0.0135918     
35.4325        0.552632       -0.0157693     
35.4325        0.631579       -0.0179209     
35.4325        0.710526       -0.0200464     
35.4325        0.789474       -0.0221456     
35.4325        0.868421       -0.0242182     
35.4325        0.947368       -0.0262641     
35.4325        1.02632        -0.0282831     
35.4325        1.10526        -0.0302752     
35.4325        1.18421        -0.0322401     
35.4325        1.26316        -0.0341778     
35.4325        1.34211        -0.0360883     
35.4325        1.42105        -0.0379714     
35.4325        1.5            -0.0398271     
35.6217        0              0              
35.6217        0.0789474      -0.00232521    
35.6217        0.157895       -0.00462675    
35.6217        0.236842       -0.00690421    
35.6217        0.315789       -0.00915723    
35.6217        0.394737       -0.0113855     
35.6217        0.473684       -0.0135886     
35.6217        0.552632       -0.0157663     
35.6217        0.631579       -0.0179184     
35.6217        0.710526       -0.0200445     
35.6217        0.789474       -0.0221445     
35.6217        0.868421       -0.0242182     
35.6217        0.947368       -0.0262653     
35.6217        1.02632        -0.0282858     
35.6217        1.10526        -0.0302795     
35.6217        1.18421        -0.0322462     
35.6217        1.26316        -0.0341859     
35.6217        1.34211        -0.0360984     
35.6217        1.42105        -0.0379838     
35.6217        1.5            -0.0398419     
35.8108        0              0              
35.8108        0.0789474      -0.00232402    
35.8108        0.157895       -0.00462461    
35.8108        0.236842       -0.00690136    
35.8108        0.315789       -0.00915389    
35.8108        0.394737       -0.0113819     
35.8108        0.473684       -0.0135849     
35.8108        0.552632       -0.0157628     
35.8108        0.631579       -0.0179153     
35.8108        0.710526       -0.020042      
35.8108        0.789474       -0.0221428     
35.8108        0.868421       -0.0242174     
35.8108        0.947368       -0.0262657     
35.8108        1.02632        -0.0282875     
35.8108        1.10526        -0.0302827     
35.8108        1.18421        -0.0322512     
35.8108        1.26316        -0.0341927     
35.8108        1.34211        -0.0361073     
35.8108        1.42105        -0.0379949     
35.8108        1.5            -0.0398554     
36             0              0              
36             0.0789474      -0.00232277    
36             0.157895       -0.00462235    
36             0.236842       -0.00689832    
36             0.315789       -0.00915029    
36             0.394737       -0.0113779     
36             0.473684       -0.0135809     
36             0.552632       -0.0157589     
36             0.631579       -0.0179116     
36             0.710526       -0.0200389     
36             0.789474       -0.0221403     
36             0.868421       -0.0242159     
36             0.947368       -0.0262653     
36             1.02632        -0.0282884     
36             1.10526        -0.030285      
36             1.18421        -0.0322551     
36             1.26316        -0.0341984     
36             1.34211        -0.036115      
36             1.42105        -0.0380047     
36             1.5            -0.0398675     
