17.2733   36        100       0         1.5       20        
17.2733        0              0              
17.2733        0.0789474      1.30521e-05    
17.2733        0.157895       2.59924e-05    
17.2733        0.236842       3.88198e-05    
17.2733        0.315789       5.15334e-05    
17.2733        0.394737       6.41324e-05    
17.2733        0.473684       7.6616e-05     
17.2733        0.552632       8.89838e-05    
17.2733        0.631579       0.000101235    
17.2733        0.710526       0.000113369    
17.2733        0.789474       0.000125387    
17.2733        0.868421       0.000137287    
17.2733        0.947368       0.000149069    
17.2733        1.02632        0.000160734    
17.2733        1.10526        0.000172281    
17.2733        1.18421        0.000183711    
17.2733        1.26316        0.000195023    
17.2733        1.34211        0.000206218    
17.2733        1.42105        0.000217297    
17.2733        1.5            0.000228258    
17.4625        0              0              
17.4625        0.0789474      0.000384782    
17.4625        0.157895       0.000767768    
17.4625        0.236842       0.00114887     
17.4625        0.315789       0.00152799     
17.4625        0.394737       0.00190506     
17.4625        0.473684       0.00228        
17.4625        0.552632       0.00265273     
17.4625        0.631579       0.0030232      
17.4625        0.710526       0.00339133     
17.4625        0.789474       0.00375706     
17.4625        0.868421       0.00412035     
17.4625        0.947368       0.00448115     
17.4625        1.02632        0.0048394      
17.4625        1.10526        0.00519506     
17.4625        1.18421        0.0055481      
17.4625        1.26316        0.00589847     
17.4625        1.34211        0.00624614     
17.4625        1.42105        0.00659109     
17.4625        1.5            0.00693329     
17.6516        0              0              
17.6516        0.0789474      0.00040665     
17.6516        0.157895       0.000812782    
17.6516        0.236842       0.00121824     
17.6516        0.315789       0.00162289     
17.6516        0.394737       0.00202659     
17.6516        0.473684       0.0024292      
17.6516        0.552632       0.00283061     
17.6516        0.631579       0.00323069     
17.6516        0.710526       0.00362933     
17.6516        0.789474       0.00402642     
17.6516        0.868421       0.00442187     
17.6516        0.947368       0.00481558     
17.6516        1.02632        0.00520745     
17.6516        1.10526        0.00559741     
17.6516        1.18421        0.00598538     
17.6516        1.26316        0.00637127     
17.6516        1.34211        0.00675501     
17.6516        1.42105        0.00713655     
17.6516        1.5            0.00751582     
17.8408        0              0              
17.8408        0.0789474      0.000372938    
17.8408        0.157895       0.000747052    
17.8408        0.236842       0.00112214     
17.8408        0.315789       0.001498       
17.8408        0.394737       0.00187445     
17.8408        0.473684       0.00225131     
17.8408        0.552632       0.0026284      
17.8408        0.631579       0.00300556     
17.8408        0.710526       0.00338263     
17.8408        0.789474       0.00375947     
17.8408        0.868421       0.00413592     
17.8408        0.947368       0.00451186     
17.8408        1.02632        0.00488714     
17.8408        1.10526        0.00526165     
17.8408        1.18421        0.00563526     
17.8408        1.26316        0.00600786     
17.8408        1.34211        0.00637934     
17.8408        1.42105        0.00674961     
17.8408        1.5            0.00711856     
18.03          0              0              
18.03          0.0789474      0.000312716    
18.03          0.157895       0.000628465    
18.03          0.236842       0.000946998    
18.03          0.315789       0.00126807     
18.03          0.394737       0.00159145     
18.03          0.473684       0.00191691     
18.03          0.552632       0.00224423     
18.03          0.631579       0.00257321     
18.03          0.710526       0.00290364     
18.03          0.789474       0.00323534     
18.03          0.868421       0.00356812     
18.03          0.947368       0.0039018      
18.03          1.02632        0.00423621     
18.03          1.10526        0.00457119     
18.03          1.18421        0.00490658     
18.03          1.26316        0.00524223     
18.03          1.34211        0.00557801     
18.03          1.42105        0.00591377     
18.03          1.5            0.00624938     
18.2191        0              0              
18.2191        0.0789474      0.000237164    
18.2191        0.157895       0.000479288    
18.2191        0.236842       0.000726079    
18.2191        0.315789       0.00097725     
18.2191        0.394737       0.00123252     
18.2191        0.473684       0.00149164     
18.2191        0.552632       0.00175433     
18.2191        0.631579       0.00202035     
18.2191        0.710526       0.00228946     
18.2191        0.789474       0.00256144     
18.2191        0.868421       0.00283605     
18.2191        0.947368       0.00311308     
18.2191        1.02632        0.00339233     
18.2191        1.10526        0.0036736      
18.2191        1.18421        0.00395669     
18.2191        1.26316        0.00424142     
18.2191        1.34211        0.00452762     
18.2191        1.42105        0.00481511     
18.2191        1.5            0.00510373     
18.4083        0              0              
18.4083        0.0789474      0.000151953    
18.4083        0.157895       0.000310816    
18.4083        0.236842       0.000476253    
18.4083        0.315789       0.000647938    
18.4083        0.394737       0.000825556    
18.4083        0.473684       0.0010088      
18.4083        0.552632       0.00119738     
18.4083        0.631579       0.001391       
18.4083        0.710526       0.00158939     
18.4083        0.789474       0.00179228     
18.4083        0.868421       0.00199941     
18.4083        0.947368       0.00221054     
18.4083        1.02632        0.00242541     
18.4083        1.10526        0.0026438      
18.4083        1.18421        0.00286549     
18.4083        1.26316        0.00309025     
18.4083        1.34211        0.00331787     
18.4083        1.42105        0.00354816     
18.4083        1.5            0.00378092     
18.5974        0              0              
18.5974        0.0789474      6.04013e-05    
18.5974        0.157895       0.000129656    
18.5974        0.236842       0.000207391    
18.5974        0.315789       0.000293242    
18.5974        0.394737       0.000386859    
18.5974        0.473684       0.000487899    
18.5974        0.552632       0.000596031    
18.5974        0.631579       0.000710932    
18.5974        0.710526       0.000832292    
18.5974        0.789474       0.000959807    
18.5974        0.868421       0.00109319     
18.5974        0.947368       0.00123215     
18.5974        1.02632        0.00137641     
18.5974        1.10526        0.00152571     
18.5974        1.18421        0.0016798      
18.5974        1.26316        0.00183842     
18.5974        1.34211        0.00200134     
18.5974        1.42105        0.00216832     
18.5974        1.5            0.00233913     
18.7866        0              0              
18.7866        0.0789474      -3.53718e-05   
18.7866        0.157895       -5.99683e-05   
18.7866        0.236842       -7.41978e-05   
18.7866        0.315789       -7.84576e-05   
18.7866        0.394737       -7.3134e-05    
18.7866        0.473684       -5.86028e-05   
18.7866        0.552632       -3.52291e-05   
18.7866        0.631579       -3.36766e-06   
18.7866        0.710526       3.66369e-05    
18.7866        0.789474       8.44501e-05    
18.7866        0.868421       0.000139747    
18.7866        0.947368       0.000202213    
18.7866        1.02632        0.000271542    
18.7866        1.10526        0.000347438    
18.7866        1.18421        0.000429614    
18.7866        1.26316        0.000517791    
18.7866        1.34211        0.000611699    
18.7866        1.42105        0.000711079    
18.7866        1.5            0.000815675    
18.9758        0              0              
18.9758        0.0789474      -0.00013393    
18.9758        0.157895       -0.000255194   
18.9758        0.236842       -0.000364233   
18.9758        0.315789       -0.000461477   
18.9758        0.394737       -0.000547344   
18.9758        0.473684       -0.000622241   
18.9758        0.552632       -0.000686566   
18.9758        0.631579       -0.000740703   
18.9758        0.710526       -0.000785029   
18.9758        0.789474       -0.000819909   
18.9758        0.868421       -0.000845697   
18.9758        0.947368       -0.000862738   
18.9758        1.02632        -0.000871367   
18.9758        1.10526        -0.000871911   
18.9758        1.18421        -0.000864684   
18.9758        1.26316        -0.000849993   
18.9758        1.34211        -0.000828137   
18.9758        1.42105        -0.000799404   
18.9758        1.5            -0.000764075   
19.1649        0              0              
19.1649        0.0789474      -0.000234256   
19.1649        0.157895       -0.000453994   
19.1649        0.236842       -0.000659686   
19.1649        0.315789       -0.00085179    
19.1649        0.394737       -0.00103076    
19.1649        0.473684       -0.00119702    
19.1649        0.552632       -0.00135101    
19.1649        0.631579       -0.00149314    
19.1649        0.710526       -0.00162381    
19.1649        0.789474       -0.00174343    
19.1649        0.868421       -0.00185236    
19.1649        0.947368       -0.00195099    
19.1649        1.02632        -0.00203967    
19.1649        1.10526        -0.00211877    
19.1649        1.18421        -0.00218861    
19.1649        1.26316        -0.00224955    
19.1649        1.34211        -0.0023019     
19.1649        1.42105        -0.00234598    
19.1649        1.5            -0.00238208    
19.3541        0              0              
19.3541        0.0789474      -0.000335608   
19.3541        0.157895       -0.00065489    
19.3541        0.236842       -0.000958344   
19.3541        0.315789       -0.00124646    
19.3541        0.394737       -0.00151971    
19.3541        0.473684       -0.00177856    
19.3541        0.552632       -0.00202347    
19.3541        0.631579       -0.00225487    
19.3541        0.710526       -0.00247321    
19.3541        0.789474       -0.00267889    
19.3541        0.868421       -0.00287234    
19.3541        0.947368       -0.00305394    
19.3541        1.02632        -0.0032241     
19.3541        1.10526        -0.00338319    
19.3541        1.18421        -0.00353157    
19.3541        1.26316        -0.00366961    
19.3541        1.34211        -0.00379765    
19.3541        1.42105        -0.00391605    
19.3541        1.5            -0.00402512    
19.5432        0              0              
19.5432        0.0789474      -0.000437434   
19.5432        0.157895       -0.000856777   
19.5432        0.236842       -0.00125855    
19.5432        0.315789       -0.00164328    
19.5432        0.394737       -0.00201146    
19.5432        0.473684       -0.00236358    
19.5432        0.552632       -0.00270012    
19.5432        0.631579       -0.00302156    
19.5432        0.710526       -0.00332834    
19.5432        0.789474       -0.00362091    
19.5432        0.868421       -0.00389972    
19.5432        0.947368       -0.00416517    
19.5432        1.02632        -0.0044177     
19.5432        1.10526        -0.0046577     
19.5432        1.18421        -0.00488557    
19.5432        1.26316        -0.00510169    
19.5432        1.34211        -0.00530643    
19.5432        1.42105        -0.00550016    
19.5432        1.5            -0.00568323    
19.7324        0              0              
19.7324        0.0789474      -0.00053931    
19.7324        0.157895       -0.00105881    
19.7324        0.236842       -0.00155906    
19.7324        0.315789       -0.00204058    
19.7324        0.394737       -0.00250392    
19.7324        0.473684       -0.00294958    
19.7324        0.552632       -0.00337806    
19.7324        0.631579       -0.00378987    
19.7324        0.710526       -0.00418547    
19.7324        0.789474       -0.00456535    
19.7324        0.868421       -0.00492996    
19.7324        0.947368       -0.00527975    
19.7324        1.02632        -0.00561516    
19.7324        1.10526        -0.00593661    
19.7324        1.18421        -0.00624453    
19.7324        1.26316        -0.00653931    
19.7324        1.34211        -0.00682136    
19.7324        1.42105        -0.00709106    
19.7324        1.5            -0.00734878    
19.9215        0              0              
19.9215        0.0789474      -0.000640913   
19.9215        0.157895       -0.00126035    
19.9215        0.236842       -0.00185888    
19.9215        0.315789       -0.00243707    
19.9215        0.394737       -0.00299547    
19.9215        0.473684       -0.00353462    
19.9215        0.552632       -0.00405503    
19.9215        0.631579       -0.00455724    
19.9215        0.710526       -0.00504174    
19.9215        0.789474       -0.00550902    
19.9215        0.868421       -0.00595957    
19.9215        0.947368       -0.00639386    
19.9215        1.02632        -0.00681234    
19.9215        1.10526        -0.00721548    
19.9215        1.18421        -0.0076037     
19.9215        1.26316        -0.00797743    
19.9215        1.34211        -0.0083371     
19.9215        1.42105        -0.00868311    
19.9215        1.5            -0.00901586    
20.1107        0              0              
20.1107        0.0789474      -0.00074199    
20.1107        0.157895       -0.00146088    
20.1107        0.236842       -0.00215727    
20.1107        0.315789       -0.00283174    
20.1107        0.394737       -0.00348486    
20.1107        0.473684       -0.00411719    
20.1107        0.552632       -0.00472928    
20.1107        0.631579       -0.00532166    
20.1107        0.710526       -0.00589487    
20.1107        0.789474       -0.00644941    
20.1107        0.868421       -0.00698579    
20.1107        0.947368       -0.0075045     
20.1107        1.02632        -0.00800602    
20.1107        1.10526        -0.00849082    
20.1107        1.18421        -0.00895937    
20.1107        1.26316        -0.0094121     
20.1107        1.34211        -0.00984946    
20.1107        1.42105        -0.0102719     
20.1107        1.5            -0.0106798     
20.2999        0              0              
20.2999        0.0789474      -0.000842342   
20.2999        0.157895       -0.00166001    
20.2999        0.236842       -0.00245363    
20.2999        0.315789       -0.00322379    
20.2999        0.394737       -0.00397109    
20.2999        0.473684       -0.00469611    
20.2999        0.552632       -0.00539941    
20.2999        0.631579       -0.00608156    
20.2999        0.710526       -0.00674309    
20.2999        0.789474       -0.00738455    
20.2999        0.868421       -0.00800645    
20.2999        0.947368       -0.00860931    
20.2999        1.02632        -0.00919363    
20.2999        1.10526        -0.00975989    
20.2999        1.18421        -0.0103086     
20.2999        1.26316        -0.0108402     
20.2999        1.34211        -0.0113551     
20.2999        1.42105        -0.0118539     
20.2999        1.5            -0.0123368     
20.489         0              0              
20.489         0.0789474      -0.000941814   
20.489         0.157895       -0.00185743    
20.489         0.236842       -0.00274749    
20.489         0.315789       -0.0036126     
20.489         0.394737       -0.00445339    
20.489         0.473684       -0.00527044    
20.489         0.552632       -0.00606434    
20.489         0.631579       -0.00683567    
20.489         0.710526       -0.007585      
20.489         0.789474       -0.00831287    
20.489         0.868421       -0.00901983    
20.489         0.947368       -0.00970642    
20.489         1.02632        -0.0103731     
20.489         1.10526        -0.0110205     
20.489         1.18421        -0.011649      
20.489         1.26316        -0.0122592     
20.489         1.34211        -0.0128514     
20.489         1.42105        -0.0134262     
20.489         1.5            -0.0139841     
20.6782        0              0              
20.6782        0.0789474      -0.00104028    
20.6782        0.157895       -0.00205289    
20.6782        0.236842       -0.00303848    
20.6782        0.315789       -0.00399768    
20.6782        0.394737       -0.00493112    
20.6782        0.473684       -0.00583943    
20.6782        0.552632       -0.00672319    
20.6782        0.631579       -0.00758301    
20.6782        0.710526       -0.00841947    
20.6782        0.789474       -0.00923313    
20.6782        0.868421       -0.0100246     
20.6782        0.947368       -0.0107943     
20.6782        1.02632        -0.0115429     
20.6782        1.10526        -0.0122709     
20.6782        1.18421        -0.0129788     
20.6782        1.26316        -0.0136671     
20.6782        1.34211        -0.0143362     
20.6782        1.42105        -0.0149868     
20.6782        1.5            -0.0156192     
20.8673        0              0              
20.8673        0.0789474      -0.00113765    
20.8673        0.157895       -0.0022462     
20.8673        0.236842       -0.00332631    
20.8673        0.315789       -0.00437863    
20.8673        0.394737       -0.00540382    
20.8673        0.473684       -0.00640249    
20.8673        0.552632       -0.00737527    
20.8673        0.631579       -0.00832278    
20.8673        0.710526       -0.00924561    
20.8673        0.789474       -0.0101443     
20.8673        0.868421       -0.0110196     
20.8673        0.947368       -0.0118718     
20.8673        1.02632        -0.0127017     
20.8673        1.10526        -0.0135097     
20.8673        1.18421        -0.0142964     
20.8673        1.26316        -0.0150623     
20.8673        1.34211        -0.0158079     
20.8673        1.42105        -0.0165337     
20.8673        1.5            -0.0172402     
21.0565        0              0              
21.0565        0.0789474      -0.00123385    
21.0565        0.157895       -0.0024372     
21.0565        0.236842       -0.00361075    
21.0565        0.315789       -0.00475515    
21.0565        0.394737       -0.00587107    
21.0565        0.473684       -0.00695916    
21.0565        0.552632       -0.00802005    
21.0565        0.631579       -0.00905436    
21.0565        0.710526       -0.0100627     
21.0565        0.789474       -0.0110457     
21.0565        0.868421       -0.0120039     
21.0565        0.947368       -0.012938      
21.0565        1.02632        -0.0138484     
21.0565        1.10526        -0.0147358     
21.0565        1.18421        -0.0156007     
21.0565        1.26316        -0.0164435     
21.0565        1.34211        -0.017265      
21.0565        1.42105        -0.0180655     
21.0565        1.5            -0.0188456     
21.2457        0              0              
21.2457        0.0789474      -0.00132881    
21.2457        0.157895       -0.00262578    
21.2457        0.236842       -0.00389162    
21.2457        0.315789       -0.005127      
21.2457        0.394737       -0.0063326     
21.2457        0.473684       -0.00750908    
21.2457        0.552632       -0.00865708    
21.2457        0.631579       -0.00977726    
21.2457        0.710526       -0.0108702     
21.2457        0.789474       -0.0119366     
21.2457        0.868421       -0.012977      
21.2457        0.947368       -0.013992      
21.2457        1.02632        -0.0149823     
21.2457        1.10526        -0.0159483     
21.2457        1.18421        -0.0168906     
21.2457        1.26316        -0.0178098     
21.2457        1.34211        -0.0187065     
21.2457        1.42105        -0.0195811     
21.2457        1.5            -0.0204342     
21.4348        0              0              
21.4348        0.0789474      -0.00142249    
21.4348        0.157895       -0.00281185    
21.4348        0.236842       -0.00416879    
21.4348        0.315789       -0.00549399    
21.4348        0.394737       -0.00678816    
21.4348        0.473684       -0.00805195    
21.4348        0.552632       -0.00928605    
21.4348        0.631579       -0.0104911     
21.4348        0.710526       -0.0116677     
21.4348        0.789474       -0.0128166     
21.4348        0.868421       -0.0139383     
21.4348        0.947368       -0.0150334     
21.4348        1.02632        -0.0161026     
21.4348        1.10526        -0.0171464     
21.4348        1.18421        -0.0181655     
21.4348        1.26316        -0.0191603     
21.4348        1.34211        -0.0201315     
21.4348        1.42105        -0.0210795     
21.4348        1.5            -0.0220049     
21.624         0              0              
21.624         0.0789474      -0.00151486    
21.624         0.157895       -0.00299534    
21.624         0.236842       -0.00444214    
21.624         0.315789       -0.00585599    
21.624         0.394737       -0.00723757    
21.624         0.473684       -0.00858758    
21.624         0.552632       -0.00990668    
21.624         0.631579       -0.0111956     
21.624         0.710526       -0.0124549     
21.624         0.789474       -0.0136852     
21.624         0.868421       -0.0148873     
21.624         0.947368       -0.0160616     
21.624         1.02632        -0.0172089     
21.624         1.10526        -0.0183298     
21.624         1.18421        -0.0194247     
21.624         1.26316        -0.0204944     
21.624         1.34211        -0.0215393     
21.624         1.42105        -0.02256       
21.624         1.5            -0.0235571     
21.8131        0              0              
21.8131        0.0789474      -0.0016059     
21.8131        0.157895       -0.00317619    
21.8131        0.236842       -0.00471162    
21.8131        0.315789       -0.00621288    
21.8131        0.394737       -0.00768071    
21.8131        0.473684       -0.00911579    
21.8131        0.552632       -0.0105188     
21.8131        0.631579       -0.0118904     
21.8131        0.710526       -0.0132314     
21.8131        0.789474       -0.0145422     
21.8131        0.868421       -0.0158237     
21.8131        0.947368       -0.0170764     
21.8131        1.02632        -0.0183009     
21.8131        1.10526        -0.0194978     
21.8131        1.18421        -0.0206679     
21.8131        1.26316        -0.0218115     
21.8131        1.34211        -0.0229294     
21.8131        1.42105        -0.0240221     
21.8131        1.5            -0.0250902     
22.0023        0              0              
22.0023        0.0789474      -0.00169558    
22.0023        0.157895       -0.00335438    
22.0023        0.236842       -0.00497715    
22.0023        0.315789       -0.00656461    
22.0023        0.394737       -0.00811748    
22.0023        0.473684       -0.00963647    
22.0023        0.552632       -0.0111223     
22.0023        0.631579       -0.0125756     
22.0023        0.710526       -0.0139971     
22.0023        0.789474       -0.0153874     
22.0023        0.868421       -0.0167473     
22.0023        0.947368       -0.0180773     
22.0023        1.02632        -0.0193781     
22.0023        1.10526        -0.0206503     
22.0023        1.18421        -0.0218945     
22.0023        1.26316        -0.0231114     
22.0023        1.34211        -0.0243015     
22.0023        1.42105        -0.0254653     
22.0023        1.5            -0.0266036     
22.1914        0              0              
22.1914        0.0789474      -0.0017839     
22.1914        0.157895       -0.00352989    
22.1914        0.236842       -0.00523871    
22.1914        0.315789       -0.00691111    
22.1914        0.394737       -0.00854782    
22.1914        0.473684       -0.0101495     
22.1914        0.552632       -0.011717      
22.1914        0.631579       -0.0132509     
22.1914        0.710526       -0.0147519     
22.1914        0.789474       -0.0162207     
22.1914        0.868421       -0.0176579     
22.1914        0.947368       -0.0190643     
22.1914        1.02632        -0.0204404     
22.1914        1.10526        -0.021787      
22.1914        1.18421        -0.0231045     
22.1914        1.26316        -0.0243937     
22.1914        1.34211        -0.0256551     
22.1914        1.42105        -0.0268894     
22.1914        1.5            -0.028097      
22.3806        0              0              
22.3806        0.0789474      -0.00187085    
22.3806        0.157895       -0.0037027     
22.3806        0.236842       -0.00549629    
22.3806        0.315789       -0.00725238    
22.3806        0.394737       -0.00897169    
22.3806        0.473684       -0.010655      
22.3806        0.552632       -0.0123029     
22.3806        0.631579       -0.0139163     
22.3806        0.710526       -0.0154957     
22.3806        0.789474       -0.0170419     
22.3806        0.868421       -0.0185555     
22.3806        0.947368       -0.0200373     
22.3806        1.02632        -0.0214878     
22.3806        1.10526        -0.0229077     
22.3806        1.18421        -0.0242976     
22.3806        1.26316        -0.0256583     
22.3806        1.34211        -0.0269902     
22.3806        1.42105        -0.028294      
22.3806        1.5            -0.0295702     
22.5698        0              0              
22.5698        0.0789474      -0.00195644    
22.5698        0.157895       -0.00387281    
22.5698        0.236842       -0.00574987    
22.5698        0.315789       -0.00758838    
22.5698        0.394737       -0.00938909    
22.5698        0.473684       -0.0111527     
22.5698        0.552632       -0.01288       
22.5698        0.631579       -0.0145717     
22.5698        0.710526       -0.0162284     
22.5698        0.789474       -0.017851      
22.5698        0.868421       -0.0194399     
22.5698        0.947368       -0.0209961     
22.5698        1.02632        -0.02252       
22.5698        1.10526        -0.0240123     
22.5698        1.18421        -0.0254738     
22.5698        1.26316        -0.026905      
22.5698        1.34211        -0.0283065     
22.5698        1.42105        -0.029679      
22.5698        1.5            -0.0310231     
22.7589        0              0              
22.7589        0.0789474      -0.00204066    
22.7589        0.157895       -0.00404022    
22.7589        0.236842       -0.00599947    
22.7589        0.315789       -0.00791915    
22.7589        0.394737       -0.00980002    
22.7589        0.473684       -0.0116428     
22.7589        0.552632       -0.0134483     
22.7589        0.631579       -0.0152172     
22.7589        0.710526       -0.0169501     
22.7589        0.789474       -0.0186479     
22.7589        0.868421       -0.0203112     
22.7589        0.947368       -0.0219407     
22.7589        1.02632        -0.023537      
22.7589        1.10526        -0.0251009     
22.7589        1.18421        -0.0266329     
22.7589        1.26316        -0.0281338     
22.7589        1.34211        -0.0296041     
22.7589        1.42105        -0.0310445     
22.7589        1.5            -0.0324555     
22.9481        0              0              
22.9481        0.0789474      -0.00212352    
22.9481        0.157895       -0.00420496    
22.9481        0.236842       -0.00624509    
22.9481        0.315789       -0.00824468    
22.9481        0.394737       -0.0102045     
22.9481        0.473684       -0.0121253     
22.9481        0.552632       -0.0140078     
22.9481        0.631579       -0.0158527     
22.9481        0.710526       -0.0176608     
22.9481        0.789474       -0.0194328     
22.9481        0.868421       -0.0211694     
22.9481        0.947368       -0.0228712     
22.9481        1.02632        -0.024539      
22.9481        1.10526        -0.0261734     
22.9481        1.18421        -0.0277751     
22.9481        1.26316        -0.0293447     
22.9481        1.34211        -0.0308829     
22.9481        1.42105        -0.0323902     
22.9481        1.5            -0.0338675     
23.1372        0              0              
23.1372        0.0789474      -0.00220503    
23.1372        0.157895       -0.00436703    
23.1372        0.236842       -0.00648676    
23.1372        0.315789       -0.00856502    
23.1372        0.394737       -0.0106026     
23.1372        0.473684       -0.0126001     
23.1372        0.552632       -0.0145585     
23.1372        0.631579       -0.0164784     
23.1372        0.710526       -0.0183605     
23.1372        0.789474       -0.0202056     
23.1372        0.868421       -0.0220144     
23.1372        0.947368       -0.0237876     
23.1372        1.02632        -0.0255258     
23.1372        1.10526        -0.0272298     
23.1372        1.18421        -0.0289002     
23.1372        1.26316        -0.0305377     
23.1372        1.34211        -0.0321429     
23.1372        1.42105        -0.0337164     
23.1372        1.5            -0.0352589     
23.3264        0              0              
23.3264        0.0789474      -0.00228521    
23.3264        0.157895       -0.00452645    
23.3264        0.236842       -0.00672452    
23.3264        0.315789       -0.00888019    
23.3264        0.394737       -0.0109942     
23.3264        0.473684       -0.0130674     
23.3264        0.552632       -0.0151005     
23.3264        0.631579       -0.0170942     
23.3264        0.710526       -0.0190493     
23.3264        0.789474       -0.0209665     
23.3264        0.868421       -0.0228465     
23.3264        0.947368       -0.02469       
23.3264        1.02632        -0.0264977     
23.3264        1.10526        -0.0282703     
23.3264        1.18421        -0.0300085     
23.3264        1.26316        -0.0317129     
23.3264        1.34211        -0.0333842     
23.3264        1.42105        -0.035023      
23.3264        1.5            -0.03663       
23.5156        0              0              
23.5156        0.0789474      -0.00236406    
23.5156        0.157895       -0.00468326    
23.5156        0.236842       -0.0069584     
23.5156        0.315789       -0.00919026    
23.5156        0.394737       -0.0113796     
23.5156        0.473684       -0.0135272     
23.5156        0.552632       -0.0156339     
23.5156        0.631579       -0.0177003     
23.5156        0.710526       -0.0197272     
23.5156        0.789474       -0.0217154     
23.5156        0.868421       -0.0236656     
23.5156        0.947368       -0.0255784     
23.5156        1.02632        -0.0274546     
23.5156        1.10526        -0.0292949     
23.5156        1.18421        -0.0310999     
23.5156        1.26316        -0.0328704     
23.5156        1.34211        -0.0346069     
23.5156        1.42105        -0.0363102     
23.5156        1.5            -0.0379808     
23.7047        0              0              
23.7047        0.0789474      -0.00244159    
23.7047        0.157895       -0.00483747    
23.7047        0.236842       -0.00718843    
23.7047        0.315789       -0.00949525    
23.7047        0.394737       -0.0117587     
23.7047        0.473684       -0.0139796     
23.7047        0.552632       -0.0161587     
23.7047        0.631579       -0.0182967     
23.7047        0.710526       -0.0203944     
23.7047        0.789474       -0.0224526     
23.7047        0.868421       -0.0244719     
23.7047        0.947368       -0.026453      
23.7047        1.02632        -0.0283967     
23.7047        1.10526        -0.0303037     
23.7047        1.18421        -0.0321747     
23.7047        1.26316        -0.0340103     
23.7047        1.34211        -0.0358112     
23.7047        1.42105        -0.037578      
23.7047        1.5            -0.0393115     
23.8939        0              0              
23.8939        0.0789474      -0.00251783    
23.8939        0.157895       -0.00498912    
23.8939        0.236842       -0.00741466    
23.8939        0.315789       -0.00979524    
23.8939        0.394737       -0.0121317     
23.8939        0.473684       -0.0144247     
23.8939        0.552632       -0.0166751     
23.8939        0.631579       -0.0188836     
23.8939        0.710526       -0.021051      
23.8939        0.789474       -0.023178      
23.8939        0.868421       -0.0252654     
23.8939        0.947368       -0.0273139     
23.8939        1.02632        -0.0293242     
23.8939        1.10526        -0.0312969     
23.8939        1.18421        -0.0332329     
23.8939        1.26316        -0.0351327     
23.8939        1.34211        -0.0369971     
23.8939        1.42105        -0.0388267     
23.8939        1.5            -0.0406221     
24.083         0              0              
24.083         0.0789474      -0.00259279    
24.083         0.157895       -0.00513824    
24.083         0.236842       -0.00763714    
24.083         0.315789       -0.0100903     
24.083         0.394737       -0.0124985     
24.083         0.473684       -0.0148625     
24.083         0.552632       -0.0171831     
24.083         0.631579       -0.019461      
24.083         0.710526       -0.0216971     
24.083         0.789474       -0.023892      
24.083         0.868421       -0.0260465     
24.083         0.947368       -0.0281613     
24.083         1.02632        -0.0302371     
24.083         1.10526        -0.0322747     
24.083         1.18421        -0.0342747     
24.083         1.26316        -0.0362379     
24.083         1.34211        -0.0381649     
24.083         1.42105        -0.0400563     
24.083         1.5            -0.0419129     
24.2722        0              0              
24.2722        0.0789474      -0.00266649    
24.2722        0.157895       -0.00528486    
24.2722        0.236842       -0.00785591    
24.2722        0.315789       -0.0103804     
24.2722        0.394737       -0.0128592     
24.2722        0.473684       -0.0152931     
24.2722        0.552632       -0.0176828     
24.2722        0.631579       -0.0200291     
24.2722        0.710526       -0.0223327     
24.2722        0.789474       -0.0245945     
24.2722        0.868421       -0.0268151     
24.2722        0.947368       -0.0289952     
24.2722        1.02632        -0.0311357     
24.2722        1.10526        -0.0332372     
24.2722        1.18421        -0.0353004     
24.2722        1.26316        -0.037326      
24.2722        1.34211        -0.0393147     
24.2722        1.42105        -0.0412672     
24.2722        1.5            -0.0431841     
24.4613        0              0              
24.4613        0.0789474      -0.00273894    
24.4613        0.157895       -0.00542901    
24.4613        0.236842       -0.00807103    
24.4613        0.315789       -0.0106658     
24.4613        0.394737       -0.0132141     
24.4613        0.473684       -0.0157167     
24.4613        0.552632       -0.0181744     
24.4613        0.631579       -0.0205879     
24.4613        0.710526       -0.0229581     
24.4613        0.789474       -0.0252857     
24.4613        0.868421       -0.0275714     
24.4613        0.947368       -0.029816      
24.4613        1.02632        -0.0320201     
24.4613        1.10526        -0.0341846     
24.4613        1.18421        -0.03631       
24.4613        1.26316        -0.0383972     
24.4613        1.34211        -0.0404468     
24.4613        1.42105        -0.0424595     
24.4613        1.5            -0.0444359     
24.6505        0              0              
24.6505        0.0789474      -0.00281017    
24.6505        0.157895       -0.00557074    
24.6505        0.236842       -0.00828254    
24.6505        0.315789       -0.0109464     
24.6505        0.394737       -0.013563      
24.6505        0.473684       -0.0161332     
24.6505        0.552632       -0.0186579     
24.6505        0.631579       -0.0211377     
24.6505        0.710526       -0.0235734     
24.6505        0.789474       -0.0259658     
24.6505        0.868421       -0.0283156     
24.6505        0.947368       -0.0306236     
24.6505        1.02632        -0.0328905     
24.6505        1.10526        -0.035117      
24.6505        1.18421        -0.0373039     
24.6505        1.26316        -0.0394517     
24.6505        1.34211        -0.0415613     
24.6505        1.42105        -0.0436334     
24.6505        1.5            -0.0456685     
24.8397        0              0              
24.8397        0.0789474      -0.00288018    
24.8397        0.157895       -0.00571008    
24.8397        0.236842       -0.00849051    
24.8397        0.315789       -0.0112223     
24.8397        0.394737       -0.0139061     
24.8397        0.473684       -0.0165429     
24.8397        0.552632       -0.0191335     
24.8397        0.631579       -0.0216784     
24.8397        0.710526       -0.0241787     
24.8397        0.789474       -0.0266349     
24.8397        0.868421       -0.0290479     
24.8397        0.947368       -0.0314183     
24.8397        1.02632        -0.0337471     
24.8397        1.10526        -0.0360347     
24.8397        1.18421        -0.0382821     
24.8397        1.26316        -0.0404898     
24.8397        1.34211        -0.0426586     
24.8397        1.42105        -0.0447891     
24.8397        1.5            -0.0468821     
25.0288        0              0              
25.0288        0.0789474      -0.00294901    
25.0288        0.157895       -0.00584706    
25.0288        0.236842       -0.00869498    
25.0288        0.315789       -0.0114936     
25.0288        0.394737       -0.0142436     
25.0288        0.473684       -0.0169459     
25.0288        0.552632       -0.0196012     
25.0288        0.631579       -0.0222104     
25.0288        0.710526       -0.0247741     
25.0288        0.789474       -0.0272932     
25.0288        0.868421       -0.0297683     
25.0288        0.947368       -0.0322004     
25.0288        1.02632        -0.03459       
25.0288        1.10526        -0.0369379     
25.0288        1.18421        -0.0392448     
25.0288        1.26316        -0.0415115     
25.0288        1.34211        -0.0437387     
25.0288        1.42105        -0.0459269     
25.0288        1.5            -0.048077      
25.218         0              0              
25.218         0.0789474      -0.00301666    
25.218         0.157895       -0.00598173    
25.218         0.236842       -0.00889601    
25.218         0.315789       -0.0117603     
25.218         0.394737       -0.0145754     
25.218         0.473684       -0.0173421     
25.218         0.552632       -0.0200613     
25.218         0.631579       -0.0227336     
25.218         0.710526       -0.0253598     
25.218         0.789474       -0.0279408     
25.218         0.868421       -0.0304772     
25.218         0.947368       -0.0329699     
25.218         1.02632        -0.0354195     
25.218         1.10526        -0.0378268     
25.218         1.18421        -0.0401924     
25.218         1.26316        -0.0425173     
25.218         1.34211        -0.0448019     
25.218         1.42105        -0.0470471     
25.218         1.5            -0.0492534     
25.4071        0              0              
25.4071        0.0789474      -0.00308317    
25.4071        0.157895       -0.00611412    
25.4071        0.236842       -0.00909365    
25.4071        0.315789       -0.0120226     
25.4071        0.394737       -0.0149017     
25.4071        0.473684       -0.0177318     
25.4071        0.552632       -0.0205137     
25.4071        0.631579       -0.0232482     
25.4071        0.710526       -0.025936      
25.4071        0.789474       -0.0285779     
25.4071        0.868421       -0.0311746     
25.4071        0.947368       -0.033727      
25.4071        1.02632        -0.0362357     
25.4071        1.10526        -0.0387015     
25.4071        1.18421        -0.0411251     
25.4071        1.26316        -0.0435072     
25.4071        1.34211        -0.0458485     
25.4071        1.42105        -0.0481498     
25.4071        1.5            -0.0504116     
25.5963        0              0              
25.5963        0.0789474      -0.00314854    
25.5963        0.157895       -0.00624426    
25.5963        0.236842       -0.00928797    
25.5963        0.315789       -0.0122805     
25.5963        0.394737       -0.0152226     
25.5963        0.473684       -0.0181151     
25.5963        0.552632       -0.0209588     
25.5963        0.631579       -0.0237544     
25.5963        0.710526       -0.0265028     
25.5963        0.789474       -0.0292047     
25.5963        0.868421       -0.0318608     
25.5963        0.947368       -0.034472      
25.5963        1.02632        -0.0370389     
25.5963        1.10526        -0.0395623     
25.5963        1.18421        -0.0420429     
25.5963        1.26316        -0.0444815     
25.5963        1.34211        -0.0468787     
25.5963        1.42105        -0.0492353     
25.5963        1.5            -0.0515519     
25.7855        0              0              
25.7855        0.0789474      -0.0032128     
25.7855        0.157895       -0.0063722     
25.7855        0.236842       -0.00947901    
25.7855        0.315789       -0.012534      
25.7855        0.394737       -0.0155381     
25.7855        0.473684       -0.018492      
25.7855        0.552632       -0.0213964     
25.7855        0.631579       -0.0242523     
25.7855        0.710526       -0.0270603     
25.7855        0.789474       -0.0298212     
25.7855        0.868421       -0.0325359     
25.7855        0.947368       -0.0352049     
25.7855        1.02632        -0.0378292     
25.7855        1.10526        -0.0404094     
25.7855        1.18421        -0.0429462     
25.7855        1.26316        -0.0454405     
25.7855        1.34211        -0.0478928     
25.7855        1.42105        -0.0503039     
25.7855        1.5            -0.0526744     
25.9746        0              0              
25.9746        0.0789474      -0.00327596    
25.9746        0.157895       -0.00649797    
25.9746        0.236842       -0.00966683    
25.9746        0.315789       -0.0127834     
25.9746        0.394737       -0.0158483     
25.9746        0.473684       -0.0188626     
25.9746        0.552632       -0.0218269     
25.9746        0.631579       -0.024742      
25.9746        0.710526       -0.0276087     
25.9746        0.789474       -0.0304278     
25.9746        0.868421       -0.0332        
25.9746        0.947368       -0.0359261     
25.9746        1.02632        -0.0386069     
25.9746        1.10526        -0.041243      
25.9746        1.18421        -0.0438353     
25.9746        1.26316        -0.0463843     
25.9746        1.34211        -0.0488909     
25.9746        1.42105        -0.0513558     
25.9746        1.5            -0.0537795     
26.1638        0              0              
26.1638        0.0789474      -0.00333805    
26.1638        0.157895       -0.00662161    
26.1638        0.236842       -0.00985149    
26.1638        0.315789       -0.0130285     
26.1638        0.394737       -0.0161534     
26.1638        0.473684       -0.0192271     
26.1638        0.552632       -0.0222502     
26.1638        0.631579       -0.0252236     
26.1638        0.710526       -0.0281481     
26.1638        0.789474       -0.0310245     
26.1638        0.868421       -0.0338534     
26.1638        0.947368       -0.0366357     
26.1638        1.02632        -0.0393721     
26.1638        1.10526        -0.0420634     
26.1638        1.18421        -0.0447102     
26.1638        1.26316        -0.0473133     
26.1638        1.34211        -0.0498734     
26.1638        1.42105        -0.0523912     
26.1638        1.5            -0.0548675     
26.3529        0              0              
26.3529        0.0789474      -0.00339908    
26.3529        0.157895       -0.00674316    
26.3529        0.236842       -0.010033      
26.3529        0.315789       -0.0132695     
26.3529        0.394737       -0.0164534     
26.3529        0.473684       -0.0195855     
26.3529        0.552632       -0.0226666     
26.3529        0.631579       -0.0256974     
26.3529        0.710526       -0.0286788     
26.3529        0.789474       -0.0316115     
26.3529        0.868421       -0.0344963     
26.3529        0.947368       -0.0373339     
26.3529        1.02632        -0.0401251     
26.3529        1.10526        -0.0428706     
26.3529        1.18421        -0.0455712     
26.3529        1.26316        -0.0482276     
26.3529        1.34211        -0.0508404     
26.3529        1.42105        -0.0534105     
26.3529        1.5            -0.0559385     
26.5421        0              0              
26.5421        0.0789474      -0.00345908    
26.5421        0.157895       -0.00686265    
26.5421        0.236842       -0.0102115     
26.5421        0.315789       -0.0135065     
26.5421        0.394737       -0.0167484     
26.5421        0.473684       -0.019938      
26.5421        0.552632       -0.023076      
26.5421        0.631579       -0.0261634     
26.5421        0.710526       -0.0292008     
26.5421        0.789474       -0.032189      
26.5421        0.868421       -0.0351287     
26.5421        0.947368       -0.0380208     
26.5421        1.02632        -0.040866      
26.5421        1.10526        -0.043665      
26.5421        1.18421        -0.0464186     
26.5421        1.26316        -0.0491275     
26.5421        1.34211        -0.0517923     
26.5421        1.42105        -0.0544139     
26.5421        1.5            -0.0569929     
26.7312        0              0              
26.7312        0.0789474      -0.00351805    
26.7312        0.157895       -0.00698012    
26.7312        0.236842       -0.010387      
26.7312        0.315789       -0.0137395     
26.7312        0.394737       -0.0170385     
26.7312        0.473684       -0.0202846     
26.7312        0.552632       -0.0234788     
26.7312        0.631579       -0.0266217     
26.7312        0.710526       -0.0297142     
26.7312        0.789474       -0.032757      
26.7312        0.868421       -0.035751      
26.7312        0.947368       -0.0386967     
26.7312        1.02632        -0.0415951     
26.7312        1.10526        -0.0444468     
26.7312        1.18421        -0.0472526     
26.7312        1.26316        -0.0500132     
26.7312        1.34211        -0.0527293     
26.7312        1.42105        -0.0554016     
26.7312        1.5            -0.0580309     
26.9204        0              0              
26.9204        0.0789474      -0.00357603    
26.9204        0.157895       -0.00709561    
26.9204        0.236842       -0.0105596     
26.9204        0.315789       -0.0139687     
26.9204        0.394737       -0.0173237     
26.9204        0.473684       -0.0206255     
26.9204        0.552632       -0.0238749     
26.9204        0.631579       -0.0270725     
26.9204        0.710526       -0.0302193     
26.9204        0.789474       -0.0333159     
26.9204        0.868421       -0.0363631     
26.9204        0.947368       -0.0393618     
26.9204        1.02632        -0.0423125     
26.9204        1.10526        -0.0452161     
26.9204        1.18421        -0.0480733     
26.9204        1.26316        -0.0508849     
26.9204        1.34211        -0.0536515     
26.9204        1.42105        -0.0563739     
26.9204        1.5            -0.0590527     
27.1096        0              0              
27.1096        0.0789474      -0.00363302    
27.1096        0.157895       -0.00720915    
27.1096        0.236842       -0.0107292     
27.1096        0.315789       -0.014194      
27.1096        0.394737       -0.0176042     
27.1096        0.473684       -0.0209608     
27.1096        0.552632       -0.0242645     
27.1096        0.631579       -0.027516      
27.1096        0.710526       -0.0307161     
27.1096        0.789474       -0.0338657     
27.1096        0.868421       -0.0369655     
27.1096        0.947368       -0.0400161     
27.1096        1.02632        -0.0430185     
27.1096        1.10526        -0.0459732     
27.1096        1.18421        -0.0488811     
27.1096        1.26316        -0.0517429     
27.1096        1.34211        -0.0545593     
27.1096        1.42105        -0.057331      
27.1096        1.5            -0.0600587     
27.2987        0              0              
27.2987        0.0789474      -0.00368904    
27.2987        0.157895       -0.00732077    
27.2987        0.236842       -0.010896      
27.2987        0.315789       -0.0144155     
27.2987        0.394737       -0.0178801     
27.2987        0.473684       -0.0212905     
27.2987        0.552632       -0.0246476     
27.2987        0.631579       -0.0279522     
27.2987        0.710526       -0.0312049     
27.2987        0.789474       -0.0344066     
27.2987        0.868421       -0.037558      
27.2987        0.947368       -0.04066       
27.2987        1.02632        -0.0437131     
27.2987        1.10526        -0.0467183     
27.2987        1.18421        -0.0496761     
27.2987        1.26316        -0.0525874     
27.2987        1.34211        -0.0554529     
27.2987        1.42105        -0.0582732     
27.2987        1.5            -0.0610491     
27.4879        0              0              
27.4879        0.0789474      -0.00374412    
27.4879        0.157895       -0.00743052    
27.4879        0.236842       -0.01106       
27.4879        0.315789       -0.0146334     
27.4879        0.394737       -0.0181514     
27.4879        0.473684       -0.0216148     
27.4879        0.552632       -0.0250245     
27.4879        0.631579       -0.0283812     
27.4879        0.710526       -0.0316857     
27.4879        0.789474       -0.0349388     
27.4879        0.868421       -0.0381411     
27.4879        0.947368       -0.0412935     
27.4879        1.02632        -0.0443967     
27.4879        1.10526        -0.0474515     
27.4879        1.18421        -0.0504586     
27.4879        1.26316        -0.0534186     
27.4879        1.34211        -0.0563325     
27.4879        1.42105        -0.0592007     
27.4879        1.5            -0.0620241     
27.677         0              0              
27.677         0.0789474      -0.00379827    
27.677         0.157895       -0.00753842    
27.677         0.236842       -0.0112213     
27.677         0.315789       -0.0148476     
27.677         0.394737       -0.0184182     
27.677         0.473684       -0.0219338     
27.677         0.552632       -0.0253952     
27.677         0.631579       -0.0288033     
27.677         0.710526       -0.0321587     
27.677         0.789474       -0.0354623     
27.677         0.868421       -0.0387148     
27.677         0.947368       -0.0419169     
27.677         1.02632        -0.0450694     
27.677         1.10526        -0.0481731     
27.677         1.18421        -0.0512286     
27.677         1.26316        -0.0542368     
27.677         1.34211        -0.0571983     
27.677         1.42105        -0.0601138     
27.677         1.5            -0.0629841     
27.8662        0              0              
27.8662        0.0789474      -0.0038515     
27.8662        0.157895       -0.00764451    
27.8662        0.236842       -0.0113798     
27.8662        0.315789       -0.0150582     
27.8662        0.394737       -0.0186805     
27.8662        0.473684       -0.0222475     
27.8662        0.552632       -0.0257599     
27.8662        0.631579       -0.0292185     
27.8662        0.710526       -0.0326241     
27.8662        0.789474       -0.0359774     
27.8662        0.868421       -0.0392792     
27.8662        0.947368       -0.0425303     
27.8662        1.02632        -0.0457314     
27.8662        1.10526        -0.0488833     
27.8662        1.18421        -0.0519866     
27.8662        1.26316        -0.0550421     
27.8662        1.34211        -0.0580506     
27.8662        1.42105        -0.0610127     
27.8662        1.5            -0.0639292     
28.0554        0              0              
28.0554        0.0789474      -0.00390384    
28.0554        0.157895       -0.00774883    
28.0554        0.236842       -0.0115358     
28.0554        0.315789       -0.0152654     
28.0554        0.394737       -0.0189386     
28.0554        0.473684       -0.022556      
28.0554        0.552632       -0.0261185     
28.0554        0.631579       -0.0296269     
28.0554        0.710526       -0.0330818     
28.0554        0.789474       -0.0364842     
28.0554        0.868421       -0.0398346     
28.0554        0.947368       -0.0431339     
28.0554        1.02632        -0.0463829     
28.0554        1.10526        -0.0495822     
28.0554        1.18421        -0.0527326     
28.0554        1.26316        -0.0558348     
28.0554        1.34211        -0.0588896     
28.0554        1.42105        -0.0618976     
28.0554        1.5            -0.0648596     
28.2445        0              0              
28.2445        0.0789474      -0.00395529    
28.2445        0.157895       -0.00785139    
28.2445        0.236842       -0.0116891     
28.2445        0.315789       -0.0154691     
28.2445        0.394737       -0.0191924     
28.2445        0.473684       -0.0228595     
28.2445        0.552632       -0.0264713     
28.2445        0.631579       -0.0300287     
28.2445        0.710526       -0.0335322     
28.2445        0.789474       -0.0369828     
28.2445        0.868421       -0.0403811     
28.2445        0.947368       -0.0437279     
28.2445        1.02632        -0.047024      
28.2445        1.10526        -0.0502701     
28.2445        1.18421        -0.0534669     
28.2445        1.26316        -0.0566151     
28.2445        1.34211        -0.0597155     
28.2445        1.42105        -0.0627688     
28.2445        1.5            -0.0657757     
28.4337        0              0              
28.4337        0.0789474      -0.00400589    
28.4337        0.157895       -0.00795224    
28.4337        0.236842       -0.0118399     
28.4337        0.315789       -0.0156695     
28.4337        0.394737       -0.019442      
28.4337        0.473684       -0.023158      
28.4337        0.552632       -0.0268184     
28.4337        0.631579       -0.0304239     
28.4337        0.710526       -0.0339753     
28.4337        0.789474       -0.0374734     
28.4337        0.868421       -0.0409189     
28.4337        0.947368       -0.0443125     
28.4337        1.02632        -0.047655      
28.4337        1.10526        -0.0509471     
28.4337        1.18421        -0.0541896     
28.4337        1.26316        -0.0573832     
28.4337        1.34211        -0.0605286     
28.4337        1.42105        -0.0636266     
28.4337        1.5            -0.0666777     
28.6228        0              0              
28.6228        0.0789474      -0.00405563    
28.6228        0.157895       -0.00805142    
28.6228        0.236842       -0.0119881     
28.6228        0.315789       -0.0158666     
28.6228        0.394737       -0.0196875     
28.6228        0.473684       -0.0234516     
28.6228        0.552632       -0.0271598     
28.6228        0.631579       -0.0308128     
28.6228        0.710526       -0.0344113     
28.6228        0.789474       -0.0379561     
28.6228        0.868421       -0.041448      
28.6228        0.947368       -0.0448877     
28.6228        1.02632        -0.048276      
28.6228        1.10526        -0.0516135     
28.6228        1.18421        -0.0549011     
28.6228        1.26316        -0.0581394     
28.6228        1.34211        -0.0613291     
28.6228        1.42105        -0.064471      
28.6228        1.5            -0.0675658     
28.812         0              0              
28.812         0.0789474      -0.00410454    
28.812         0.157895       -0.00814893    
28.812         0.236842       -0.0121339     
28.812         0.315789       -0.0160604     
28.812         0.394737       -0.0199289     
28.812         0.473684       -0.0237404     
28.812         0.552632       -0.0274957     
28.812         0.631579       -0.0311953     
28.812         0.710526       -0.0348403     
28.812         0.789474       -0.0384311     
28.812         0.868421       -0.0419688     
28.812         0.947368       -0.0454538     
28.812         1.02632        -0.0488871     
28.812         1.10526        -0.0522694     
28.812         1.18421        -0.0556013     
28.812         1.26316        -0.0588837     
28.812         1.34211        -0.0621171     
28.812         1.42105        -0.0653024     
28.812         1.5            -0.0684402     
29.0011        0              0              
29.0011        0.0789474      -0.00415264    
29.0011        0.157895       -0.00824483    
29.0011        0.236842       -0.0122774     
29.0011        0.315789       -0.016251      
29.0011        0.394737       -0.0201664     
29.0011        0.473684       -0.0240246     
29.0011        0.552632       -0.0278261     
29.0011        0.631579       -0.0315717     
29.0011        0.710526       -0.0352623     
29.0011        0.789474       -0.0388985     
29.0011        0.868421       -0.0424812     
29.0011        0.947368       -0.046011      
29.0011        1.02632        -0.0494887     
29.0011        1.10526        -0.052915      
29.0011        1.18421        -0.0562907     
29.0011        1.26316        -0.0596164     
29.0011        1.34211        -0.062893      
29.0011        1.42105        -0.066121      
29.0011        1.5            -0.0693013     
29.1903        0              0              
29.1903        0.0789474      -0.00419993    
29.1903        0.157895       -0.00833914    
29.1903        0.236842       -0.0124184     
29.1903        0.315789       -0.0164384     
29.1903        0.394737       -0.0204001     
29.1903        0.473684       -0.024304      
29.1903        0.552632       -0.0281511     
29.1903        0.631579       -0.031942      
29.1903        0.710526       -0.0356776     
29.1903        0.789474       -0.0393585     
29.1903        0.868421       -0.0429855     
29.1903        0.947368       -0.0465593     
29.1903        1.02632        -0.0500807     
29.1903        1.10526        -0.0535505     
29.1903        1.18421        -0.0569692     
29.1903        1.26316        -0.0603378     
29.1903        1.34211        -0.0636568     
29.1903        1.42105        -0.066927      
29.1903        1.5            -0.0701491     
29.3795        0              0              
29.3795        0.0789474      -0.00424644    
29.3795        0.157895       -0.00843188    
29.3795        0.236842       -0.0125571     
29.3795        0.315789       -0.0166228     
29.3795        0.394737       -0.0206299     
29.3795        0.473684       -0.024579      
29.3795        0.552632       -0.0284709     
29.3795        0.631579       -0.0323064     
29.3795        0.710526       -0.0360862     
29.3795        0.789474       -0.039811      
29.3795        0.868421       -0.0434817     
29.3795        0.947368       -0.0470989     
29.3795        1.02632        -0.0506635     
29.3795        1.10526        -0.054176      
29.3795        1.18421        -0.0576372     
29.3795        1.26316        -0.0610479     
29.3795        1.34211        -0.0644088     
29.3795        1.42105        -0.0677206     
29.3795        1.5            -0.0709839     
29.5686        0              0              
29.5686        0.0789474      -0.00429217    
29.5686        0.157895       -0.00852309    
29.5686        0.236842       -0.0126935     
29.5686        0.315789       -0.0168042     
29.5686        0.394737       -0.020856      
29.5686        0.473684       -0.0248495     
29.5686        0.552632       -0.0287855     
29.5686        0.631579       -0.0326649     
29.5686        0.710526       -0.0364883     
29.5686        0.789474       -0.0402564     
29.5686        0.868421       -0.0439701     
29.5686        0.947368       -0.0476301     
29.5686        1.02632        -0.051237      
29.5686        1.10526        -0.0547917     
29.5686        1.18421        -0.0582948     
29.5686        1.26316        -0.0617471     
29.5686        1.34211        -0.0651493     
29.5686        1.42105        -0.068502      
29.5686        1.5            -0.071806      
29.7578        0              0              
29.7578        0.0789474      -0.00433714    
29.7578        0.157895       -0.00861279    
29.7578        0.236842       -0.0128277     
29.7578        0.315789       -0.0169826     
29.7578        0.394737       -0.0210783     
29.7578        0.473684       -0.0251156     
29.7578        0.552632       -0.0290951     
29.7578        0.631579       -0.0330176     
29.7578        0.710526       -0.0368839     
29.7578        0.789474       -0.0406947     
29.7578        0.868421       -0.0444508     
29.7578        0.947368       -0.0481529     
29.7578        1.02632        -0.0518016     
29.7578        1.10526        -0.0553978     
29.7578        1.18421        -0.0589422     
29.7578        1.26316        -0.0624355     
29.7578        1.34211        -0.0658783     
29.7578        1.42105        -0.0692714     
29.7578        1.5            -0.0726156     
29.9469        0              0              
29.9469        0.0789474      -0.00438137    
29.9469        0.157895       -0.00870102    
29.9469        0.236842       -0.0129597     
29.9469        0.315789       -0.0171581     
29.9469        0.394737       -0.0212971     
29.9469        0.473684       -0.0253774     
29.9469        0.552632       -0.0293996     
29.9469        0.631579       -0.0333647     
29.9469        0.710526       -0.0372733     
29.9469        0.789474       -0.0411261     
29.9469        0.868421       -0.0449239     
29.9469        0.947368       -0.0486674     
29.9469        1.02632        -0.0523574     
29.9469        1.10526        -0.0559945     
29.9469        1.18421        -0.0595796     
29.9469        1.26316        -0.0631132     
29.9469        1.34211        -0.0665962     
29.9469        1.42105        -0.0700291     
29.9469        1.5            -0.0734128     
30.1361        0              0              
30.1361        0.0789474      -0.00442487    
30.1361        0.157895       -0.00878779    
30.1361        0.236842       -0.0130895     
30.1361        0.315789       -0.0173308     
30.1361        0.394737       -0.0215123     
30.1361        0.473684       -0.0256349     
30.1361        0.552632       -0.0296993     
30.1361        0.631579       -0.0337062     
30.1361        0.710526       -0.0376564     
30.1361        0.789474       -0.0415506     
30.1361        0.868421       -0.0453895     
30.1361        0.947368       -0.0491739     
30.1361        1.02632        -0.0529045     
30.1361        1.10526        -0.0565819     
30.1361        1.18421        -0.060207      
30.1361        1.26316        -0.0637805     
30.1361        1.34211        -0.067303      
30.1361        1.42105        -0.0707752     
30.1361        1.5            -0.0741979     
30.3253        0              0              
30.3253        0.0789474      -0.00446765    
30.3253        0.157895       -0.00887314    
30.3253        0.236842       -0.0132172     
30.3253        0.315789       -0.0175006     
30.3253        0.394737       -0.0217241     
30.3253        0.473684       -0.0258884     
30.3253        0.552632       -0.0299942     
30.3253        0.631579       -0.0340423     
30.3253        0.710526       -0.0380335     
30.3253        0.789474       -0.0419684     
30.3253        0.868421       -0.0458478     
30.3253        0.947368       -0.0496724     
30.3253        1.02632        -0.053443      
30.3253        1.10526        -0.0571602     
30.3253        1.18421        -0.0608248     
30.3253        1.26316        -0.0644375     
30.3253        1.34211        -0.067999      
30.3253        1.42105        -0.0715099     
30.3253        1.5            -0.0749711     
30.5144        0              0              
30.5144        0.0789474      -0.00450972    
30.5144        0.157895       -0.00895709    
30.5144        0.236842       -0.0133428     
30.5144        0.315789       -0.0176677     
30.5144        0.394737       -0.0219324     
30.5144        0.473684       -0.0261377     
30.5144        0.552632       -0.0302844     
30.5144        0.631579       -0.0343731     
30.5144        0.710526       -0.0384046     
30.5144        0.789474       -0.0423796     
30.5144        0.868421       -0.0462989     
30.5144        0.947368       -0.0501632     
30.5144        1.02632        -0.0539732     
30.5144        1.10526        -0.0577296     
30.5144        1.18421        -0.0614331     
30.5144        1.26316        -0.0650844     
30.5144        1.34211        -0.0686843     
30.5144        1.42105        -0.0722335     
30.5144        1.5            -0.0757325     
30.7036        0              0              
30.7036        0.0789474      -0.00455111    
30.7036        0.157895       -0.00903966    
30.7036        0.236842       -0.0134664     
30.7036        0.315789       -0.0178321     
30.7036        0.394737       -0.0221374     
30.7036        0.473684       -0.0263831     
30.7036        0.552632       -0.0305699     
30.7036        0.631579       -0.0346985     
30.7036        0.710526       -0.0387698     
30.7036        0.789474       -0.0427843     
30.7036        0.868421       -0.0467429     
30.7036        0.947368       -0.0506463     
30.7036        1.02632        -0.0544951     
30.7036        1.10526        -0.0582901     
30.7036        1.18421        -0.062032      
30.7036        1.26316        -0.0657215     
30.7036        1.34211        -0.0693592     
30.7036        1.42105        -0.072946      
30.7036        1.5            -0.0764825     
30.8927        0              0              
30.8927        0.0789474      -0.00459181    
30.8927        0.157895       -0.00912089    
30.8927        0.236842       -0.013588      
30.8927        0.315789       -0.0179938     
30.8927        0.394737       -0.022339      
30.8927        0.473684       -0.0266245     
30.8927        0.552632       -0.0308508     
30.8927        0.631579       -0.0350188     
30.8927        0.710526       -0.0391292     
30.8927        0.789474       -0.0431827     
30.8927        0.868421       -0.04718       
30.8927        0.947368       -0.0511218     
30.8927        1.02632        -0.0550089     
30.8927        1.10526        -0.0588419     
30.8927        1.18421        -0.0626217     
30.8927        1.26316        -0.0663487     
30.8927        1.34211        -0.0700239     
30.8927        1.42105        -0.0736478     
30.8927        1.5            -0.0772211     
31.0819        0              0              
31.0819        0.0789474      -0.00463185    
31.0819        0.157895       -0.00920079    
31.0819        0.236842       -0.0137076     
31.0819        0.315789       -0.0181529     
31.0819        0.394737       -0.0225374     
31.0819        0.473684       -0.026862      
31.0819        0.552632       -0.0311273     
31.0819        0.631579       -0.0353341     
31.0819        0.710526       -0.039483      
31.0819        0.789474       -0.0435748     
31.0819        0.868421       -0.0476102     
31.0819        0.947368       -0.05159       
31.0819        1.02632        -0.0555148     
31.0819        1.10526        -0.0593853     
31.0819        1.18421        -0.0632023     
31.0819        1.26316        -0.0669664     
31.0819        1.34211        -0.0706784     
31.0819        1.42105        -0.0743389     
31.0819        1.5            -0.0779486     
31.271         0              0              
31.271         0.0789474      -0.00467123    
31.271         0.157895       -0.00927939    
31.271         0.236842       -0.0138252     
31.271         0.315789       -0.0183094     
31.271         0.394737       -0.0227327     
31.271         0.473684       -0.0270958     
31.271         0.552632       -0.0313994     
31.271         0.631579       -0.0356443     
31.271         0.710526       -0.0398312     
31.271         0.789474       -0.0439608     
31.271         0.868421       -0.0480338     
31.271         0.947368       -0.0520509     
31.271         1.02632        -0.0560128     
31.271         1.10526        -0.0599203     
31.271         1.18421        -0.063774      
31.271         1.26316        -0.0675747     
31.271         1.34211        -0.071323      
31.271         1.42105        -0.0750196     
31.271         1.5            -0.0786652     
31.4602        0              0              
31.4602        0.0789474      -0.00470997    
31.4602        0.157895       -0.00935672    
31.4602        0.236842       -0.013941      
31.4602        0.315789       -0.0184634     
31.4602        0.394737       -0.0229248     
31.4602        0.473684       -0.0273258     
31.4602        0.552632       -0.0316672     
31.4602        0.631579       -0.0359497     
31.4602        0.710526       -0.0401739     
31.4602        0.789474       -0.0443407     
31.4602        0.868421       -0.0484507     
31.4602        0.947368       -0.0525046     
31.4602        1.02632        -0.0565032     
31.4602        1.10526        -0.0604471     
31.4602        1.18421        -0.064337      
31.4602        1.26316        -0.0681737     
31.4602        1.34211        -0.0719578     
31.4602        1.42105        -0.07569       
31.4602        1.5            -0.079371      
31.6494        0              0              
31.6494        0.0789474      -0.00474808    
31.6494        0.157895       -0.00943279    
31.6494        0.236842       -0.0140548     
31.6494        0.315789       -0.0186149     
31.6494        0.394737       -0.0231138     
31.6494        0.473684       -0.0275522     
31.6494        0.552632       -0.0319307     
31.6494        0.631579       -0.0362502     
31.6494        0.710526       -0.0405113     
31.6494        0.789474       -0.0447147     
31.6494        0.868421       -0.0488611     
31.6494        0.947368       -0.0529513     
31.6494        1.02632        -0.056986      
31.6494        1.10526        -0.0609658     
31.6494        1.18421        -0.0648914     
31.6494        1.26316        -0.0687636     
31.6494        1.34211        -0.072583      
31.6494        1.42105        -0.0763503     
31.6494        1.5            -0.0800662     
31.8385        0              0              
31.8385        0.0789474      -0.00478557    
31.8385        0.157895       -0.00950763    
31.8385        0.236842       -0.0141669     
31.8385        0.315789       -0.0187641     
31.8385        0.394737       -0.0232998     
31.8385        0.473684       -0.027775      
31.8385        0.552632       -0.0321901     
31.8385        0.631579       -0.036546      
31.8385        0.710526       -0.0408433     
31.8385        0.789474       -0.0450829     
31.8385        0.868421       -0.0492652     
31.8385        0.947368       -0.0533912     
31.8385        1.02632        -0.0574614     
31.8385        1.10526        -0.0614766     
31.8385        1.18421        -0.0654374     
31.8385        1.26316        -0.0693446     
31.8385        1.34211        -0.0731988     
31.8385        1.42105        -0.0770007     
31.8385        1.5            -0.080751      
32.0277        0              0              
32.0277        0.0789474      -0.00482245    
32.0277        0.157895       -0.00958126    
32.0277        0.236842       -0.0142771     
32.0277        0.315789       -0.0189108     
32.0277        0.394737       -0.0234829     
32.0277        0.473684       -0.0279942     
32.0277        0.552632       -0.0324454     
32.0277        0.631579       -0.0368372     
32.0277        0.710526       -0.0411702     
32.0277        0.789474       -0.0454453     
32.0277        0.868421       -0.0496631     
32.0277        0.947368       -0.0538242     
32.0277        1.02632        -0.0579295     
32.0277        1.10526        -0.0619795     
32.0277        1.18421        -0.065975      
32.0277        1.26316        -0.0699167     
32.0277        1.34211        -0.0738053     
32.0277        1.42105        -0.0776413     
32.0277        1.5            -0.0814256     
32.2168        0              0              
32.2168        0.0789474      -0.00485873    
32.2168        0.157895       -0.0096537     
32.2168        0.236842       -0.0143856     
32.2168        0.315789       -0.0190552     
32.2168        0.394737       -0.023663      
32.2168        0.473684       -0.02821       
32.2168        0.552632       -0.0326966     
32.2168        0.631579       -0.0371237     
32.2168        0.710526       -0.041492      
32.2168        0.789474       -0.0458021     
32.2168        0.868421       -0.0500547     
32.2168        0.947368       -0.0542506     
32.2168        1.02632        -0.0583904     
32.2168        1.10526        -0.0624748     
32.2168        1.18421        -0.0665045     
32.2168        1.26316        -0.0704802     
32.2168        1.34211        -0.0744026     
32.2168        1.42105        -0.0782724     
32.2168        1.5            -0.0820901     
32.406         0              0              
32.406         0.0789474      -0.00489442    
32.406         0.157895       -0.00972498    
32.406         0.236842       -0.0144923     
32.406         0.315789       -0.0191972     
32.406         0.394737       -0.0238403     
32.406         0.473684       -0.0284223     
32.406         0.552632       -0.0329439     
32.406         0.631579       -0.0374058     
32.406         0.710526       -0.0418088     
32.406         0.789474       -0.0461534     
32.406         0.868421       -0.0504404     
32.406         0.947368       -0.0546704     
32.406         1.02632        -0.0588443     
32.406         1.10526        -0.0629626     
32.406         1.18421        -0.067026      
32.406         1.26316        -0.0710353     
32.406         1.34211        -0.074991      
32.406         1.42105        -0.078894      
32.406         1.5            -0.0827447     
32.5952        0              0              
32.5952        0.0789474      -0.00492954    
32.5952        0.157895       -0.0097951     
32.5952        0.236842       -0.0145974     
32.5952        0.315789       -0.019337      
32.5952        0.394737       -0.0240148     
32.5952        0.473684       -0.0286313     
32.5952        0.552632       -0.0331874     
32.5952        0.631579       -0.0376835     
32.5952        0.710526       -0.0421206     
32.5952        0.789474       -0.0464992     
32.5952        0.868421       -0.05082       
32.5952        0.947368       -0.0550838     
32.5952        1.02632        -0.0592912     
32.5952        1.10526        -0.0634429     
32.5952        1.18421        -0.0675396     
32.5952        1.26316        -0.0715819     
32.5952        1.34211        -0.0755706     
32.5952        1.42105        -0.0795063     
32.5952        1.5            -0.0833896     
32.7843        0              0              
32.7843        0.0789474      -0.00496409    
32.7843        0.157895       -0.00986411    
32.7843        0.236842       -0.0147007     
32.7843        0.315789       -0.0194746     
32.7843        0.394737       -0.0241865     
32.7843        0.473684       -0.0288371     
32.7843        0.552632       -0.033427      
32.7843        0.631579       -0.0379569     
32.7843        0.710526       -0.0424276     
32.7843        0.789474       -0.0468397     
32.7843        0.868421       -0.0511939     
32.7843        0.947368       -0.0554909     
32.7843        1.02632        -0.0597313     
32.7843        1.10526        -0.063916      
32.7843        1.18421        -0.0680454     
32.7843        1.26316        -0.0721204     
32.7843        1.34211        -0.0761415     
32.7843        1.42105        -0.0801095     
32.7843        1.5            -0.084025      
32.9735        0              0              
32.9735        0.0789474      -0.00499809    
32.9735        0.157895       -0.00993201    
32.9735        0.236842       -0.0148024     
32.9735        0.315789       -0.01961       
32.9735        0.394737       -0.0243555     
32.9735        0.473684       -0.0290396     
32.9735        0.552632       -0.0336628     
32.9735        0.631579       -0.038226      
32.9735        0.710526       -0.0427298     
32.9735        0.789474       -0.0471749     
32.9735        0.868421       -0.051562      
32.9735        0.947368       -0.0558917     
32.9735        1.02632        -0.0601648     
32.9735        1.10526        -0.0643818     
32.9735        1.18421        -0.0685436     
32.9735        1.26316        -0.0726507     
32.9735        1.34211        -0.0767039     
32.9735        1.42105        -0.0807037     
32.9735        1.5            -0.0846509     
33.1626        0              0              
33.1626        0.0789474      -0.00503154    
33.1626        0.157895       -0.00999882    
33.1626        0.236842       -0.0149025     
33.1626        0.315789       -0.0197433     
33.1626        0.394737       -0.0245219     
33.1626        0.473684       -0.0292389     
33.1626        0.552632       -0.033895      
33.1626        0.631579       -0.0384909     
33.1626        0.710526       -0.0430274     
33.1626        0.789474       -0.047505      
33.1626        0.868421       -0.0519244     
33.1626        0.947368       -0.0562864     
33.1626        1.02632        -0.0605916     
33.1626        1.10526        -0.0648407     
33.1626        1.18421        -0.0690343     
33.1626        1.26316        -0.0731731     
33.1626        1.34211        -0.0772578     
33.1626        1.42105        -0.0812891     
33.1626        1.5            -0.0852676     
33.3518        0              0              
33.3518        0.0789474      -0.00506445    
33.3518        0.157895       -0.0100646     
33.3518        0.236842       -0.015001      
33.3518        0.315789       -0.0198745     
33.3518        0.394737       -0.0246856     
33.3518        0.473684       -0.0294351     
33.3518        0.552632       -0.0341236     
33.3518        0.631579       -0.0387518     
33.3518        0.710526       -0.0433203     
33.3518        0.789474       -0.04783       
33.3518        0.868421       -0.0522814     
33.3518        0.947368       -0.0566751     
33.3518        1.02632        -0.061012      
33.3518        1.10526        -0.0652926     
33.3518        1.18421        -0.0695176     
33.3518        1.26316        -0.0736877     
33.3518        1.34211        -0.0778036     
33.3518        1.42105        -0.0818658     
33.3518        1.5            -0.0858751     
33.5409        0              0              
33.5409        0.0789474      -0.00509683    
33.5409        0.157895       -0.0101293     
33.5409        0.236842       -0.0150979     
33.5409        0.315789       -0.0200035     
33.5409        0.394737       -0.0248467     
33.5409        0.473684       -0.0296282     
33.5409        0.552632       -0.0343485     
33.5409        0.631579       -0.0390085     
33.5409        0.710526       -0.0436088     
33.5409        0.789474       -0.04815       
33.5409        0.868421       -0.0526328     
33.5409        0.947368       -0.0570579     
33.5409        1.02632        -0.061426      
33.5409        1.10526        -0.0657377     
33.5409        1.18421        -0.0699937     
33.5409        1.26316        -0.0741946     
33.5409        1.34211        -0.0783412     
33.5409        1.42105        -0.082434      
33.5409        1.5            -0.0864737     
33.7301        0              0              
33.7301        0.0789474      -0.0051287     
33.7301        0.157895       -0.0101929     
33.7301        0.236842       -0.0151933     
33.7301        0.315789       -0.0201306     
33.7301        0.394737       -0.0250053     
33.7301        0.473684       -0.0298183     
33.7301        0.552632       -0.03457       
33.7301        0.631579       -0.0392613     
33.7301        0.710526       -0.0438928     
33.7301        0.789474       -0.0484651     
33.7301        0.868421       -0.0529789     
33.7301        0.947368       -0.0574349     
33.7301        1.02632        -0.0618338     
33.7301        1.10526        -0.0661761     
33.7301        1.18421        -0.0704626     
33.7301        1.26316        -0.074694      
33.7301        1.34211        -0.0788708     
33.7301        1.42105        -0.0829938     
33.7301        1.5            -0.0870636     
33.9193        0              0              
33.9193        0.0789474      -0.00516006    
33.9193        0.157895       -0.0102556     
33.9193        0.236842       -0.0152872     
33.9193        0.315789       -0.0202556     
33.9193        0.394737       -0.0251615     
33.9193        0.473684       -0.0300054     
33.9193        0.552632       -0.0347881     
33.9193        0.631579       -0.0395102     
33.9193        0.710526       -0.0441724     
33.9193        0.789474       -0.0487754     
33.9193        0.868421       -0.0533197     
33.9193        0.947368       -0.0578062     
33.9193        1.02632        -0.0622354     
33.9193        1.10526        -0.0666079     
33.9193        1.18421        -0.0709246     
33.9193        1.26316        -0.0751859     
33.9193        1.34211        -0.0793926     
33.9193        1.42105        -0.0835453     
33.9193        1.5            -0.0876447     
34.1084        0              0              
34.1084        0.0789474      -0.00519091    
34.1084        0.157895       -0.0103172     
34.1084        0.236842       -0.0153796     
34.1084        0.315789       -0.0203787     
34.1084        0.394737       -0.0253152     
34.1084        0.473684       -0.0301896     
34.1084        0.552632       -0.0350028     
34.1084        0.631579       -0.0397553     
34.1084        0.710526       -0.0444478     
34.1084        0.789474       -0.0490809     
34.1084        0.868421       -0.0536554     
34.1084        0.947368       -0.0581718     
34.1084        1.02632        -0.0626309     
34.1084        1.10526        -0.0670333     
34.1084        1.18421        -0.0713796     
34.1084        1.26316        -0.0756705     
34.1084        1.34211        -0.0799067     
34.1084        1.42105        -0.0840887     
34.1084        1.5            -0.0882174     
34.2976        0              0              
34.2976        0.0789474      -0.00522128    
34.2976        0.157895       -0.0103779     
34.2976        0.236842       -0.0154706     
34.2976        0.315789       -0.0204998     
34.2976        0.394737       -0.0254664     
34.2976        0.473684       -0.030371      
34.2976        0.552632       -0.0352141     
34.2976        0.631579       -0.0399966     
34.2976        0.710526       -0.0447189     
34.2976        0.789474       -0.0493818     
34.2976        0.868421       -0.0539859     
34.2976        0.947368       -0.058532      
34.2976        1.02632        -0.0630205     
34.2976        1.10526        -0.0674523     
34.2976        1.18421        -0.0718279     
34.2976        1.26316        -0.0761479     
34.2976        1.34211        -0.0804132     
34.2976        1.42105        -0.0846242     
34.2976        1.5            -0.0887816     
34.4867        0              0              
34.4867        0.0789474      -0.00525116    
34.4867        0.157895       -0.0104376     
34.4867        0.236842       -0.0155601     
34.4867        0.315789       -0.0206191     
34.4867        0.394737       -0.0256154     
34.4867        0.473684       -0.0305495     
34.4867        0.552632       -0.0354222     
34.4867        0.631579       -0.0402341     
34.4867        0.710526       -0.0449859     
34.4867        0.789474       -0.0496781     
34.4867        0.868421       -0.0543115     
34.4867        0.947368       -0.0588866     
34.4867        1.02632        -0.0634043     
34.4867        1.10526        -0.067865      
34.4867        1.18421        -0.0722694     
34.4867        1.26316        -0.0766183     
34.4867        1.34211        -0.0809122     
34.4867        1.42105        -0.0851517     
34.4867        1.5            -0.0893376     
34.6759        0              0              
34.6759        0.0789474      -0.00528057    
34.6759        0.157895       -0.0104964     
34.6759        0.236842       -0.0156482     
34.6759        0.315789       -0.0207365     
34.6759        0.394737       -0.025762      
34.6759        0.473684       -0.0307253     
34.6759        0.552632       -0.0356271     
34.6759        0.631579       -0.0404681     
34.6759        0.710526       -0.0452488     
34.6759        0.789474       -0.0499699     
34.6759        0.868421       -0.0546321     
34.6759        0.947368       -0.059236      
34.6759        1.02632        -0.0637823     
34.6759        1.10526        -0.0682715     
34.6759        1.18421        -0.0727045     
34.6759        1.26316        -0.0770817     
34.6759        1.34211        -0.0814038     
34.6759        1.42105        -0.0856716     
34.6759        1.5            -0.0898855     
34.8651        0              0              
34.8651        0.0789474      -0.00530951    
34.8651        0.157895       -0.0105543     
34.8651        0.236842       -0.0157349     
34.8651        0.315789       -0.020852      
34.8651        0.394737       -0.0259063     
34.8651        0.473684       -0.0308984     
34.8651        0.552632       -0.0358288     
34.8651        0.631579       -0.0406984     
34.8651        0.710526       -0.0455076     
34.8651        0.789474       -0.0502572     
34.8651        0.868421       -0.0549478     
34.8651        0.947368       -0.0595801     
34.8651        1.02632        -0.0641546     
34.8651        1.10526        -0.068672      
34.8651        1.18421        -0.073133      
34.8651        1.26316        -0.0775382     
34.8651        1.34211        -0.0818883     
34.8651        1.42105        -0.0861838     
34.8651        1.5            -0.0904254     
35.0542        0              0              
35.0542        0.0789474      -0.00533799    
35.0542        0.157895       -0.0106112     
35.0542        0.236842       -0.0158202     
35.0542        0.315789       -0.0209658     
35.0542        0.394737       -0.0260484     
35.0542        0.473684       -0.0310687     
35.0542        0.552632       -0.0360275     
35.0542        0.631579       -0.0409252     
35.0542        0.710526       -0.0457626     
35.0542        0.789474       -0.0505402     
35.0542        0.868421       -0.0552588     
35.0542        0.947368       -0.059919      
35.0542        1.02632        -0.0645214     
35.0542        1.10526        -0.0690666     
35.0542        1.18421        -0.0735553     
35.0542        1.26316        -0.0779881     
35.0542        1.34211        -0.0823656     
35.0542        1.42105        -0.0866885     
35.0542        1.5            -0.0909575     
35.2434        0              0              
35.2434        0.0789474      -0.00536602    
35.2434        0.157895       -0.0106672     
35.2434        0.236842       -0.0159043     
35.2434        0.315789       -0.0210777     
35.2434        0.394737       -0.0261883     
35.2434        0.473684       -0.0312365     
35.2434        0.552632       -0.036223      
35.2434        0.631579       -0.0411485     
35.2434        0.710526       -0.0460136     
35.2434        0.789474       -0.050819      
35.2434        0.868421       -0.0555652     
35.2434        0.947368       -0.0602528     
35.2434        1.02632        -0.0648827     
35.2434        1.10526        -0.0694552     
35.2434        1.18421        -0.0739712     
35.2434        1.26316        -0.0784313     
35.2434        1.34211        -0.0828359     
35.2434        1.42105        -0.0871859     
35.2434        1.5            -0.0914818     
35.4325        0              0              
35.4325        0.0789474      -0.00539361    
35.4325        0.157895       -0.0107224     
35.4325        0.236842       -0.015987      
35.4325        0.315789       -0.021188      
35.4325        0.394737       -0.026326      
35.4325        0.473684       -0.0314017     
35.4325        0.552632       -0.0364156     
35.4325        0.631579       -0.0413685     
35.4325        0.710526       -0.0462609     
35.4325        0.789474       -0.0510935     
35.4325        0.868421       -0.0558669     
35.4325        0.947368       -0.0605817     
35.4325        1.02632        -0.0652386     
35.4325        1.10526        -0.0698381     
35.4325        1.18421        -0.0743811     
35.4325        1.26316        -0.0788679     
35.4325        1.34211        -0.0832994     
35.4325        1.42105        -0.0876761     
35.4325        1.5            -0.0919986     
35.6217        0              0              
35.6217        0.0789474      -0.00542076    
35.6217        0.157895       -0.0107767     
35.6217        0.236842       -0.0160684     
35.6217        0.315789       -0.0212965     
35.6217        0.394737       -0.0264616     
35.6217        0.473684       -0.0315643     
35.6217        0.552632       -0.0366052     
35.6217        0.631579       -0.0415851     
35.6217        0.710526       -0.0465044     
35.6217        0.789474       -0.0513638     
35.6217        0.868421       -0.056164      
35.6217        0.947368       -0.0609056     
35.6217        1.02632        -0.0655892     
35.6217        1.10526        -0.0702154     
35.6217        1.18421        -0.0747849     
35.6217        1.26316        -0.0792982     
35.6217        1.34211        -0.0837561     
35.6217        1.42105        -0.0881591     
35.6217        1.5            -0.0925078     
35.8108        0              0              
35.8108        0.0789474      -0.00544749    
35.8108        0.157895       -0.0108301     
35.8108        0.236842       -0.0161485     
35.8108        0.315789       -0.0214033     
35.8108        0.394737       -0.026595      
35.8108        0.473684       -0.0317244     
35.8108        0.552632       -0.036792      
35.8108        0.631579       -0.0417983     
35.8108        0.710526       -0.0467442     
35.8108        0.789474       -0.0516301     
35.8108        0.868421       -0.0564567     
35.8108        0.947368       -0.0612247     
35.8108        1.02632        -0.0659346     
35.8108        1.10526        -0.070587      
35.8108        1.18421        -0.0751827     
35.8108        1.26316        -0.0797222     
35.8108        1.34211        -0.0842061     
35.8108        1.42105        -0.0886351     
35.8108        1.5            -0.0930097     
36             0              0              
36             0.0789474      -0.00547379    
36             0.157895       -0.0108827     
36             0.236842       -0.0162274     
36             0.315789       -0.0215085     
36             0.394737       -0.0267265     
36             0.473684       -0.0318821     
36             0.552632       -0.0369758     
36             0.631579       -0.0420084     
36             0.710526       -0.0469804     
36             0.789474       -0.0518924     
36             0.868421       -0.0567451     
36             0.947368       -0.061539      
36             1.02632        -0.0662748     
36             1.10526        -0.0709532     
36             1.18421        -0.0755747     
36             1.26316        -0.0801399     
36             1.34211        -0.0846495     
36             1.42105        -0.0891042     
36             1.5            -0.0935044     
