17.2733   36        100       0         1.5       20        
17.2733        0              0              
17.2733        0.0789474      -7.57622e-06   
17.2733        0.157895       -1.48076e-05   
17.2733        0.236842       -2.17054e-05   
17.2733        0.315789       -2.82806e-05   
17.2733        0.394737       -3.45437e-05   
17.2733        0.473684       -4.0505e-05    
17.2733        0.552632       -4.61745e-05   
17.2733        0.631579       -5.15619e-05   
17.2733        0.710526       -5.66766e-05   
17.2733        0.789474       -6.15277e-05   
17.2733        0.868421       -6.61241e-05   
17.2733        0.947368       -7.04743e-05   
17.2733        1.02632        -7.45866e-05   
17.2733        1.10526        -7.84691e-05   
17.2733        1.18421        -8.21296e-05   
17.2733        1.26316        -8.55756e-05   
17.2733        1.34211        -8.88146e-05   
17.2733        1.42105        -9.18535e-05   
17.2733        1.5            -9.46993e-05   
17.4625        0              0              
17.4625        0.0789474      -0.000282205   
17.4625        0.157895       -0.000547784   
17.4625        0.236842       -0.000797348   
17.4625        0.315789       -0.00103149    
17.4625        0.394737       -0.00125079    
17.4625        0.473684       -0.00145579    
17.4625        0.552632       -0.00164704    
17.4625        0.631579       -0.00182505    
17.4625        0.710526       -0.00199034    
17.4625        0.789474       -0.00214337    
17.4625        0.868421       -0.00228462    
17.4625        0.947368       -0.00241455    
17.4625        1.02632        -0.0025336     
17.4625        1.10526        -0.00264217    
17.4625        1.18421        -0.00274069    
17.4625        1.26316        -0.00282955    
17.4625        1.34211        -0.00290912    
17.4625        1.42105        -0.00297978    
17.4625        1.5            -0.00304188    
17.6516        0              0              
17.6516        0.0789474      -0.000350123   
17.6516        0.157895       -0.0006768     
17.6516        0.236842       -0.000980933   
17.6516        0.315789       -0.0012634     
17.6516        0.394737       -0.00152503    
17.6516        0.473684       -0.00176666    
17.6516        0.552632       -0.00198907    
17.6516        0.631579       -0.00219302    
17.6516        0.710526       -0.00237924    
17.6516        0.789474       -0.00254846    
17.6516        0.868421       -0.00270134    
17.6516        0.947368       -0.00283855    
17.6516        1.02632        -0.00296073    
17.6516        1.10526        -0.0030685     
17.6516        1.18421        -0.00316245    
17.6516        1.26316        -0.00324315    
17.6516        1.34211        -0.00331116    
17.6516        1.42105        -0.003367      
17.6516        1.5            -0.00341118    
17.8408        0              0              
17.8408        0.0789474      -0.000379022   
17.8408        0.157895       -0.000729502   
17.8408        0.236842       -0.00105257    
17.8408        0.315789       -0.00134934    
17.8408        0.394737       -0.00162085    
17.8408        0.473684       -0.00186814    
17.8408        0.552632       -0.00209219    
17.8408        0.631579       -0.00229396    
17.8408        0.710526       -0.00247437    
17.8408        0.789474       -0.0026343     
17.8408        0.868421       -0.00277462    
17.8408        0.947368       -0.00289614    
17.8408        1.02632        -0.00299967    
17.8408        1.10526        -0.00308597    
17.8408        1.18421        -0.00315578    
17.8408        1.26316        -0.00320982    
17.8408        1.34211        -0.00324876    
17.8408        1.42105        -0.00327328    
17.8408        1.5            -0.003284      
18.03          0              0              
18.03          0.0789474      -0.00038656    
18.03          0.157895       -0.000740409   
18.03          0.236842       -0.00106288    
18.03          0.315789       -0.00135527    
18.03          0.394737       -0.00161883    
18.03          0.473684       -0.00185475    
18.03          0.552632       -0.00206419    
18.03          0.631579       -0.00224828    
18.03          0.710526       -0.0024081     
18.03          0.789474       -0.00254468    
18.03          0.868421       -0.00265903    
18.03          0.947368       -0.00275211    
18.03          1.02632        -0.00282486    
18.03          1.10526        -0.00287817    
18.03          1.18421        -0.00291292    
18.03          1.26316        -0.00292992    
18.03          1.34211        -0.00292998    
18.03          1.42105        -0.00291387    
18.03          1.5            -0.00288233    
18.2191        0              0              
18.2191        0.0789474      -0.000379867   
18.2191        0.157895       -0.000723467   
18.2191        0.236842       -0.00103232    
18.2191        0.315789       -0.00130788    
18.2191        0.394737       -0.00155156    
18.2191        0.473684       -0.00176473    
18.2191        0.552632       -0.0019487     
18.2191        0.631579       -0.00210474    
18.2191        0.710526       -0.00223406    
18.2191        0.789474       -0.00233785    
18.2191        0.868421       -0.00241723    
18.2191        0.947368       -0.0024733     
18.2191        1.02632        -0.0025071     
18.2191        1.10526        -0.00251966    
18.2191        1.18421        -0.00251195    
18.2191        1.26316        -0.00248489    
18.2191        1.34211        -0.0024394     
18.2191        1.42105        -0.00237634    
18.2191        1.5            -0.00229655    
18.4083        0              0              
18.4083        0.0789474      -0.000362745   
18.4083        0.157895       -0.000686115   
18.4083        0.236842       -0.000971787   
18.4083        0.315789       -0.00122138    
18.4083        0.394737       -0.00143646    
18.4083        0.473684       -0.00161853    
18.4083        0.552632       -0.00176905    
18.4083        0.631579       -0.0018894     
18.4083        0.710526       -0.00198095    
18.4083        0.789474       -0.00204499    
18.4083        0.868421       -0.00208278    
18.4083        0.947368       -0.00209551    
18.4083        1.02632        -0.00208434    
18.4083        1.10526        -0.0020504     
18.4083        1.18421        -0.00199476    
18.4083        1.26316        -0.00191844    
18.4083        1.34211        -0.00182245    
18.4083        1.42105        -0.00170773    
18.4083        1.5            -0.00157521    
18.5974        0              0              
18.5974        0.0789474      -0.000337542   
18.5974        0.157895       -0.000632946   
18.5974        0.236842       -0.000888039   
18.5974        0.315789       -0.00110458    
18.5974        0.394737       -0.00128428    
18.5974        0.473684       -0.00142878    
18.5974        0.552632       -0.00153964    
18.5974        0.631579       -0.0016184     
18.5974        0.710526       -0.00166652    
18.5974        0.789474       -0.00168542    
18.5974        0.868421       -0.00167645    
18.5974        0.947368       -0.00164092    
18.5974        1.02632        -0.00158009    
18.5974        1.10526        -0.00149517    
18.5974        1.18421        -0.00138733    
18.5974        1.26316        -0.00125769    
18.5974        1.34211        -0.00110732    
18.5974        1.42105        -0.000937253   
18.5974        1.5            -0.00074849    
18.7866        0              0              
18.7866        0.0789474      -0.000305844   
18.7866        0.157895       -0.000567065   
18.7866        0.236842       -0.000785628   
18.7866        0.315789       -0.000963432   
18.7866        0.394737       -0.0011023     
18.7866        0.473684       -0.00120401    
18.7866        0.552632       -0.00127025    
18.7866        0.631579       -0.00130265    
18.7866        0.710526       -0.00130279    
18.7866        0.789474       -0.0012722     
18.7866        0.868421       -0.00121232    
18.7866        0.947368       -0.00112456    
18.7866        1.02632        -0.00101028    
18.7866        1.10526        -0.000870779   
18.7866        1.18421        -0.000707297   
18.7866        1.26316        -0.000521038   
18.7866        1.34211        -0.000313157   
18.7866        1.42105        -8.47613e-05   
18.7866        1.5            0.000163083    
18.9758        0              0              
18.9758        0.0789474      -0.000268791   
18.9758        0.157895       -0.000490704   
18.9758        0.236842       -0.000667834   
18.9758        0.315789       -0.000802204   
18.9758        0.394737       -0.000895763   
18.9758        0.473684       -0.000950389   
18.9758        0.552632       -0.000967892   
18.9758        0.631579       -0.000950013   
18.9758        0.710526       -0.00089843    
18.9758        0.789474       -0.000814757   
18.9758        0.868421       -0.000700549   
18.9758        0.947368       -0.000557299   
18.9758        1.02632        -0.000386444   
18.9758        1.10526        -0.000189366   
18.9758        1.18421        3.26062e-05    
18.9758        1.26316        0.000278198    
18.9758        1.34211        0.000546183    
18.9758        1.42105        0.000835383    
18.9758        1.5            0.00114467     
19.1649        0              0              
19.1649        0.0789474      -0.000227241   
19.1649        0.157895       -0.000405542   
19.1649        0.236842       -0.000537124   
19.1649        0.315789       -0.000624123   
19.1649        0.394737       -0.000668604   
19.1649        0.473684       -0.00067255    
19.1649        0.552632       -0.000637877   
19.1649        0.631579       -0.000566426   
19.1649        0.710526       -0.000459969   
19.1649        0.789474       -0.000320214   
19.1649        0.868421       -0.000148801   
19.1649        0.947368       5.26907e-05    
19.1649        1.02632        0.000282744    
19.1649        1.10526        0.000539899    
19.1649        1.18421        0.000822754    
19.1649        1.26316        0.00112996     
19.1649        1.34211        0.00146023     
19.1649        1.42105        0.00181232     
19.1649        1.5            0.00218503     
19.3541        0              0              
19.3541        0.0789474      -0.000181861   
19.3541        0.157895       -0.00031289    
19.3541        0.236842       -0.00039542    
19.3541        0.315789       -0.0004317     
19.3541        0.394737       -0.0004239     
19.3541        0.473684       -0.000374106   
19.3541        0.552632       -0.000284331   
19.3541        0.631579       -0.00015651    
19.3541        0.710526       7.49327e-06    
19.3541        0.789474       0.000205886    
19.3541        0.868421       0.000436945    
19.3541        0.947368       0.000699011    
19.3541        1.02632        0.000990491    
19.3541        1.10526        0.00130985     
19.3541        1.18421        0.00165563     
19.3541        1.26316        0.0020264      
19.3541        1.34211        0.0024208      
19.3541        1.42105        0.00283755     
19.3541        1.5            0.00327539     
19.5432        0              0              
19.5432        0.0789474      -0.000133187   
19.5432        0.157895       -0.000213793   
19.5432        0.236842       -0.00024426    
19.5432        0.315789       -0.000226944   
19.5432        0.394737       -0.000164112   
19.5432        0.473684       -5.79501e-05   
19.5432        0.552632       8.94388e-05    
19.5432        0.631579       0.000276029    
19.5432        0.710526       0.000499873    
19.5432        0.789474       0.000759096    
19.5432        0.868421       0.00105189     
19.5432        0.947368       0.00137654     
19.5432        1.02632        0.00173135     
19.5432        1.10526        0.00211475     
19.5432        1.18421        0.00252518     
19.5432        1.26316        0.00296118     
19.5432        1.34211        0.00342132     
19.5432        1.42105        0.00390425     
19.5432        1.5            0.00440866     
19.7324        0              0              
19.7324        0.0789474      -8.16533e-05   
19.7324        0.157895       -0.000109105   
19.7324        0.236842       -8.49017e-05   
19.7324        0.315789       -1.14963e-05   
19.7324        0.394737       0.000108747    
19.7324        0.473684       0.000273552    
19.7324        0.552632       0.000480727    
19.7324        0.631579       0.000728162    
19.7324        0.710526       0.00101383     
19.7324        0.789474       0.00133577     
19.7324        0.868421       0.00169212     
19.7324        0.947368       0.00208106     
19.7324        1.02632        0.00250087     
19.7324        1.10526        0.00294988     
19.7324        1.18421        0.00342648     
19.7324        1.26316        0.00392914     
19.7324        1.34211        0.00445639     
19.7324        1.42105        0.00500681     
19.7324        1.5            0.00557905     
19.9215        0              0              
19.9215        0.0789474      -2.7624e-05    
19.9215        0.157895       4.60929e-07    
19.9215        0.236842       8.16105e-05    
19.9215        0.315789       0.000213277    
19.9215        0.394737       0.000393005    
19.9215        0.473684       0.000618432    
19.9215        0.552632       0.000887282    
19.9215        0.631579       0.00119737     
19.9215        0.710526       0.00154658     
19.9215        0.789474       0.00193289     
19.9215        0.868421       0.00235435     
19.9215        0.947368       0.0028091      
19.9215        1.02632        0.00329533     
19.9215        1.10526        0.00381131     
19.9215        1.18421        0.00435538     
19.9215        1.26316        0.00492596     
19.9215        1.34211        0.00552151     
19.9215        1.42105        0.00614056     
19.9215        1.5            0.00678171     
20.1107        0              0              
20.1107        0.0789474      2.85955e-05    
20.1107        0.157895       0.000114306    
20.1107        0.236842       0.000254395    
20.1107        0.315789       0.000446223    
20.1107        0.394737       0.000687249    
20.1107        0.473684       0.000975028    
20.1107        0.552632       0.0013072      
20.1107        0.631579       0.00168151     
20.1107        0.710526       0.00209577     
20.1107        0.789474       0.00254788     
20.1107        0.868421       0.00303583     
20.1107        0.947368       0.00355768     
20.1107        1.02632        0.00411158     
20.1107        1.10526        0.00469572     
20.1107        1.18421        0.00530841     
20.1107        1.26316        0.00594798     
20.1107        1.34211        0.00661286     
20.1107        1.42105        0.00730154     
20.1107        1.5            0.00801255     
20.2999        0              0              
20.2999        0.0789474      8.6744e-05     
20.2999        0.157895       0.000231919    
20.2999        0.236842       0.000432698    
20.2999        0.315789       0.000686357    
20.2999        0.394737       0.000990274    
20.2999        0.473684       0.00134192     
20.2999        0.552632       0.00173887     
20.2999        0.631579       0.00217877     
20.2999        0.710526       0.00265939     
20.2999        0.789474       0.00317856     
20.2999        0.868421       0.00373419     
20.2999        0.947368       0.00432428     
20.2999        1.02632        0.00494693     
20.2999        1.10526        0.00560028     
20.2999        1.18421        0.00628256     
20.2999        1.26316        0.00699208     
20.2999        1.34211        0.00772719     
20.2999        1.42105        0.00848635     
20.2999        1.5            0.00926804     
20.489         0              0              
20.489         0.0789474      0.000146596    
20.489         0.157895       0.000352857    
20.489         0.236842       0.000615871    
20.489         0.315789       0.000932832    
20.489         0.394737       0.00130104     
20.489         0.473684       0.00171789     
20.489         0.552632       0.00218087     
20.489         0.631579       0.00268759     
20.489         0.710526       0.00323572     
20.489         0.789474       0.00382303     
20.489         0.868421       0.00444738     
20.489         0.947368       0.00510672     
20.489         1.02632        0.00579907     
20.489         1.10526        0.00652252     
20.489         1.18421        0.00727526     
20.489         1.26316        0.00805554     
20.489         1.34211        0.00886168     
20.489         1.42105        0.00969207     
20.489         1.5            0.0105452      
20.6782        0              0              
20.6782        0.0789474      0.000207957    
20.6782        0.157895       0.000476738    
20.6782        0.236842       0.00080335     
20.6782        0.315789       0.00118491     
20.6782        0.394737       0.00161863     
20.6782        0.473684       0.00210186     
20.6782        0.552632       0.002632       
20.6782        0.631579       0.00320658     
20.6782        0.710526       0.00382323     
20.6782        0.789474       0.00447965     
20.6782        0.868421       0.00517364     
20.6782        0.947368       0.00590309     
20.6782        1.02632        0.00666596     
20.6782        1.10526        0.00746031     
20.6782        1.18421        0.00828426     
20.6782        1.26316        0.00913602     
20.6782        1.34211        0.0100139      
20.6782        1.42105        0.0109161      
20.6782        1.5            0.0118412      
20.8673        0              0              
20.8673        0.0789474      0.000270653    
20.8673        0.157895       0.000603223    
20.8673        0.236842       0.000994638    
20.8673        0.315789       0.00144194     
20.8673        0.394737       0.00194227     
20.8673        0.473684       0.0024929      
20.8673        0.552632       0.00309117     
20.8673        0.631579       0.00373455     
20.8673        0.710526       0.0044206      
20.8673        0.789474       0.00514697     
20.8673        0.868421       0.0059114      
20.8673        0.947368       0.00671171     
20.8673        1.02632        0.00754584     
20.8673        1.10526        0.00841176     
20.8673        1.18421        0.00930758     
20.8673        1.26316        0.0102314      
20.8673        1.34211        0.0111816      
20.8673        1.42105        0.0121563      
20.8673        1.5            0.0131539      
21.0565        0              0              
21.0565        0.0789474      0.000334535    
21.0565        0.157895       0.000732017    
21.0565        0.236842       0.0011893      
21.0565        0.315789       0.00170335     
21.0565        0.394737       0.00227125     
21.0565        0.473684       0.00289018     
21.0565        0.552632       0.00355745     
21.0565        0.631579       0.00427045     
21.0565        0.710526       0.00502667     
21.0565        0.789474       0.00582372     
21.0565        0.868421       0.00665928     
21.0565        0.947368       0.00753112     
21.0565        1.02632        0.00843712     
21.0565        1.10526        0.00937522     
21.0565        1.18421        0.0103435      
21.0565        1.26316        0.01134        
21.0565        1.34211        0.0123629      
21.0565        1.42105        0.0134105      
21.0565        1.5            0.0144812      
21.2457        0              0              
21.2457        0.0789474      0.000399467    
21.2457        0.157895       0.000862855    
21.2457        0.236842       0.00138695     
21.2457        0.315789       0.00196864     
21.2457        0.394737       0.00260494     
21.2457        0.473684       0.00329298     
21.2457        0.552632       0.00403        
21.2457        0.631579       0.00481332     
21.2457        0.710526       0.0056404      
21.2457        0.789474       0.00650876     
21.2457        0.868421       0.00741605     
21.2457        0.947368       0.00836        
21.2457        1.02632        0.00933841     
21.2457        1.10526        0.0103492      
21.2457        1.18421        0.0113904      
21.2457        1.26316        0.0124599      
21.2457        1.34211        0.0135561      
21.2457        1.42105        0.0146771      
21.2457        1.5            0.0158212      
21.4348        0              0              
21.4348        0.0789474      0.00046533     
21.4348        0.157895       0.000995503    
21.4348        0.236842       0.00158723     
21.4348        0.315789       0.00223735     
21.4348        0.394737       0.00294279     
21.4348        0.473684       0.00370064     
21.4348        0.552632       0.00450806     
21.4348        0.631579       0.00536234     
21.4348        0.710526       0.00626085     
21.4348        0.789474       0.00720109     
21.4348        0.868421       0.00818064     
21.4348        0.947368       0.00919717     
21.4348        1.02632        0.0102485      
21.4348        1.10526        0.0113324      
21.4348        1.18421        0.0124469      
21.4348        1.26316        0.01359        
21.4348        1.34211        0.0147597      
21.4348        1.42105        0.0159544      
21.4348        1.5            0.0171723      
21.624         0              0              
21.624         0.0789474      0.000532016    
21.624         0.157895       0.00112975     
21.624         0.236842       0.00178985     
21.624         0.315789       0.00250907     
21.624         0.394737       0.00328431     
21.624         0.473684       0.00411258     
21.624         0.552632       0.00499098     
21.624         0.631579       0.00591674     
21.624         0.710526       0.0068872      
21.624         0.789474       0.00789979     
21.624         0.868421       0.00895204     
21.624         0.947368       0.0100416      
21.624         1.02632        0.0111662      
21.624         1.10526        0.0123236      
21.624         1.18421        0.0135118      
21.624         1.26316        0.0147287      
21.624         1.34211        0.0159724      
21.624         1.42105        0.0172411      
21.624         1.5            0.018533       
21.8131        0              0              
21.8131        0.0789474      0.00059943     
21.8131        0.157895       0.00126541     
21.8131        0.236842       0.00199451     
21.8131        0.315789       0.00278345     
21.8131        0.394737       0.00362905     
21.8131        0.473684       0.00452826     
21.8131        0.552632       0.00547813     
21.8131        0.631579       0.00647585     
21.8131        0.710526       0.00751869     
21.8131        0.789474       0.00860404     
21.8131        0.868421       0.00972939     
21.8131        0.947368       0.0108923      
21.8131        1.02632        0.0120905      
21.8131        1.10526        0.0133218      
21.8131        1.18421        0.0145839      
21.8131        1.26316        0.0158749      
21.8131        1.34211        0.0171929      
21.8131        1.42105        0.0185358      
21.8131        1.5            0.0199019      
22.0023        0              0              
22.0023        0.0789474      0.000667484    
22.0023        0.157895       0.0014023      
22.0023        0.236842       0.00220098     
22.0023        0.315789       0.00306016     
22.0023        0.394737       0.0039766      
22.0023        0.473684       0.00494721     
22.0023        0.552632       0.00596899     
22.0023        0.631579       0.00703906     
22.0023        0.710526       0.00815466     
22.0023        0.789474       0.00931312     
22.0023        0.868421       0.0105119      
22.0023        0.947368       0.0117485      
22.0023        1.02632        0.0130206      
22.0023        1.10526        0.0143259      
22.0023        1.18421        0.0156623      
22.0023        1.26316        0.0170277      
22.0023        1.34211        0.01842        
22.0023        1.42105        0.0198374      
22.0023        1.5            0.021278       
22.1914        0              0              
22.1914        0.0789474      0.000736099    
22.1914        0.157895       0.00154029     
22.1914        0.236842       0.00240902     
22.1914        0.315789       0.00333889     
22.1914        0.394737       0.00432661     
22.1914        0.473684       0.00536901     
22.1914        0.552632       0.00646306     
22.1914        0.631579       0.00760583     
22.1914        0.710526       0.00879449     
22.1914        0.789474       0.0100264      
22.1914        0.868421       0.0112988      
22.1914        0.947368       0.0126094      
22.1914        1.02632        0.0139556      
22.1914        1.10526        0.0153352      
22.1914        1.18421        0.0167461      
22.1914        1.26316        0.0181859      
22.1914        1.34211        0.0196528      
22.1914        1.42105        0.0211448      
22.1914        1.5            0.02266        
22.3806        0              0              
22.3806        0.0789474      0.000805204    
22.3806        0.157895       0.00167921     
22.3806        0.236842       0.00261843     
22.3806        0.315789       0.00361938     
22.3806        0.394737       0.00467873     
22.3806        0.473684       0.00579326     
22.3806        0.552632       0.00695989     
22.3806        0.631579       0.00817563     
22.3806        0.710526       0.00943763     
22.3806        0.789474       0.0107431      
22.3806        0.868421       0.0120895      
22.3806        0.947368       0.0134742      
22.3806        1.02632        0.0148948      
22.3806        1.10526        0.0163489      
22.3806        1.18421        0.0178343      
22.3806        1.26316        0.0193488      
22.3806        1.34211        0.0208904      
22.3806        1.42105        0.0224571      
22.3806        1.5            0.024047       
22.5698        0              0              
22.5698        0.0789474      0.000874733    
22.5698        0.157895       0.00181895     
22.5698        0.236842       0.00282901     
22.5698        0.315789       0.00390137     
22.5698        0.394737       0.00503266     
22.5698        0.473684       0.00621961     
22.5698        0.552632       0.00745907     
22.5698        0.631579       0.00874802     
22.5698        0.710526       0.0100836      
22.5698        0.789474       0.0114629      
22.5698        0.868421       0.0128834      
22.5698        0.947368       0.0143423      
22.5698        1.02632        0.0158374      
22.5698        1.10526        0.0173661      
22.5698        1.18421        0.0189262      
22.5698        1.26316        0.0205155      
22.5698        1.34211        0.0221319      
22.5698        1.42105        0.0237735      
22.5698        1.5            0.0254381      
22.7589        0              0              
22.7589        0.0789474      0.000944629    
22.7589        0.157895       0.0019594      
22.7589        0.236842       0.0030406      
22.7589        0.315789       0.00418466     
22.7589        0.394737       0.00538814     
22.7589        0.473684       0.00664772     
22.7589        0.552632       0.00796023     
22.7589        0.631579       0.00932258     
22.7589        0.710526       0.0107318      
22.7589        0.789474       0.0121852      
22.7589        0.868421       0.0136799      
22.7589        0.947368       0.0152133      
22.7589        1.02632        0.0167829      
22.7589        1.10526        0.0183863      
22.7589        1.18421        0.0200212      
22.7589        1.26316        0.0216853      
22.7589        1.34211        0.0233766      
22.7589        1.42105        0.025093       
22.7589        1.5            0.0268325      
22.9481        0              0              
22.9481        0.0789474      0.00101484     
22.9481        0.157895       0.00210044     
22.9481        0.236842       0.00325304     
22.9481        0.315789       0.00446903     
22.9481        0.394737       0.0057449      
22.9481        0.473684       0.00707732     
22.9481        0.552632       0.00846303     
22.9481        0.631579       0.00989894     
22.9481        0.710526       0.011382       
22.9481        0.789474       0.0129095      
22.9481        0.868421       0.0144785      
22.9481        0.947368       0.0160864      
22.9481        1.02632        0.0177306      
22.9481        1.10526        0.0194088      
22.9481        1.18421        0.0211186      
22.9481        1.26316        0.0228576      
22.9481        1.34211        0.0246238      
22.9481        1.42105        0.0264151      
22.9481        1.5            0.0282294      
23.1372        0              0              
23.1372        0.0789474      0.0010853      
23.1372        0.157895       0.00224197     
23.1372        0.236842       0.00346619     
23.1372        0.315789       0.00475429     
23.1372        0.394737       0.00610273     
23.1372        0.473684       0.00750812     
23.1372        0.552632       0.00896717     
23.1372        0.631579       0.0104767      
23.1372        0.710526       0.0120338      
23.1372        0.789474       0.0136354      
23.1372        0.868421       0.0152788      
23.1372        0.947368       0.0169612      
23.1372        1.02632        0.0186802      
23.1372        1.10526        0.0204332      
23.1372        1.18421        0.0222178      
23.1372        1.26316        0.0240317      
23.1372        1.34211        0.0258728      
23.1372        1.42105        0.027739       
23.1372        1.5            0.0296281      
23.3264        0              0              
23.3264        0.0789474      0.00115599     
23.3264        0.157895       0.00238391     
23.3264        0.236842       0.00367991     
23.3264        0.315789       0.00504027     
23.3264        0.394737       0.0064614      
23.3264        0.473684       0.00793987     
23.3264        0.552632       0.00947235     
23.3264        0.631579       0.0110556      
23.3264        0.710526       0.0126867      
23.3264        0.789474       0.0143625      
23.3264        0.868421       0.0160803      
23.3264        0.947368       0.0178374      
23.3264        1.02632        0.019631       
23.3264        1.10526        0.0214588      
23.3264        1.18421        0.0233182      
23.3264        1.26316        0.0252071      
23.3264        1.34211        0.0271231      
23.3264        1.42105        0.0290641      
23.3264        1.5            0.0310281      
23.5156        0              0              
23.5156        0.0789474      0.00122685     
23.5156        0.157895       0.00252618     
23.5156        0.236842       0.00389409     
23.5156        0.315789       0.00532682     
23.5156        0.394737       0.00682073     
23.5156        0.473684       0.00837235     
23.5156        0.552632       0.00997831     
23.5156        0.631579       0.0116354      
23.5156        0.710526       0.0133405      
23.5156        0.789474       0.0150905      
23.5156        0.868421       0.0168828      
23.5156        0.947368       0.0187144      
23.5156        1.02632        0.0205827      
23.5156        1.10526        0.0224853      
23.5156        1.18421        0.0244195      
23.5156        1.26316        0.0263832      
23.5156        1.34211        0.028374       
23.5156        1.42105        0.0303898      
23.5156        1.5            0.0324286      
23.7047        0              0              
23.7047        0.0789474      0.00129784     
23.7047        0.157895       0.00266869     
23.7047        0.236842       0.00410861     
23.7047        0.315789       0.00561378     
23.7047        0.394737       0.00718054     
23.7047        0.473684       0.00880535     
23.7047        0.552632       0.0104848      
23.7047        0.631579       0.0122157      
23.7047        0.710526       0.0139948      
23.7047        0.789474       0.0158191      
23.7047        0.868421       0.0176857      
23.7047        0.947368       0.0195919      
23.7047        1.02632        0.0215349      
23.7047        1.10526        0.0235121      
23.7047        1.18421        0.0255212      
23.7047        1.26316        0.0275596      
23.7047        1.34211        0.0296252      
23.7047        1.42105        0.0317158      
23.7047        1.5            0.0338292      
23.8939        0              0              
23.8939        0.0789474      0.00136894     
23.8939        0.157895       0.00281139     
23.8939        0.236842       0.00432337     
23.8939        0.315789       0.00590103     
23.8939        0.394737       0.00754066     
23.8939        0.473684       0.00923867     
23.8939        0.552632       0.0109917      
23.8939        0.631579       0.0127963      
23.8939        0.710526       0.0146494      
23.8939        0.789474       0.0165479      
23.8939        0.868421       0.0184889      
23.8939        0.947368       0.0204695      
23.8939        1.02632        0.0224871      
23.8939        1.10526        0.024539       
23.8939        1.18421        0.0266227      
23.8939        1.26316        0.0287359      
23.8939        1.34211        0.0308761      
23.8939        1.42105        0.0330413      
23.8939        1.5            0.0352293      
24.083         0              0              
24.083         0.0789474      0.0014401      
24.083         0.157895       0.00295421     
24.083         0.236842       0.00453829     
24.083         0.315789       0.00618844     
24.083         0.394737       0.00790093     
24.083         0.473684       0.00967214     
24.083         0.552632       0.0114986      
24.083         0.631579       0.013377       
24.083         0.710526       0.015304       
24.083         0.789474       0.0172767      
24.083         0.868421       0.0192919      
24.083         0.947368       0.021347       
24.083         1.02632        0.023439       
24.083         1.10526        0.0255655      
24.083         1.18421        0.0277238      
24.083         1.26316        0.0299116      
24.083         1.34211        0.0321264      
24.083         1.42105        0.0343662      
24.083         1.5            0.0366286      
24.2722        0              0              
24.2722        0.0789474      0.0015113      
24.2722        0.157895       0.00309708     
24.2722        0.236842       0.00475326     
24.2722        0.315789       0.00647591     
24.2722        0.394737       0.00826123     
24.2722        0.473684       0.0101056      
24.2722        0.552632       0.0120055      
24.2722        0.631579       0.0139575      
24.2722        0.710526       0.0159584      
24.2722        0.789474       0.0180051      
24.2722        0.868421       0.0200946      
24.2722        0.947368       0.022224       
24.2722        1.02632        0.0243904      
24.2722        1.10526        0.0265913      
24.2722        1.18421        0.0288241      
24.2722        1.26316        0.0310863      
24.2722        1.34211        0.0333757      
24.2722        1.42105        0.0356898      
24.2722        1.5            0.0380266      
24.4613        0              0              
24.4613        0.0789474      0.00158251     
24.4613        0.157895       0.00323995     
24.4613        0.236842       0.00496821     
24.4613        0.315789       0.00676331     
24.4613        0.394737       0.00862143     
24.4613        0.473684       0.0105389      
24.4613        0.552632       0.0125121      
24.4613        0.631579       0.0145377      
24.4613        0.710526       0.0166124      
24.4613        0.789474       0.0187331      
24.4613        0.868421       0.0208966      
24.4613        0.947368       0.0231002      
24.4613        1.02632        0.0253409      
24.4613        1.10526        0.0276161      
24.4613        1.18421        0.0299233      
24.4613        1.26316        0.0322599      
24.4613        1.34211        0.0346235      
24.4613        1.42105        0.0370119      
24.4613        1.5            0.0394229      
24.6505        0              0              
24.6505        0.0789474      0.0016537      
24.6505        0.157895       0.00338278     
24.6505        0.236842       0.00518307     
24.6505        0.315789       0.00705056     
24.6505        0.394737       0.00898139     
24.6505        0.473684       0.0109718      
24.6505        0.552632       0.0130183      
24.6505        0.631579       0.0151174      
24.6505        0.710526       0.0172658      
24.6505        0.789474       0.0194603      
24.6505        0.868421       0.0216978      
24.6505        0.947368       0.0239754      
24.6505        1.02632        0.0262903      
24.6505        1.10526        0.0286397      
24.6505        1.18421        0.031021       
24.6505        1.26316        0.0334318      
24.6505        1.34211        0.0358696      
24.6505        1.42105        0.0383321      
24.6505        1.5            0.0408171      
24.8397        0              0              
24.8397        0.0789474      0.00172486     
24.8397        0.157895       0.00352552     
24.8397        0.236842       0.00539777     
24.8397        0.315789       0.00733757     
24.8397        0.394737       0.00934102     
24.8397        0.473684       0.0114044      
24.8397        0.552632       0.013524       
24.8397        0.631579       0.0156965      
24.8397        0.710526       0.0179184      
24.8397        0.789474       0.0201866      
24.8397        0.868421       0.0224979      
24.8397        0.947368       0.0248494      
24.8397        1.02632        0.0272382      
24.8397        1.10526        0.0296617      
24.8397        1.18421        0.032117       
24.8397        1.26316        0.0346018      
24.8397        1.34211        0.0371136      
24.8397        1.42105        0.0396501      
24.8397        1.5            0.042209       
25.0288        0              0              
25.0288        0.0789474      0.00179595     
25.0288        0.157895       0.00366811     
25.0288        0.236842       0.00561224     
25.0288        0.315789       0.00762425     
25.0288        0.394737       0.00970022     
25.0288        0.473684       0.0118364      
25.0288        0.552632       0.014029       
25.0288        0.631579       0.0162747      
25.0288        0.710526       0.01857        
25.0288        0.789474       0.0209117      
25.0288        0.868421       0.0232967      
25.0288        0.947368       0.025722       
25.0288        1.02632        0.0281846      
25.0288        1.10526        0.0306819      
25.0288        1.18421        0.0332111      
25.0288        1.26316        0.0357698      
25.0288        1.34211        0.0383554      
25.0288        1.42105        0.0409656      
25.0288        1.5            0.0435982      
25.218         0              0              
25.218         0.0789474      0.00186697     
25.218         0.157895       0.00381053     
25.218         0.236842       0.00582643     
25.218         0.315789       0.00791053     
25.218         0.394737       0.0100589      
25.218         0.473684       0.0122677      
25.218         0.552632       0.0145332      
25.218         0.631579       0.0168519      
25.218         0.710526       0.0192205      
25.218         0.789474       0.0216356      
25.218         0.868421       0.024094       
25.218         0.947368       0.0265929      
25.218         1.02632        0.0291291      
25.218         1.10526        0.0317001      
25.218         1.18421        0.034303       
25.218         1.26316        0.0369353      
25.218         1.34211        0.0395945      
25.218         1.42105        0.0422783      
25.218         1.5            0.0449844      
25.4071        0              0              
25.4071        0.0789474      0.00193788     
25.4071        0.157895       0.00395274     
25.4071        0.236842       0.00604028     
25.4071        0.315789       0.00819634     
25.4071        0.394737       0.0104169      
25.4071        0.473684       0.0126982      
25.4071        0.552632       0.0150364      
25.4071        0.631579       0.0174281      
25.4071        0.710526       0.0198697      
25.4071        0.789474       0.0223579      
25.4071        0.868421       0.0248897      
25.4071        0.947368       0.0274619      
25.4071        1.02632        0.0300716      
25.4071        1.10526        0.032716       
25.4071        1.18421        0.0353924      
25.4071        1.26316        0.0380982      
25.4071        1.34211        0.0408308      
25.4071        1.42105        0.043588       
25.4071        1.5            0.0463674      
25.5963        0              0              
25.5963        0.0789474      0.00200867     
25.5963        0.157895       0.0040947      
25.5963        0.236842       0.00625374     
25.5963        0.315789       0.0084816      
25.5963        0.394737       0.0107743      
25.5963        0.473684       0.0131279      
25.5963        0.552632       0.0155386      
25.5963        0.631579       0.018003       
25.5963        0.710526       0.0205175      
25.5963        0.789474       0.0230787      
25.5963        0.868421       0.0256836      
25.5963        0.947368       0.028329       
25.5963        1.02632        0.0310119      
25.5963        1.10526        0.0337296      
25.5963        1.18421        0.0364792      
25.5963        1.26316        0.0392582      
25.5963        1.34211        0.0420641      
25.5963        1.42105        0.0448944      
25.5963        1.5            0.0477469      
25.7855        0              0              
25.7855        0.0789474      0.00207934     
25.7855        0.157895       0.00423638     
25.7855        0.236842       0.00646676     
25.7855        0.315789       0.00876627     
25.7855        0.394737       0.0111308      
25.7855        0.473684       0.0135566      
25.7855        0.552632       0.0160397      
25.7855        0.631579       0.0185765      
25.7855        0.710526       0.0211637      
25.7855        0.789474       0.0237978      
25.7855        0.868421       0.0264755      
25.7855        0.947368       0.0291939      
25.7855        1.02632        0.0319498      
25.7855        1.10526        0.0347405      
25.7855        1.18421        0.0375632      
25.7855        1.26316        0.0404153      
25.7855        1.34211        0.0432941      
25.7855        1.42105        0.0461974      
25.7855        1.5            0.0491227      
25.9746        0              0              
25.9746        0.0789474      0.00214985     
25.9746        0.157895       0.00437775     
25.9746        0.236842       0.00667931     
25.9746        0.315789       0.00905028     
25.9746        0.394737       0.0114866      
25.9746        0.473684       0.0139842      
25.9746        0.552632       0.0165395      
25.9746        0.631579       0.0191487      
25.9746        0.710526       0.0218083      
25.9746        0.789474       0.0245149      
25.9746        0.868421       0.0272654      
25.9746        0.947368       0.0300565      
25.9746        1.02632        0.0328852      
25.9746        1.10526        0.0357487      
25.9746        1.18421        0.0386442      
25.9746        1.26316        0.0415691      
25.9746        1.34211        0.0445207      
25.9746        1.42105        0.0474966      
25.9746        1.5            0.0504946      
26.1638        0              0              
26.1638        0.0789474      0.0022202      
26.1638        0.157895       0.00451879     
26.1638        0.236842       0.00689134     
26.1638        0.315789       0.00933358     
26.1638        0.394737       0.0118414      
26.1638        0.473684       0.0144108      
26.1638        0.552632       0.017038       
26.1638        0.631579       0.0197193      
26.1638        0.710526       0.0224511      
26.1638        0.789474       0.0252301      
26.1638        0.868421       0.028053       
26.1638        0.947368       0.0309166      
26.1638        1.02632        0.0338179      
26.1638        1.10526        0.036754       
26.1638        1.18421        0.0397221      
26.1638        1.26316        0.0427195      
26.1638        1.34211        0.0457436      
26.1638        1.42105        0.0487921      
26.1638        1.5            0.0518624      
26.3529        0              0              
26.3529        0.0789474      0.00229037     
26.3529        0.157895       0.00465946     
26.3529        0.236842       0.00710282     
26.3529        0.315789       0.00961613     
26.3529        0.394737       0.0121953      
26.3529        0.473684       0.0148362      
26.3529        0.552632       0.0175351      
26.3529        0.631579       0.0202882      
26.3529        0.710526       0.0230921      
26.3529        0.789474       0.0259432      
26.3529        0.868421       0.0288383      
26.3529        0.947368       0.0317742      
26.3529        1.02632        0.0347478      
26.3529        1.10526        0.0377562      
26.3529        1.18421        0.0407967      
26.3529        1.26316        0.0438664      
26.3529        1.34211        0.0469628      
26.3529        1.42105        0.0500834      
26.3529        1.5            0.0532259      
26.5421        0              0              
26.5421        0.0789474      0.00236036     
26.5421        0.157895       0.00479976     
26.5421        0.236842       0.00731371     
26.5421        0.315789       0.00989788     
26.5421        0.394737       0.0125481      
26.5421        0.473684       0.0152603      
26.5421        0.552632       0.0180307      
26.5421        0.631579       0.0208555      
26.5421        0.710526       0.0237311      
26.5421        0.789474       0.0266541      
26.5421        0.868421       0.0296212      
26.5421        0.947368       0.0326291      
26.5421        1.02632        0.0356748      
26.5421        1.10526        0.0387553      
26.5421        1.18421        0.0418678      
26.5421        1.26316        0.0450096      
26.5421        1.34211        0.048178       
26.5421        1.42105        0.0513706      
26.5421        1.5            0.054585       
26.7312        0              0              
26.7312        0.0789474      0.00243014     
26.7312        0.157895       0.00493964     
26.7312        0.236842       0.00752397     
26.7312        0.315789       0.0101788      
26.7312        0.394737       0.0128999      
26.7312        0.473684       0.0156832      
26.7312        0.552632       0.0185248      
26.7312        0.631579       0.021421       
26.7312        0.710526       0.0243681      
26.7312        0.789474       0.0273627      
26.7312        0.868421       0.0304015      
26.7312        0.947368       0.0334812      
26.7312        1.02632        0.0365987      
26.7312        1.10526        0.039751       
26.7312        1.18421        0.0429354      
26.7312        1.26316        0.046149       
26.7312        1.34211        0.0493892      
26.7312        1.42105        0.0526535      
26.7312        1.5            0.0559395      
26.9204        0              0              
26.9204        0.0789474      0.00249972     
26.9204        0.157895       0.0050791      
26.9204        0.236842       0.00773359     
26.9204        0.315789       0.0104588      
26.9204        0.394737       0.0132505      
26.9204        0.473684       0.0161046      
26.9204        0.552632       0.0190173      
26.9204        0.631579       0.0219846      
26.9204        0.710526       0.025003       
26.9204        0.789474       0.028069       
26.9204        0.868421       0.0311792      
26.9204        0.947368       0.0343304      
26.9204        1.02632        0.0375194      
26.9204        1.10526        0.0407434      
26.9204        1.18421        0.0439993      
26.9204        1.26316        0.0472844      
26.9204        1.34211        0.0505961      
26.9204        1.42105        0.0539319      
26.9204        1.5            0.0572892      
27.1096        0              0              
27.1096        0.0789474      0.00256908     
27.1096        0.157895       0.00521812     
27.1096        0.236842       0.00794253     
27.1096        0.315789       0.0107379      
27.1096        0.394737       0.0136         
27.1096        0.473684       0.0165247      
27.1096        0.552632       0.0195081      
27.1096        0.631579       0.0225463      
27.1096        0.710526       0.0256357      
27.1096        0.789474       0.0287728      
27.1096        0.868421       0.0319542      
27.1096        0.947368       0.0351766      
27.1096        1.02632        0.038437       
27.1096        1.10526        0.0417322      
27.1096        1.18421        0.0450594      
27.1096        1.26316        0.0484158      
27.1096        1.34211        0.0517987      
27.1096        1.42105        0.0552057      
27.1096        1.5            0.0586342      
27.2987        0              0              
27.2987        0.0789474      0.00263822     
27.2987        0.157895       0.00535668     
27.2987        0.236842       0.00815077     
27.2987        0.315789       0.0110161      
27.2987        0.394737       0.0139483      
27.2987        0.473684       0.0169433      
27.2987        0.552632       0.0199972      
27.2987        0.631579       0.023106       
27.2987        0.710526       0.0262662      
27.2987        0.789474       0.0294741      
27.2987        0.868421       0.0327264      
27.2987        0.947368       0.0360198      
27.2987        1.02632        0.0393511      
27.2987        1.10526        0.0427174      
27.2987        1.18421        0.0461156      
27.2987        1.26316        0.049543       
27.2987        1.34211        0.0529969      
27.2987        1.42105        0.0564748      
27.2987        1.5            0.0599741      
27.4879        0              0              
27.4879        0.0789474      0.00270712     
27.4879        0.157895       0.00549476     
27.4879        0.236842       0.00835829     
27.4879        0.315789       0.0112933      
27.4879        0.394737       0.0142953      
27.4879        0.473684       0.0173604      
27.4879        0.552632       0.0204845      
27.4879        0.631579       0.0236637      
27.4879        0.710526       0.0268943      
27.4879        0.789474       0.0301728      
27.4879        0.868421       0.0334958      
27.4879        0.947368       0.0368599      
27.4879        1.02632        0.0402619      
27.4879        1.10526        0.0436989      
27.4879        1.18421        0.0471679      
27.4879        1.26316        0.050666       
27.4879        1.34211        0.0541906      
27.4879        1.42105        0.0577391      
27.4879        1.5            0.061309       
27.677         0              0              
27.677         0.0789474      0.00277577     
27.677         0.157895       0.00563234     
27.677         0.236842       0.00856506     
27.677         0.315789       0.0115694      
27.677         0.394737       0.0146411      
27.677         0.473684       0.017776       
27.677         0.552632       0.02097        
27.677         0.631579       0.0242193      
27.677         0.710526       0.0275201      
27.677         0.789474       0.0308689      
27.677         0.868421       0.0342622      
27.677         0.947368       0.0376967      
27.677         1.02632        0.0411692      
27.677         1.10526        0.0446766      
27.677         1.18421        0.0482161      
27.677         1.26316        0.0517846      
27.677         1.34211        0.0553796      
27.677         1.42105        0.0589985      
27.677         1.5            0.0626386      
27.8662        0              0              
27.8662        0.0789474      0.00284418     
27.8662        0.157895       0.00576943     
27.8662        0.236842       0.00877106     
27.8662        0.315789       0.0118446      
27.8662        0.394737       0.0149856      
27.8662        0.473684       0.01819        
27.8662        0.552632       0.0214537      
27.8662        0.631579       0.0247727      
27.8662        0.710526       0.0281435      
27.8662        0.789474       0.0315623      
27.8662        0.868421       0.0350256      
27.8662        0.947368       0.0385303      
27.8662        1.02632        0.0420729      
27.8662        1.10526        0.0456505      
27.8662        1.18421        0.0492601      
27.8662        1.26316        0.0528988      
27.8662        1.34211        0.056564       
27.8662        1.42105        0.0602529      
27.8662        1.5            0.063963       
28.0554        0              0              
28.0554        0.0789474      0.00291233     
28.0554        0.157895       0.005906       
28.0554        0.236842       0.00897629     
28.0554        0.315789       0.0121187      
28.0554        0.394737       0.0153288      
28.0554        0.473684       0.0186024      
28.0554        0.552632       0.0219354      
28.0554        0.631579       0.025324       
28.0554        0.710526       0.0287644      
28.0554        0.789474       0.0322529      
28.0554        0.868421       0.035786       
28.0554        0.947368       0.0393605      
28.0554        1.02632        0.042973       
28.0554        1.10526        0.0466205      
28.0554        1.18421        0.0503         
28.0554        1.26316        0.0540086      
28.0554        1.34211        0.0577435      
28.0554        1.42105        0.0615022      
28.0554        1.5            0.0652821      
28.2445        0              0              
28.2445        0.0789474      0.00298023     
28.2445        0.157895       0.00604204     
28.2445        0.236842       0.00918071     
28.2445        0.315789       0.0123917      
28.2445        0.394737       0.0156706      
28.2445        0.473684       0.0190131      
28.2445        0.552632       0.0224153      
28.2445        0.631579       0.0258731      
28.2445        0.710526       0.0293828      
28.2445        0.789474       0.0329407      
28.2445        0.868421       0.0365433      
28.2445        0.947368       0.0401873      
28.2445        1.02632        0.0438694      
28.2445        1.10526        0.0475865      
28.2445        1.18421        0.0513356      
28.2445        1.26316        0.0551137      
28.2445        1.34211        0.0589182      
28.2445        1.42105        0.0627464      
28.2445        1.5            0.0665957      
28.4337        0              0              
28.4337        0.0789474      0.00304785     
28.4337        0.157895       0.00617754     
28.4337        0.236842       0.00938431     
28.4337        0.315789       0.0126636      
28.4337        0.394737       0.016011       
28.4337        0.473684       0.0194222      
28.4337        0.552632       0.0228932      
28.4337        0.631579       0.0264199      
28.4337        0.710526       0.0299986      
28.4337        0.789474       0.0336257      
28.4337        0.868421       0.0372975      
28.4337        0.947368       0.0410107      
28.4337        1.02632        0.0447621      
28.4337        1.10526        0.0485485      
28.4337        1.18421        0.0523668      
28.4337        1.26316        0.0562143      
28.4337        1.34211        0.060088       
28.4337        1.42105        0.0639854      
28.4337        1.5            0.0679038      
28.6228        0              0              
28.6228        0.0789474      0.0031152      
28.6228        0.157895       0.00631249     
28.6228        0.236842       0.00958709     
28.6228        0.315789       0.0129344      
28.6228        0.394737       0.01635        
28.6228        0.473684       0.0198296      
28.6228        0.552632       0.023369       
28.6228        0.631579       0.0269644      
28.6228        0.710526       0.0306119      
28.6228        0.789474       0.0343078      
28.6228        0.868421       0.0380485      
28.6228        0.947368       0.0418307      
28.6228        1.02632        0.045651       
28.6228        1.10526        0.0495064      
28.6228        1.18421        0.0533937      
28.6228        1.26316        0.0573101      
28.6228        1.34211        0.0612528      
28.6228        1.42105        0.0652191      
28.6228        1.5            0.0692063      
28.812         0              0              
28.812         0.0789474      0.00318228     
28.812         0.157895       0.00644689     
28.812         0.236842       0.00978903     
28.812         0.315789       0.0132041      
28.812         0.394737       0.0166876      
28.812         0.473684       0.0202352      
28.812         0.552632       0.0238429      
28.812         0.631579       0.0275066      
28.812         0.710526       0.0312225      
28.812         0.789474       0.0349869      
28.812         0.868421       0.0387962      
28.812         0.947368       0.0426471      
28.812         1.02632        0.0465361      
28.812         1.10526        0.0504601      
28.812         1.18421        0.0544161      
28.812         1.26316        0.0584012      
28.812         1.34211        0.0624126      
28.812         1.42105        0.0664474      
28.812         1.5            0.0705032      
29.0011        0              0              
29.0011        0.0789474      0.00324908     
29.0011        0.157895       0.00658072     
29.0011        0.236842       0.00999011     
29.0011        0.315789       0.0134726      
29.0011        0.394737       0.0170237      
29.0011        0.473684       0.0206392      
29.0011        0.552632       0.0243148      
29.0011        0.631579       0.0280465      
29.0011        0.710526       0.0318305      
29.0011        0.789474       0.0356631      
29.0011        0.868421       0.0395407      
29.0011        0.947368       0.0434599      
29.0011        1.02632        0.0474173      
29.0011        1.10526        0.0514097      
29.0011        1.18421        0.0554341      
29.0011        1.26316        0.0594876      
29.0011        1.34211        0.0635673      
29.0011        1.42105        0.0676704      
29.0011        1.5            0.0717945      
29.1903        0              0              
29.1903        0.0789474      0.00331559     
29.1903        0.157895       0.00671398     
29.1903        0.236842       0.0101903      
29.1903        0.315789       0.01374        
29.1903        0.394737       0.0173584      
29.1903        0.473684       0.0210413      
29.1903        0.552632       0.0247845      
29.1903        0.631579       0.028584       
29.1903        0.710526       0.0324359      
29.1903        0.789474       0.0363364      
29.1903        0.868421       0.040282       
29.1903        0.947368       0.0442691      
29.1903        1.02632        0.0482946      
29.1903        1.10526        0.0523551      
29.1903        1.18421        0.0564476      
29.1903        1.26316        0.0605691      
29.1903        1.34211        0.0647168      
29.1903        1.42105        0.068888       
29.1903        1.5            0.07308        
29.3795        0              0              
29.3795        0.0789474      0.00338182     
29.3795        0.157895       0.00684666     
29.3795        0.236842       0.0103897      
29.3795        0.315789       0.0140062      
29.3795        0.394737       0.0176916      
29.3795        0.473684       0.0214417      
29.3795        0.552632       0.0252522      
29.3795        0.631579       0.0291191      
29.3795        0.710526       0.0330385      
29.3795        0.789474       0.0370066      
29.3795        0.868421       0.0410199      
29.3795        0.947368       0.0450748      
29.3795        1.02632        0.049168       
29.3795        1.10526        0.0532962      
29.3795        1.18421        0.0574565      
29.3795        1.26316        0.0616458      
29.3795        1.34211        0.0658612      
29.3795        1.42105        0.0701001      
29.3795        1.5            0.0743597      
29.5686        0              0              
29.5686        0.0789474      0.00344776     
29.5686        0.157895       0.00697876     
29.5686        0.236842       0.0105881      
29.5686        0.315789       0.0142712      
29.5686        0.394737       0.0180234      
29.5686        0.473684       0.0218403      
29.5686        0.552632       0.0257178      
29.5686        0.631579       0.0296518      
29.5686        0.710526       0.0336384      
29.5686        0.789474       0.0376738      
29.5686        0.868421       0.0417544      
29.5686        0.947368       0.0458767      
29.5686        1.02632        0.0500374      
29.5686        1.10526        0.0542331      
29.5686        1.18421        0.0584608      
29.5686        1.26316        0.0627176      
29.5686        1.34211        0.0670004      
29.5686        1.42105        0.0713067      
29.5686        1.5            0.0756337      
29.7578        0              0              
29.7578        0.0789474      0.0035134      
29.7578        0.157895       0.00711027     
29.7578        0.236842       0.0107857      
29.7578        0.315789       0.014535       
29.7578        0.394737       0.0183536      
29.7578        0.473684       0.0222371      
29.7578        0.552632       0.0261813      
29.7578        0.631579       0.0301821      
29.7578        0.710526       0.0342356      
29.7578        0.789474       0.038338       
29.7578        0.868421       0.0424856      
29.7578        0.947368       0.046675       
29.7578        1.02632        0.0509028      
29.7578        1.10526        0.0551657      
29.7578        1.18421        0.0594606      
29.7578        1.26316        0.0637844      
29.7578        1.34211        0.0681344      
29.7578        1.42105        0.0725078      
29.7578        1.5            0.0769018      
29.9469        0              0              
29.9469        0.0789474      0.00357875     
29.9469        0.157895       0.00724118     
29.9469        0.236842       0.0109824      
29.9469        0.315789       0.0147976      
29.9469        0.394737       0.0186823      
29.9469        0.473684       0.0226321      
29.9469        0.552632       0.0266427      
29.9469        0.631579       0.03071        
29.9469        0.710526       0.03483        
29.9469        0.789474       0.0389991      
29.9469        0.868421       0.0432135      
29.9469        0.947368       0.0474696      
29.9469        1.02632        0.0517642      
29.9469        1.10526        0.0560939      
29.9469        1.18421        0.0604557      
29.9469        1.26316        0.0648464      
29.9469        1.34211        0.0692632      
29.9469        1.42105        0.0737033      
29.9469        1.5            0.0781641      
30.1361        0              0              
30.1361        0.0789474      0.0036438      
30.1361        0.157895       0.0073715      
30.1361        0.236842       0.0111782      
30.1361        0.315789       0.015059       
30.1361        0.394737       0.0190095      
30.1361        0.473684       0.0230252      
30.1361        0.552632       0.0271019      
30.1361        0.631579       0.0312354      
30.1361        0.710526       0.0354217      
30.1361        0.789474       0.0396571      
30.1361        0.868421       0.0439379      
30.1361        0.947368       0.0482605      
30.1361        1.02632        0.0526216      
30.1361        1.10526        0.0570178      
30.1361        1.18421        0.0614461      
30.1361        1.26316        0.0659033      
30.1361        1.34211        0.0703867      
30.1361        1.42105        0.0748933      
30.1361        1.5            0.0794204      
30.3253        0              0              
30.3253        0.0789474      0.00370855     
30.3253        0.157895       0.00750121     
30.3253        0.236842       0.011373       
30.3253        0.315789       0.0153192      
30.3253        0.394737       0.0193352      
30.3253        0.473684       0.0234165      
30.3253        0.552632       0.0275589      
30.3253        0.631579       0.0317583      
30.3253        0.710526       0.0360106      
30.3253        0.789474       0.040312       
30.3253        0.868421       0.0446589      
30.3253        0.947368       0.0490477      
30.3253        1.02632        0.053475       
30.3253        1.10526        0.0579374      
30.3253        1.18421        0.0624319      
30.3253        1.26316        0.0669553      
30.3253        1.34211        0.0715048      
30.3253        1.42105        0.0760776      
30.3253        1.5            0.0806709      
30.5144        0              0              
30.5144        0.0789474      0.003773       
30.5144        0.157895       0.00763031     
30.5144        0.236842       0.011567       
30.5144        0.315789       0.0155782      
30.5144        0.394737       0.0196593      
30.5144        0.473684       0.023806       
30.5144        0.552632       0.0280138      
30.5144        0.631579       0.0322787      
30.5144        0.710526       0.0365967      
30.5144        0.789474       0.0409638      
30.5144        0.868421       0.0453765      
30.5144        0.947368       0.0498311      
30.5144        1.02632        0.0543242      
30.5144        1.10526        0.0588526      
30.5144        1.18421        0.063413       
30.5144        1.26316        0.0680023      
30.5144        1.34211        0.0726177      
30.5144        1.42105        0.0772563      
30.5144        1.5            0.0819154      
30.7036        0              0              
30.7036        0.0789474      0.00383715     
30.7036        0.157895       0.00775881     
30.7036        0.236842       0.01176        
30.7036        0.315789       0.0158359      
30.7036        0.394737       0.0199819      
30.7036        0.473684       0.0241936      
30.7036        0.552632       0.0284666      
30.7036        0.631579       0.0327967      
30.7036        0.710526       0.0371799      
30.7036        0.789474       0.0416125      
30.7036        0.868421       0.0460906      
30.7036        0.947368       0.0506108      
30.7036        1.02632        0.0551695      
30.7036        1.10526        0.0597634      
30.7036        1.18421        0.0643894      
30.7036        1.26316        0.0690443      
30.7036        1.34211        0.0737253      
30.7036        1.42105        0.0784294      
30.7036        1.5            0.0831541      
30.8927        0              0              
30.8927        0.0789474      0.00390099     
30.8927        0.157895       0.0078867      
30.8927        0.236842       0.0119521      
30.8927        0.315789       0.0160924      
30.8927        0.394737       0.020303       
30.8927        0.473684       0.0245793      
30.8927        0.552632       0.0289171      
30.8927        0.631579       0.0333121      
30.8927        0.710526       0.0377604      
30.8927        0.789474       0.0422581      
30.8927        0.868421       0.0468013      
30.8927        0.947368       0.0513867      
30.8927        1.02632        0.0560106      
30.8927        1.10526        0.0606698      
30.8927        1.18421        0.065361       
30.8927        1.26316        0.0700812      
30.8927        1.34211        0.0748275      
30.8927        1.42105        0.0795969      
30.8927        1.5            0.0843867      
31.0819        0              0              
31.0819        0.0789474      0.00396453     
31.0819        0.157895       0.00801397     
31.0819        0.236842       0.0121433      
31.0819        0.315789       0.0163477      
31.0819        0.394737       0.0206225      
31.0819        0.473684       0.0249632      
31.0819        0.552632       0.0293655      
31.0819        0.631579       0.0338251      
31.0819        0.710526       0.038338       
31.0819        0.789474       0.0429005      
31.0819        0.868421       0.0475086      
31.0819        0.947368       0.0521588      
31.0819        1.02632        0.0568477      
31.0819        1.10526        0.0615718      
31.0819        1.18421        0.066328       
31.0819        1.26316        0.0711132      
31.0819        1.34211        0.0759244      
31.0819        1.42105        0.0807587      
31.0819        1.5            0.0856134      
31.271         0              0              
31.271         0.0789474      0.00402776     
31.271         0.157895       0.00814062     
31.271         0.236842       0.0123336      
31.271         0.315789       0.0166017      
31.271         0.394737       0.0209405      
31.271         0.473684       0.0253452      
31.271         0.552632       0.0298116      
31.271         0.631579       0.0343355      
31.271         0.710526       0.0389129      
31.271         0.789474       0.0435397      
31.271         0.868421       0.0482124      
31.271         0.947368       0.0529272      
31.271         1.02632        0.0576806      
31.271         1.10526        0.0624694      
31.271         1.18421        0.0672902      
31.271         1.26316        0.0721401      
31.271         1.34211        0.0770159      
31.271         1.42105        0.0819148      
31.271         1.5            0.0868341      
31.4602        0              0              
31.4602        0.0789474      0.00409068     
31.4602        0.157895       0.00826666     
31.4602        0.236842       0.0125229      
31.4602        0.315789       0.0168545      
31.4602        0.394737       0.0212568      
31.4602        0.473684       0.0257253      
31.4602        0.552632       0.0302556      
31.4602        0.631579       0.0348435      
31.4602        0.710526       0.0394849      
31.4602        0.789474       0.0441759      
31.4602        0.868421       0.0489127      
31.4602        0.947368       0.0536917      
31.4602        1.02632        0.0585095      
31.4602        1.10526        0.0633626      
31.4602        1.18421        0.0682477      
31.4602        1.26316        0.0731619      
31.4602        1.34211        0.0781021      
31.4602        1.42105        0.0830653      
31.4602        1.5            0.0880489      
31.6494        0              0              
31.6494        0.0789474      0.0041533      
31.6494        0.157895       0.00839208     
31.6494        0.236842       0.0127113      
31.6494        0.315789       0.0171061      
31.6494        0.394737       0.0215717      
31.6494        0.473684       0.0261036      
31.6494        0.552632       0.0306974      
31.6494        0.631579       0.0353489      
31.6494        0.710526       0.040054       
31.6494        0.789474       0.0448088      
31.6494        0.868421       0.0496095      
31.6494        0.947368       0.0544525      
31.6494        1.02632        0.0593342      
31.6494        1.10526        0.0642513      
31.6494        1.18421        0.0692005      
31.6494        1.26316        0.0741787      
31.6494        1.34211        0.0791829      
31.6494        1.42105        0.0842101      
31.6494        1.5            0.0892577      
31.8385        0              0              
31.8385        0.0789474      0.00421561     
31.8385        0.157895       0.00851689     
31.8385        0.236842       0.0128988      
31.8385        0.315789       0.0173564      
31.8385        0.394737       0.0218849      
31.8385        0.473684       0.0264799      
31.8385        0.552632       0.031137       
31.8385        0.631579       0.0358518      
31.8385        0.710526       0.0406204      
31.8385        0.789474       0.0454387      
31.8385        0.868421       0.0503029      
31.8385        0.947368       0.0552095      
31.8385        1.02632        0.0601549      
31.8385        1.10526        0.0651357      
31.8385        1.18421        0.0701486      
31.8385        1.26316        0.0751905      
31.8385        1.34211        0.0802584      
31.8385        1.42105        0.0853493      
31.8385        1.5            0.0904605      
32.0277        0              0              
32.0277        0.0789474      0.00427761     
32.0277        0.157895       0.00864107     
32.0277        0.236842       0.0130853      
32.0277        0.315789       0.0176054      
32.0277        0.394737       0.0221966      
32.0277        0.473684       0.0268544      
32.0277        0.552632       0.0315744      
32.0277        0.631579       0.0363522      
32.0277        0.710526       0.0411839      
32.0277        0.789474       0.0460653      
32.0277        0.868421       0.0509929      
32.0277        0.947368       0.0559627      
32.0277        1.02632        0.0609715      
32.0277        1.10526        0.0660156      
32.0277        1.18421        0.0710919      
32.0277        1.26316        0.0761972      
32.0277        1.34211        0.0813285      
32.0277        1.42105        0.0864828      
32.0277        1.5            0.0916574      
32.2168        0              0              
32.2168        0.0789474      0.0043393      
32.2168        0.157895       0.00876463     
32.2168        0.236842       0.0132709      
32.2168        0.315789       0.0178532      
32.2168        0.394737       0.0225068      
32.2168        0.473684       0.0272271      
32.2168        0.552632       0.0320096      
32.2168        0.631579       0.0368501      
32.2168        0.710526       0.0417445      
32.2168        0.789474       0.0466889      
32.2168        0.868421       0.0516793      
32.2168        0.947368       0.0567122      
32.2168        1.02632        0.0617839      
32.2168        1.10526        0.0668911      
32.2168        1.18421        0.0720305      
32.2168        1.26316        0.0771989      
32.2168        1.34211        0.0823933      
32.2168        1.42105        0.0876107      
32.2168        1.5            0.0928483      
32.406         0              0              
32.406         0.0789474      0.00440068     
32.406         0.157895       0.00888758     
32.406         0.236842       0.0134556      
32.406         0.315789       0.0180998      
32.406         0.394737       0.0228154      
32.406         0.473684       0.0275978      
32.406         0.552632       0.0324426      
32.406         0.631579       0.0373455      
32.406         0.710526       0.0423024      
32.406         0.789474       0.0473093      
32.406         0.868421       0.0523623      
32.406         0.947368       0.0574578      
32.406         1.02632        0.0625923      
32.406         1.10526        0.0677622      
32.406         1.18421        0.0729644      
32.406         1.26316        0.0781956      
32.406         1.34211        0.0834527      
32.406         1.42105        0.0887329      
32.406         1.5            0.0940333      
32.5952        0              0              
32.5952        0.0789474      0.00446175     
32.5952        0.157895       0.0090099      
32.5952        0.236842       0.0136393      
32.5952        0.315789       0.0183451      
32.5952        0.394737       0.0231224      
32.5952        0.473684       0.0279666      
32.5952        0.552632       0.0328734      
32.5952        0.631579       0.0378384      
32.5952        0.710526       0.0428574      
32.5952        0.789474       0.0479265      
32.5952        0.868421       0.0530419      
32.5952        0.947368       0.0581997      
32.5952        1.02632        0.0633966      
32.5952        1.10526        0.068629       
32.5952        1.18421        0.0738936      
32.5952        1.26316        0.0791872      
32.5952        1.34211        0.0845068      
32.5952        1.42105        0.0898494      
32.5952        1.5            0.0952123      
32.7843        0              0              
32.7843        0.0789474      0.00452251     
32.7843        0.157895       0.0091316      
32.7843        0.236842       0.0138221      
32.7843        0.315789       0.0185891      
32.7843        0.394737       0.0234279      
32.7843        0.473684       0.0283336      
32.7843        0.552632       0.033302       
32.7843        0.631579       0.0383287      
32.7843        0.710526       0.0434096      
32.7843        0.789474       0.0485406      
32.7843        0.868421       0.0537179      
32.7843        0.947368       0.0589379      
32.7843        1.02632        0.0641968      
32.7843        1.10526        0.0694913      
32.7843        1.18421        0.074818       
32.7843        1.26316        0.0801738      
32.7843        1.34211        0.0855556      
32.7843        1.42105        0.0909604      
32.7843        1.5            0.0963853      
32.9735        0              0              
32.9735        0.0789474      0.00458297     
32.9735        0.157895       0.00925269     
32.9735        0.236842       0.014004       
32.9735        0.315789       0.018832       
32.9735        0.394737       0.0237318      
32.9735        0.473684       0.0286987      
32.9735        0.552632       0.0337285      
32.9735        0.631579       0.0388166      
32.9735        0.710526       0.043959       
32.9735        0.789474       0.0491516      
32.9735        0.868421       0.0543906      
32.9735        0.947368       0.0596722      
32.9735        1.02632        0.0649929      
32.9735        1.10526        0.0703492      
32.9735        1.18421        0.0757378      
32.9735        1.26316        0.0811554      
32.9735        1.34211        0.0865991      
32.9735        1.42105        0.0920657      
32.9735        1.5            0.0975525      
33.1626        0              0              
33.1626        0.0789474      0.00464311     
33.1626        0.157895       0.00937315     
33.1626        0.236842       0.014185       
33.1626        0.315789       0.0190735      
33.1626        0.394737       0.0240341      
33.1626        0.473684       0.029062       
33.1626        0.552632       0.0341527      
33.1626        0.631579       0.0393019      
33.1626        0.710526       0.0445055      
33.1626        0.789474       0.0497594      
33.1626        0.868421       0.0550598      
33.1626        0.947368       0.0604028      
33.1626        1.02632        0.065785       
33.1626        1.10526        0.0712028      
33.1626        1.18421        0.0766529      
33.1626        1.26316        0.082132       
33.1626        1.34211        0.0876372      
33.1626        1.42105        0.0931654      
33.1626        1.5            0.0987137      
33.3518        0              0              
33.3518        0.0789474      0.00470295     
33.3518        0.157895       0.009493       
33.3518        0.236842       0.014365       
33.3518        0.315789       0.0193139      
33.3518        0.394737       0.0243349      
33.3518        0.473684       0.0294234      
33.3518        0.552632       0.0345748      
33.3518        0.631579       0.0397848      
33.3518        0.710526       0.0450493      
33.3518        0.789474       0.0503641      
33.3518        0.868421       0.0557255      
33.3518        0.947368       0.0611297      
33.3518        1.02632        0.066573       
33.3518        1.10526        0.072052       
33.3518        1.18421        0.0775633      
33.3518        1.26316        0.0831037      
33.3518        1.34211        0.0886701      
33.3518        1.42105        0.0942595      
33.3518        1.5            0.0998691      
33.5409        0              0              
33.5409        0.0789474      0.00476248     
33.5409        0.157895       0.00961224     
33.5409        0.236842       0.0145441      
33.5409        0.315789       0.019553       
33.5409        0.394737       0.0246341      
33.5409        0.473684       0.0297829      
33.5409        0.552632       0.0349947      
33.5409        0.631579       0.0402652      
33.5409        0.710526       0.0455902      
33.5409        0.789474       0.0509657      
33.5409        0.868421       0.0563879      
33.5409        0.947368       0.0618528      
33.5409        1.02632        0.0673569      
33.5409        1.10526        0.0728968      
33.5409        1.18421        0.078469       
33.5409        1.26316        0.0840703      
33.5409        1.34211        0.0896977      
33.5409        1.42105        0.0953481      
33.5409        1.5            0.101019       
33.7301        0              0              
33.7301        0.0789474      0.00482171     
33.7301        0.157895       0.00973086     
33.7301        0.236842       0.0147222      
33.7301        0.315789       0.0197909      
33.7301        0.394737       0.0249318      
33.7301        0.473684       0.0301405      
33.7301        0.552632       0.0354124      
33.7301        0.631579       0.0407431      
33.7301        0.710526       0.0461284      
33.7301        0.789474       0.0515643      
33.7301        0.868421       0.0570468      
33.7301        0.947368       0.0625722      
33.7301        1.02632        0.0681369      
33.7301        1.10526        0.0737373      
33.7301        1.18421        0.0793701      
33.7301        1.26316        0.0850321      
33.7301        1.34211        0.09072        
33.7301        1.42105        0.096431       
33.7301        1.5            0.102162       
33.9193        0              0              
33.9193        0.0789474      0.00488063     
33.9193        0.157895       0.00984886     
33.9193        0.236842       0.0148995      
33.9193        0.315789       0.0200275      
33.9193        0.394737       0.025228       
33.9193        0.473684       0.0304963      
33.9193        0.552632       0.035828       
33.9193        0.631579       0.0412185      
33.9193        0.710526       0.0466638      
33.9193        0.789474       0.0521597      
33.9193        0.868421       0.0577023      
33.9193        0.947368       0.0632879      
33.9193        1.02632        0.0689128      
33.9193        1.10526        0.0745734      
33.9193        1.18421        0.0802666      
33.9193        1.26316        0.0859888      
33.9193        1.34211        0.0917371      
33.9193        1.42105        0.0975085      
33.9193        1.5            0.1033         
34.1084        0              0              
34.1084        0.0789474      0.00493924     
34.1084        0.157895       0.00996626     
34.1084        0.236842       0.0150758      
34.1084        0.315789       0.0202629      
34.1084        0.394737       0.0255226      
34.1084        0.473684       0.0308503      
34.1084        0.552632       0.0362414      
34.1084        0.631579       0.0416915      
34.1084        0.710526       0.0471964      
34.1084        0.789474       0.052752       
34.1084        0.868421       0.0583544      
34.1084        0.947368       0.0639998      
34.1084        1.02632        0.0696846      
34.1084        1.10526        0.0754053      
34.1084        1.18421        0.0811584      
34.1084        1.26316        0.0869407      
34.1084        1.34211        0.092749       
34.1084        1.42105        0.0985804      
34.1084        1.5            0.104432       
34.2976        0              0              
34.2976        0.0789474      0.00499755     
34.2976        0.157895       0.010083       
34.2976        0.236842       0.0152512      
34.2976        0.315789       0.0204971      
34.2976        0.394737       0.0258157      
34.2976        0.473684       0.0312024      
34.2976        0.552632       0.0366526      
34.2976        0.631579       0.0421619      
34.2976        0.710526       0.0477262      
34.2976        0.789474       0.0533412      
34.2976        0.868421       0.0590031      
34.2976        0.947368       0.0647081      
34.2976        1.02632        0.0704525      
34.2976        1.10526        0.0762328      
34.2976        1.18421        0.0820456      
34.2976        1.26316        0.0878876      
34.2976        1.34211        0.0937557      
34.2976        1.42105        0.0996467      
34.2976        1.5            0.105558       
34.4867        0              0              
34.4867        0.0789474      0.00505556     
34.4867        0.157895       0.0101992      
34.4867        0.236842       0.0154257      
34.4867        0.315789       0.02073        
34.4867        0.394737       0.0261073      
34.4867        0.473684       0.0315527      
34.4867        0.552632       0.0370617      
34.4867        0.631579       0.04263        
34.4867        0.710526       0.0482532      
34.4867        0.789474       0.0539274      
34.4867        0.868421       0.0596485      
34.4867        0.947368       0.0654127      
34.4867        1.02632        0.0712164      
34.4867        1.10526        0.0770561      
34.4867        1.18421        0.0829282      
34.4867        1.26316        0.0888296      
34.4867        1.34211        0.0947571      
34.4867        1.42105        0.100708       
34.4867        1.5            0.106678       
34.6759        0              0              
34.6759        0.0789474      0.00511326     
34.6759        0.157895       0.0103148      
34.6759        0.236842       0.0155993      
34.6759        0.315789       0.0209618      
34.6759        0.394737       0.0263973      
34.6759        0.473684       0.0319011      
34.6759        0.552632       0.0374687      
34.6759        0.631579       0.0430956      
34.6759        0.710526       0.0487776      
34.6759        0.789474       0.0545105      
34.6759        0.868421       0.0602905      
34.6759        0.947368       0.0661137      
34.6759        1.02632        0.0719764      
34.6759        1.10526        0.077875       
34.6759        1.18421        0.0838063      
34.6759        1.26316        0.0897668      
34.6759        1.34211        0.0957534      
34.6759        1.42105        0.101763       
34.6759        1.5            0.107793       
34.8651        0              0              
34.8651        0.0789474      0.00517066     
34.8651        0.157895       0.0104297      
34.8651        0.236842       0.015772       
34.8651        0.315789       0.0211923      
34.8651        0.394737       0.0266858      
34.8651        0.473684       0.0322477      
34.8651        0.552632       0.0378735      
34.8651        0.631579       0.0435587      
34.8651        0.710526       0.0492991      
34.8651        0.789474       0.0550906      
34.8651        0.868421       0.0609291      
34.8651        0.947368       0.0668109      
34.8651        1.02632        0.0727323      
34.8651        1.10526        0.0786898      
34.8651        1.18421        0.0846798      
34.8651        1.26316        0.0906991      
34.8651        1.34211        0.0967445      
34.8651        1.42105        0.102813       
34.8651        1.5            0.108902       
35.0542        0              0              
35.0542        0.0789474      0.00522777     
35.0542        0.157895       0.0105441      
35.0542        0.236842       0.0159438      
35.0542        0.315789       0.0214216      
35.0542        0.394737       0.0269728      
35.0542        0.473684       0.0325925      
35.0542        0.552632       0.0382762      
35.0542        0.631579       0.0440195      
35.0542        0.710526       0.049818       
35.0542        0.789474       0.0556676      
35.0542        0.868421       0.0615644      
35.0542        0.947368       0.0675046      
35.0542        1.02632        0.0734844      
35.0542        1.10526        0.0795002      
35.0542        1.18421        0.0855487      
35.0542        1.26316        0.0916266      
35.0542        1.34211        0.0977305      
35.0542        1.42105        0.103858       
35.0542        1.5            0.110005       
35.2434        0              0              
35.2434        0.0789474      0.00528457     
35.2434        0.157895       0.0106579      
35.2434        0.236842       0.0161146      
35.2434        0.315789       0.0216498      
35.2434        0.394737       0.0272583      
35.2434        0.473684       0.0329355      
35.2434        0.552632       0.0386769      
35.2434        0.631579       0.0444778      
35.2434        0.710526       0.0503341      
35.2434        0.789474       0.0562416      
35.2434        0.868421       0.0621964      
35.2434        0.947368       0.0681946      
35.2434        1.02632        0.0742325      
35.2434        1.10526        0.0803065      
35.2434        1.18421        0.0864132      
35.2434        1.26316        0.0925492      
35.2434        1.34211        0.0987114      
35.2434        1.42105        0.104897       
35.2434        1.5            0.111102       
35.4325        0              0              
35.4325        0.0789474      0.00534107     
35.4325        0.157895       0.010771       
35.4325        0.236842       0.0162846      
35.4325        0.315789       0.0218767      
35.4325        0.394737       0.0275423      
35.4325        0.473684       0.0332767      
35.4325        0.552632       0.0390754      
35.4325        0.631579       0.0449337      
35.4325        0.710526       0.0508475      
35.4325        0.789474       0.0568127      
35.4325        0.868421       0.0628251      
35.4325        0.947368       0.068881       
35.4325        1.02632        0.0749767      
35.4325        1.10526        0.0811085      
35.4325        1.18421        0.0872731      
35.4325        1.26316        0.0934671      
35.4325        1.34211        0.0996872      
35.4325        1.42105        0.105931       
35.4325        1.5            0.112194       
35.6217        0              0              
35.6217        0.0789474      0.00539728     
35.6217        0.157895       0.0108836      
35.6217        0.236842       0.0164537      
35.6217        0.315789       0.0221024      
35.6217        0.394737       0.0278248      
35.6217        0.473684       0.0336161      
35.6217        0.552632       0.0394718      
35.6217        0.631579       0.0453872      
35.6217        0.710526       0.0513583      
35.6217        0.789474       0.0573807      
35.6217        0.868421       0.0634505      
35.6217        0.947368       0.0695638      
35.6217        1.02632        0.075717       
35.6217        1.10526        0.0819064      
35.6217        1.18421        0.0881286      
35.6217        1.26316        0.0943802      
35.6217        1.34211        0.100658       
35.6217        1.42105        0.106959       
35.6217        1.5            0.11328        
35.8108        0              0              
35.8108        0.0789474      0.00545319     
35.8108        0.157895       0.0109956      
35.8108        0.236842       0.0166219      
35.8108        0.315789       0.0223269      
35.8108        0.394737       0.0281058      
35.8108        0.473684       0.0339538      
35.8108        0.552632       0.0398661      
35.8108        0.631579       0.0458384      
35.8108        0.710526       0.0518663      
35.8108        0.789474       0.0579457      
35.8108        0.868421       0.0640726      
35.8108        0.947368       0.0702431      
35.8108        1.02632        0.0764535      
35.8108        1.10526        0.0827001      
35.8108        1.18421        0.0889796      
35.8108        1.26316        0.0952885      
35.8108        1.34211        0.101624       
35.8108        1.42105        0.107982       
35.8108        1.5            0.114361       
36             0              0              
36             0.0789474      0.0055088      
36             0.157895       0.011107       
36             0.236842       0.0167892      
36             0.315789       0.0225503      
36             0.394737       0.0283854      
36             0.473684       0.0342896      
36             0.552632       0.0402583      
36             0.631579       0.0462871      
36             0.710526       0.0523717      
36             0.789474       0.0585078      
36             0.868421       0.0646914      
36             0.947368       0.0709188      
36             1.02632        0.077186       
36             1.10526        0.0834897      
36             1.18421        0.0898261      
36             1.26316        0.0961921      
36             1.34211        0.102584       
36             1.42105        0.109          
36             1.5            0.115435       
