17.2733   36        100       0         1.5       20        
17.2733        0              0              
17.2733        0.0789474      0              
17.2733        0.157895       0              
17.2733        0.236842       0              
17.2733        0.315789       0              
17.2733        0.394737       0              
17.2733        0.473684       0              
17.2733        0.552632       0              
17.2733        0.631579       0              
17.2733        0.710526       0              
17.2733        0.789474       0              
17.2733        0.868421       0              
17.2733        0.947368       0              
17.2733        1.02632        0              
17.2733        1.10526        0              
17.2733        1.18421        0              
17.2733        1.26316        0              
17.2733        1.34211        0              
17.2733        1.42105        0              
17.2733        1.5            0              
17.4625        0              0              
17.4625        0.0789474      0              
17.4625        0.157895       0              
17.4625        0.236842       0              
17.4625        0.315789       0              
17.4625        0.394737       0              
17.4625        0.473684       0              
17.4625        0.552632       0              
17.4625        0.631579       0              
17.4625        0.710526       0              
17.4625        0.789474       0              
17.4625        0.868421       0              
17.4625        0.947368       0              
17.4625        1.02632        0              
17.4625        1.10526        0              
17.4625        1.18421        0              
17.4625        1.26316        0              
17.4625        1.34211        0              
17.4625        1.42105        0              
17.4625        1.5            0              
17.6516        0              0              
17.6516        0.0789474      0              
17.6516        0.157895       0              
17.6516        0.236842       0              
17.6516        0.315789       0              
17.6516        0.394737       0              
17.6516        0.473684       0              
17.6516        0.552632       0              
17.6516        0.631579       0              
17.6516        0.710526       0              
17.6516        0.789474       0              
17.6516        0.868421       0              
17.6516        0.947368       0              
17.6516        1.02632        0              
17.6516        1.10526        0              
17.6516        1.18421        0              
17.6516        1.26316        0              
17.6516        1.34211        0              
17.6516        1.42105        0              
17.6516        1.5            0              
17.8408        0              0              
17.8408        0.0789474      0              
17.8408        0.157895       0              
17.8408        0.236842       0              
17.8408        0.315789       0              
17.8408        0.394737       0              
17.8408        0.473684       0              
17.8408        0.552632       0              
17.8408        0.631579       0              
17.8408        0.710526       0              
17.8408        0.789474       0              
17.8408        0.868421       0              
17.8408        0.947368       0              
17.8408        1.02632        0              
17.8408        1.10526        0              
17.8408        1.18421        0              
17.8408        1.26316        0              
17.8408        1.34211        0              
17.8408        1.42105        0              
17.8408        1.5            0              
18.03          0              0              
18.03          0.0789474      0              
18.03          0.157895       0              
18.03          0.236842       0              
18.03          0.315789       0              
18.03          0.394737       0              
18.03          0.473684       0              
18.03          0.552632       0              
18.03          0.631579       0              
18.03          0.710526       0              
18.03          0.789474       0              
18.03          0.868421       0              
18.03          0.947368       0              
18.03          1.02632        0              
18.03          1.10526        0              
18.03          1.18421        0              
18.03          1.26316        0              
18.03          1.34211        0              
18.03          1.42105        0              
18.03          1.5            0              
18.2191        0              0              
18.2191        0.0789474      0              
18.2191        0.157895       0              
18.2191        0.236842       0              
18.2191        0.315789       0              
18.2191        0.394737       0              
18.2191        0.473684       0              
18.2191        0.552632       0              
18.2191        0.631579       0              
18.2191        0.710526       0              
18.2191        0.789474       0              
18.2191        0.868421       0              
18.2191        0.947368       0              
18.2191        1.02632        0              
18.2191        1.10526        0              
18.2191        1.18421        0              
18.2191        1.26316        0              
18.2191        1.34211        0              
18.2191        1.42105        0              
18.2191        1.5            0              
18.4083        0              0              
18.4083        0.0789474      0              
18.4083        0.157895       0              
18.4083        0.236842       0              
18.4083        0.315789       0              
18.4083        0.394737       0              
18.4083        0.473684       0              
18.4083        0.552632       0              
18.4083        0.631579       0              
18.4083        0.710526       0              
18.4083        0.789474       0              
18.4083        0.868421       0              
18.4083        0.947368       0              
18.4083        1.02632        0              
18.4083        1.10526        0              
18.4083        1.18421        0              
18.4083        1.26316        0              
18.4083        1.34211        0              
18.4083        1.42105        0              
18.4083        1.5            0              
18.5974        0              0              
18.5974        0.0789474      0              
18.5974        0.157895       0              
18.5974        0.236842       0              
18.5974        0.315789       0              
18.5974        0.394737       0              
18.5974        0.473684       0              
18.5974        0.552632       0              
18.5974        0.631579       0              
18.5974        0.710526       0              
18.5974        0.789474       0              
18.5974        0.868421       0              
18.5974        0.947368       0              
18.5974        1.02632        0              
18.5974        1.10526        0              
18.5974        1.18421        0              
18.5974        1.26316        0              
18.5974        1.34211        0              
18.5974        1.42105        0              
18.5974        1.5            0              
18.7866        0              0              
18.7866        0.0789474      0              
18.7866        0.157895       0              
18.7866        0.236842       0              
18.7866        0.315789       0              
18.7866        0.394737       0              
18.7866        0.473684       0              
18.7866        0.552632       0              
18.7866        0.631579       0              
18.7866        0.710526       0              
18.7866        0.789474       0              
18.7866        0.868421       0              
18.7866        0.947368       0              
18.7866        1.02632        0              
18.7866        1.10526        0              
18.7866        1.18421        0              
18.7866        1.26316        0              
18.7866        1.34211        0              
18.7866        1.42105        0              
18.7866        1.5            0              
18.9758        0              0              
18.9758        0.0789474      0              
18.9758        0.157895       0              
18.9758        0.236842       0              
18.9758        0.315789       0              
18.9758        0.394737       0              
18.9758        0.473684       0              
18.9758        0.552632       0              
18.9758        0.631579       0              
18.9758        0.710526       0              
18.9758        0.789474       0              
18.9758        0.868421       0              
18.9758        0.947368       0              
18.9758        1.02632        0              
18.9758        1.10526        0              
18.9758        1.18421        0              
18.9758        1.26316        0              
18.9758        1.34211        0              
18.9758        1.42105        0              
18.9758        1.5            0              
19.1649        0              0              
19.1649        0.0789474      0              
19.1649        0.157895       0              
19.1649        0.236842       0              
19.1649        0.315789       0              
19.1649        0.394737       0              
19.1649        0.473684       0              
19.1649        0.552632       0              
19.1649        0.631579       0              
19.1649        0.710526       0              
19.1649        0.789474       0              
19.1649        0.868421       0              
19.1649        0.947368       0              
19.1649        1.02632        0              
19.1649        1.10526        0              
19.1649        1.18421        0              
19.1649        1.26316        0              
19.1649        1.34211        0              
19.1649        1.42105        0              
19.1649        1.5            0              
19.3541        0              0              
19.3541        0.0789474      0              
19.3541        0.157895       0              
19.3541        0.236842       0              
19.3541        0.315789       0              
19.3541        0.394737       0              
19.3541        0.473684       0              
19.3541        0.552632       0              
19.3541        0.631579       0              
19.3541        0.710526       0              
19.3541        0.789474       0              
19.3541        0.868421       0              
19.3541        0.947368       0              
19.3541        1.02632        0              
19.3541        1.10526        0              
19.3541        1.18421        0              
19.3541        1.26316        0              
19.3541        1.34211        0              
19.3541        1.42105        0              
19.3541        1.5            0              
19.5432        0              0              
19.5432        0.0789474      0              
19.5432        0.157895       0              
19.5432        0.236842       0              
19.5432        0.315789       0              
19.5432        0.394737       0              
19.5432        0.473684       0              
19.5432        0.552632       0              
19.5432        0.631579       0              
19.5432        0.710526       0              
19.5432        0.789474       0              
19.5432        0.868421       0              
19.5432        0.947368       0              
19.5432        1.02632        0              
19.5432        1.10526        0              
19.5432        1.18421        0              
19.5432        1.26316        0              
19.5432        1.34211        0              
19.5432        1.42105        0              
19.5432        1.5            0              
19.7324        0              0              
19.7324        0.0789474      0              
19.7324        0.157895       0              
19.7324        0.236842       0              
19.7324        0.315789       0              
19.7324        0.394737       0              
19.7324        0.473684       0              
19.7324        0.552632       0              
19.7324        0.631579       0              
19.7324        0.710526       0              
19.7324        0.789474       0              
19.7324        0.868421       0              
19.7324        0.947368       0              
19.7324        1.02632        0              
19.7324        1.10526        0              
19.7324        1.18421        0              
19.7324        1.26316        0              
19.7324        1.34211        0              
19.7324        1.42105        0              
19.7324        1.5            0              
19.9215        0              0              
19.9215        0.0789474      0              
19.9215        0.157895       0              
19.9215        0.236842       0              
19.9215        0.315789       0              
19.9215        0.394737       0              
19.9215        0.473684       0              
19.9215        0.552632       0              
19.9215        0.631579       0              
19.9215        0.710526       0              
19.9215        0.789474       0              
19.9215        0.868421       0              
19.9215        0.947368       0              
19.9215        1.02632        0              
19.9215        1.10526        0              
19.9215        1.18421        0              
19.9215        1.26316        0              
19.9215        1.34211        0              
19.9215        1.42105        0              
19.9215        1.5            0              
20.1107        0              0              
20.1107        0.0789474      0              
20.1107        0.157895       0              
20.1107        0.236842       0              
20.1107        0.315789       0              
20.1107        0.394737       0              
20.1107        0.473684       0              
20.1107        0.552632       0              
20.1107        0.631579       0              
20.1107        0.710526       0              
20.1107        0.789474       0              
20.1107        0.868421       0              
20.1107        0.947368       0              
20.1107        1.02632        0              
20.1107        1.10526        0              
20.1107        1.18421        0              
20.1107        1.26316        0              
20.1107        1.34211        0              
20.1107        1.42105        0              
20.1107        1.5            0              
20.2999        0              0              
20.2999        0.0789474      0              
20.2999        0.157895       0              
20.2999        0.236842       0              
20.2999        0.315789       0              
20.2999        0.394737       0              
20.2999        0.473684       0              
20.2999        0.552632       0              
20.2999        0.631579       0              
20.2999        0.710526       0              
20.2999        0.789474       0              
20.2999        0.868421       0              
20.2999        0.947368       0              
20.2999        1.02632        0              
20.2999        1.10526        0              
20.2999        1.18421        0              
20.2999        1.26316        0              
20.2999        1.34211        0              
20.2999        1.42105        0              
20.2999        1.5            0              
20.489         0              0              
20.489         0.0789474      0              
20.489         0.157895       0              
20.489         0.236842       0              
20.489         0.315789       0              
20.489         0.394737       0              
20.489         0.473684       0              
20.489         0.552632       0              
20.489         0.631579       0              
20.489         0.710526       0              
20.489         0.789474       0              
20.489         0.868421       0              
20.489         0.947368       0              
20.489         1.02632        0              
20.489         1.10526        0              
20.489         1.18421        0              
20.489         1.26316        0              
20.489         1.34211        0              
20.489         1.42105        0              
20.489         1.5            0              
20.6782        0              0              
20.6782        0.0789474      0              
20.6782        0.157895       0              
20.6782        0.236842       0              
20.6782        0.315789       0              
20.6782        0.394737       0              
20.6782        0.473684       0              
20.6782        0.552632       0              
20.6782        0.631579       0              
20.6782        0.710526       0              
20.6782        0.789474       0              
20.6782        0.868421       0              
20.6782        0.947368       0              
20.6782        1.02632        0              
20.6782        1.10526        0              
20.6782        1.18421        0              
20.6782        1.26316        0              
20.6782        1.34211        0              
20.6782        1.42105        0              
20.6782        1.5            0              
20.8673        0              0              
20.8673        0.0789474      0              
20.8673        0.157895       0              
20.8673        0.236842       0              
20.8673        0.315789       0              
20.8673        0.394737       0              
20.8673        0.473684       0              
20.8673        0.552632       0              
20.8673        0.631579       0              
20.8673        0.710526       0              
20.8673        0.789474       0              
20.8673        0.868421       0              
20.8673        0.947368       0              
20.8673        1.02632        0              
20.8673        1.10526        0              
20.8673        1.18421        0              
20.8673        1.26316        0              
20.8673        1.34211        0              
20.8673        1.42105        0              
20.8673        1.5            0              
21.0565        0              0              
21.0565        0.0789474      0              
21.0565        0.157895       0              
21.0565        0.236842       0              
21.0565        0.315789       0              
21.0565        0.394737       0              
21.0565        0.473684       0              
21.0565        0.552632       0              
21.0565        0.631579       0              
21.0565        0.710526       0              
21.0565        0.789474       0              
21.0565        0.868421       0              
21.0565        0.947368       0              
21.0565        1.02632        0              
21.0565        1.10526        0              
21.0565        1.18421        0              
21.0565        1.26316        0              
21.0565        1.34211        0              
21.0565        1.42105        0              
21.0565        1.5            0              
21.2457        0              0              
21.2457        0.0789474      0              
21.2457        0.157895       0              
21.2457        0.236842       0              
21.2457        0.315789       0              
21.2457        0.394737       0              
21.2457        0.473684       0              
21.2457        0.552632       0              
21.2457        0.631579       0              
21.2457        0.710526       0              
21.2457        0.789474       0              
21.2457        0.868421       0              
21.2457        0.947368       0              
21.2457        1.02632        0              
21.2457        1.10526        0              
21.2457        1.18421        0              
21.2457        1.26316        0              
21.2457        1.34211        0              
21.2457        1.42105        0              
21.2457        1.5            0              
21.4348        0              0              
21.4348        0.0789474      0              
21.4348        0.157895       0              
21.4348        0.236842       0              
21.4348        0.315789       0              
21.4348        0.394737       0              
21.4348        0.473684       0              
21.4348        0.552632       0              
21.4348        0.631579       0              
21.4348        0.710526       0              
21.4348        0.789474       0              
21.4348        0.868421       0              
21.4348        0.947368       0              
21.4348        1.02632        0              
21.4348        1.10526        0              
21.4348        1.18421        0              
21.4348        1.26316        0              
21.4348        1.34211        0              
21.4348        1.42105        0              
21.4348        1.5            0              
21.624         0              0              
21.624         0.0789474      0              
21.624         0.157895       0              
21.624         0.236842       0              
21.624         0.315789       0              
21.624         0.394737       0              
21.624         0.473684       0              
21.624         0.552632       0              
21.624         0.631579       0              
21.624         0.710526       0              
21.624         0.789474       0              
21.624         0.868421       0              
21.624         0.947368       0              
21.624         1.02632        0              
21.624         1.10526        0              
21.624         1.18421        0              
21.624         1.26316        0              
21.624         1.34211        0              
21.624         1.42105        0              
21.624         1.5            0              
21.8131        0              0              
21.8131        0.0789474      0              
21.8131        0.157895       0              
21.8131        0.236842       0              
21.8131        0.315789       0              
21.8131        0.394737       0              
21.8131        0.473684       0              
21.8131        0.552632       0              
21.8131        0.631579       0              
21.8131        0.710526       0              
21.8131        0.789474       0              
21.8131        0.868421       0              
21.8131        0.947368       0              
21.8131        1.02632        0              
21.8131        1.10526        0              
21.8131        1.18421        0              
21.8131        1.26316        0              
21.8131        1.34211        0              
21.8131        1.42105        0              
21.8131        1.5            0              
22.0023        0              0              
22.0023        0.0789474      0              
22.0023        0.157895       0              
22.0023        0.236842       0              
22.0023        0.315789       0              
22.0023        0.394737       0              
22.0023        0.473684       0              
22.0023        0.552632       0              
22.0023        0.631579       0              
22.0023        0.710526       0              
22.0023        0.789474       0              
22.0023        0.868421       0              
22.0023        0.947368       0              
22.0023        1.02632        0              
22.0023        1.10526        0              
22.0023        1.18421        0              
22.0023        1.26316        0              
22.0023        1.34211        0              
22.0023        1.42105        0              
22.0023        1.5            0              
22.1914        0              0              
22.1914        0.0789474      0              
22.1914        0.157895       0              
22.1914        0.236842       0              
22.1914        0.315789       0              
22.1914        0.394737       0              
22.1914        0.473684       0              
22.1914        0.552632       0              
22.1914        0.631579       0              
22.1914        0.710526       0              
22.1914        0.789474       0              
22.1914        0.868421       0              
22.1914        0.947368       0              
22.1914        1.02632        0              
22.1914        1.10526        0              
22.1914        1.18421        0              
22.1914        1.26316        0              
22.1914        1.34211        0              
22.1914        1.42105        0              
22.1914        1.5            0              
22.3806        0              0              
22.3806        0.0789474      0              
22.3806        0.157895       0              
22.3806        0.236842       0              
22.3806        0.315789       0              
22.3806        0.394737       0              
22.3806        0.473684       0              
22.3806        0.552632       0              
22.3806        0.631579       0              
22.3806        0.710526       0              
22.3806        0.789474       0              
22.3806        0.868421       0              
22.3806        0.947368       0              
22.3806        1.02632        0              
22.3806        1.10526        0              
22.3806        1.18421        0              
22.3806        1.26316        0              
22.3806        1.34211        0              
22.3806        1.42105        0              
22.3806        1.5            0              
22.5698        0              0              
22.5698        0.0789474      0              
22.5698        0.157895       0              
22.5698        0.236842       0              
22.5698        0.315789       0              
22.5698        0.394737       0              
22.5698        0.473684       0              
22.5698        0.552632       0              
22.5698        0.631579       0              
22.5698        0.710526       0              
22.5698        0.789474       0              
22.5698        0.868421       0              
22.5698        0.947368       0              
22.5698        1.02632        0              
22.5698        1.10526        0              
22.5698        1.18421        0              
22.5698        1.26316        0              
22.5698        1.34211        0              
22.5698        1.42105        0              
22.5698        1.5            0              
22.7589        0              0              
22.7589        0.0789474      0              
22.7589        0.157895       0              
22.7589        0.236842       0              
22.7589        0.315789       0              
22.7589        0.394737       0              
22.7589        0.473684       0              
22.7589        0.552632       0              
22.7589        0.631579       0              
22.7589        0.710526       0              
22.7589        0.789474       0              
22.7589        0.868421       0              
22.7589        0.947368       0              
22.7589        1.02632        0              
22.7589        1.10526        0              
22.7589        1.18421        0              
22.7589        1.26316        0              
22.7589        1.34211        0              
22.7589        1.42105        0              
22.7589        1.5            0              
22.9481        0              0              
22.9481        0.0789474      0              
22.9481        0.157895       0              
22.9481        0.236842       0              
22.9481        0.315789       0              
22.9481        0.394737       0              
22.9481        0.473684       0              
22.9481        0.552632       0              
22.9481        0.631579       0              
22.9481        0.710526       0              
22.9481        0.789474       0              
22.9481        0.868421       0              
22.9481        0.947368       0              
22.9481        1.02632        0              
22.9481        1.10526        0              
22.9481        1.18421        0              
22.9481        1.26316        0              
22.9481        1.34211        0              
22.9481        1.42105        0              
22.9481        1.5            0              
23.1372        0              0              
23.1372        0.0789474      0              
23.1372        0.157895       0              
23.1372        0.236842       0              
23.1372        0.315789       0              
23.1372        0.394737       0              
23.1372        0.473684       0              
23.1372        0.552632       0              
23.1372        0.631579       0              
23.1372        0.710526       0              
23.1372        0.789474       0              
23.1372        0.868421       0              
23.1372        0.947368       0              
23.1372        1.02632        0              
23.1372        1.10526        0              
23.1372        1.18421        0              
23.1372        1.26316        0              
23.1372        1.34211        0              
23.1372        1.42105        0              
23.1372        1.5            0              
23.3264        0              0              
23.3264        0.0789474      0              
23.3264        0.157895       0              
23.3264        0.236842       0              
23.3264        0.315789       0              
23.3264        0.394737       0              
23.3264        0.473684       0              
23.3264        0.552632       0              
23.3264        0.631579       0              
23.3264        0.710526       0              
23.3264        0.789474       0              
23.3264        0.868421       0              
23.3264        0.947368       0              
23.3264        1.02632        0              
23.3264        1.10526        0              
23.3264        1.18421        0              
23.3264        1.26316        0              
23.3264        1.34211        0              
23.3264        1.42105        0              
23.3264        1.5            0              
23.5156        0              0              
23.5156        0.0789474      0              
23.5156        0.157895       0              
23.5156        0.236842       0              
23.5156        0.315789       0              
23.5156        0.394737       0              
23.5156        0.473684       0              
23.5156        0.552632       0              
23.5156        0.631579       0              
23.5156        0.710526       0              
23.5156        0.789474       0              
23.5156        0.868421       0              
23.5156        0.947368       0              
23.5156        1.02632        0              
23.5156        1.10526        0              
23.5156        1.18421        0              
23.5156        1.26316        0              
23.5156        1.34211        0              
23.5156        1.42105        0              
23.5156        1.5            0              
23.7047        0              0              
23.7047        0.0789474      0              
23.7047        0.157895       0              
23.7047        0.236842       0              
23.7047        0.315789       0              
23.7047        0.394737       0              
23.7047        0.473684       0              
23.7047        0.552632       0              
23.7047        0.631579       0              
23.7047        0.710526       0              
23.7047        0.789474       0              
23.7047        0.868421       0              
23.7047        0.947368       0              
23.7047        1.02632        0              
23.7047        1.10526        0              
23.7047        1.18421        0              
23.7047        1.26316        0              
23.7047        1.34211        0              
23.7047        1.42105        0              
23.7047        1.5            0              
23.8939        0              0              
23.8939        0.0789474      0              
23.8939        0.157895       0              
23.8939        0.236842       0              
23.8939        0.315789       0              
23.8939        0.394737       0              
23.8939        0.473684       0              
23.8939        0.552632       0              
23.8939        0.631579       0              
23.8939        0.710526       0              
23.8939        0.789474       0              
23.8939        0.868421       0              
23.8939        0.947368       0              
23.8939        1.02632        0              
23.8939        1.10526        0              
23.8939        1.18421        0              
23.8939        1.26316        0              
23.8939        1.34211        0              
23.8939        1.42105        0              
23.8939        1.5            0              
24.083         0              0              
24.083         0.0789474      0              
24.083         0.157895       0              
24.083         0.236842       0              
24.083         0.315789       0              
24.083         0.394737       0              
24.083         0.473684       0              
24.083         0.552632       0              
24.083         0.631579       0              
24.083         0.710526       0              
24.083         0.789474       0              
24.083         0.868421       0              
24.083         0.947368       0              
24.083         1.02632        0              
24.083         1.10526        0              
24.083         1.18421        0              
24.083         1.26316        0              
24.083         1.34211        0              
24.083         1.42105        0              
24.083         1.5            0              
24.2722        0              0              
24.2722        0.0789474      0              
24.2722        0.157895       0              
24.2722        0.236842       0              
24.2722        0.315789       0              
24.2722        0.394737       0              
24.2722        0.473684       0              
24.2722        0.552632       0              
24.2722        0.631579       0              
24.2722        0.710526       0              
24.2722        0.789474       0              
24.2722        0.868421       0              
24.2722        0.947368       0              
24.2722        1.02632        0              
24.2722        1.10526        0              
24.2722        1.18421        0              
24.2722        1.26316        0              
24.2722        1.34211        0              
24.2722        1.42105        0              
24.2722        1.5            0              
24.4613        0              0              
24.4613        0.0789474      0              
24.4613        0.157895       0              
24.4613        0.236842       0              
24.4613        0.315789       0              
24.4613        0.394737       0              
24.4613        0.473684       0              
24.4613        0.552632       0              
24.4613        0.631579       0              
24.4613        0.710526       0              
24.4613        0.789474       0              
24.4613        0.868421       0              
24.4613        0.947368       0              
24.4613        1.02632        0              
24.4613        1.10526        0              
24.4613        1.18421        0              
24.4613        1.26316        0              
24.4613        1.34211        0              
24.4613        1.42105        0              
24.4613        1.5            0              
24.6505        0              0              
24.6505        0.0789474      0              
24.6505        0.157895       0              
24.6505        0.236842       0              
24.6505        0.315789       0              
24.6505        0.394737       0              
24.6505        0.473684       0              
24.6505        0.552632       0              
24.6505        0.631579       0              
24.6505        0.710526       0              
24.6505        0.789474       0              
24.6505        0.868421       0              
24.6505        0.947368       0              
24.6505        1.02632        0              
24.6505        1.10526        0              
24.6505        1.18421        0              
24.6505        1.26316        0              
24.6505        1.34211        0              
24.6505        1.42105        0              
24.6505        1.5            0              
24.8397        0              0              
24.8397        0.0789474      0              
24.8397        0.157895       0              
24.8397        0.236842       0              
24.8397        0.315789       0              
24.8397        0.394737       0              
24.8397        0.473684       0              
24.8397        0.552632       0              
24.8397        0.631579       0              
24.8397        0.710526       0              
24.8397        0.789474       0              
24.8397        0.868421       0              
24.8397        0.947368       0              
24.8397        1.02632        0              
24.8397        1.10526        0              
24.8397        1.18421        0              
24.8397        1.26316        0              
24.8397        1.34211        0              
24.8397        1.42105        0              
24.8397        1.5            0              
25.0288        0              0              
25.0288        0.0789474      0              
25.0288        0.157895       0              
25.0288        0.236842       0              
25.0288        0.315789       0              
25.0288        0.394737       0              
25.0288        0.473684       0              
25.0288        0.552632       0              
25.0288        0.631579       0              
25.0288        0.710526       0              
25.0288        0.789474       0              
25.0288        0.868421       0              
25.0288        0.947368       0              
25.0288        1.02632        0              
25.0288        1.10526        0              
25.0288        1.18421        0              
25.0288        1.26316        0              
25.0288        1.34211        0              
25.0288        1.42105        0              
25.0288        1.5            0              
25.218         0              0              
25.218         0.0789474      0              
25.218         0.157895       0              
25.218         0.236842       0              
25.218         0.315789       0              
25.218         0.394737       0              
25.218         0.473684       0              
25.218         0.552632       0              
25.218         0.631579       0              
25.218         0.710526       0              
25.218         0.789474       0              
25.218         0.868421       0              
25.218         0.947368       0              
25.218         1.02632        0              
25.218         1.10526        0              
25.218         1.18421        0              
25.218         1.26316        0              
25.218         1.34211        0              
25.218         1.42105        0              
25.218         1.5            0              
25.4071        0              0              
25.4071        0.0789474      0              
25.4071        0.157895       0              
25.4071        0.236842       0              
25.4071        0.315789       0              
25.4071        0.394737       0              
25.4071        0.473684       0              
25.4071        0.552632       0              
25.4071        0.631579       0              
25.4071        0.710526       0              
25.4071        0.789474       0              
25.4071        0.868421       0              
25.4071        0.947368       0              
25.4071        1.02632        0              
25.4071        1.10526        0              
25.4071        1.18421        0              
25.4071        1.26316        0              
25.4071        1.34211        0              
25.4071        1.42105        0              
25.4071        1.5            0              
25.5963        0              0              
25.5963        0.0789474      0              
25.5963        0.157895       0              
25.5963        0.236842       0              
25.5963        0.315789       0              
25.5963        0.394737       0              
25.5963        0.473684       0              
25.5963        0.552632       0              
25.5963        0.631579       0              
25.5963        0.710526       0              
25.5963        0.789474       0              
25.5963        0.868421       0              
25.5963        0.947368       0              
25.5963        1.02632        0              
25.5963        1.10526        0              
25.5963        1.18421        0              
25.5963        1.26316        0              
25.5963        1.34211        0              
25.5963        1.42105        0              
25.5963        1.5            0              
25.7855        0              0              
25.7855        0.0789474      0              
25.7855        0.157895       0              
25.7855        0.236842       0              
25.7855        0.315789       0              
25.7855        0.394737       0              
25.7855        0.473684       0              
25.7855        0.552632       0              
25.7855        0.631579       0              
25.7855        0.710526       0              
25.7855        0.789474       0              
25.7855        0.868421       0              
25.7855        0.947368       0              
25.7855        1.02632        0              
25.7855        1.10526        0              
25.7855        1.18421        0              
25.7855        1.26316        0              
25.7855        1.34211        0              
25.7855        1.42105        0              
25.7855        1.5            0              
25.9746        0              0              
25.9746        0.0789474      0              
25.9746        0.157895       0              
25.9746        0.236842       0              
25.9746        0.315789       0              
25.9746        0.394737       0              
25.9746        0.473684       0              
25.9746        0.552632       0              
25.9746        0.631579       0              
25.9746        0.710526       0              
25.9746        0.789474       0              
25.9746        0.868421       0              
25.9746        0.947368       0              
25.9746        1.02632        0              
25.9746        1.10526        0              
25.9746        1.18421        0              
25.9746        1.26316        0              
25.9746        1.34211        0              
25.9746        1.42105        0              
25.9746        1.5            0              
26.1638        0              0              
26.1638        0.0789474      0              
26.1638        0.157895       0              
26.1638        0.236842       0              
26.1638        0.315789       0              
26.1638        0.394737       0              
26.1638        0.473684       0              
26.1638        0.552632       0              
26.1638        0.631579       0              
26.1638        0.710526       0              
26.1638        0.789474       0              
26.1638        0.868421       0              
26.1638        0.947368       0              
26.1638        1.02632        0              
26.1638        1.10526        0              
26.1638        1.18421        0              
26.1638        1.26316        0              
26.1638        1.34211        0              
26.1638        1.42105        0              
26.1638        1.5            0              
26.3529        0              0              
26.3529        0.0789474      0              
26.3529        0.157895       0              
26.3529        0.236842       0              
26.3529        0.315789       0              
26.3529        0.394737       0              
26.3529        0.473684       0              
26.3529        0.552632       0              
26.3529        0.631579       0              
26.3529        0.710526       0              
26.3529        0.789474       0              
26.3529        0.868421       0              
26.3529        0.947368       0              
26.3529        1.02632        0              
26.3529        1.10526        0              
26.3529        1.18421        0              
26.3529        1.26316        0              
26.3529        1.34211        0              
26.3529        1.42105        0              
26.3529        1.5            0              
26.5421        0              0              
26.5421        0.0789474      0              
26.5421        0.157895       0              
26.5421        0.236842       0              
26.5421        0.315789       0              
26.5421        0.394737       0              
26.5421        0.473684       0              
26.5421        0.552632       0              
26.5421        0.631579       0              
26.5421        0.710526       0              
26.5421        0.789474       0              
26.5421        0.868421       0              
26.5421        0.947368       0              
26.5421        1.02632        0              
26.5421        1.10526        0              
26.5421        1.18421        0              
26.5421        1.26316        0              
26.5421        1.34211        0              
26.5421        1.42105        0              
26.5421        1.5            0              
26.7312        0              0              
26.7312        0.0789474      0              
26.7312        0.157895       0              
26.7312        0.236842       0              
26.7312        0.315789       0              
26.7312        0.394737       0              
26.7312        0.473684       0              
26.7312        0.552632       0              
26.7312        0.631579       0              
26.7312        0.710526       0              
26.7312        0.789474       0              
26.7312        0.868421       0              
26.7312        0.947368       0              
26.7312        1.02632        0              
26.7312        1.10526        0              
26.7312        1.18421        0              
26.7312        1.26316        0              
26.7312        1.34211        0              
26.7312        1.42105        0              
26.7312        1.5            0              
26.9204        0              0              
26.9204        0.0789474      0              
26.9204        0.157895       0              
26.9204        0.236842       0              
26.9204        0.315789       0              
26.9204        0.394737       0              
26.9204        0.473684       0              
26.9204        0.552632       0              
26.9204        0.631579       0              
26.9204        0.710526       0              
26.9204        0.789474       0              
26.9204        0.868421       0              
26.9204        0.947368       0              
26.9204        1.02632        0              
26.9204        1.10526        0              
26.9204        1.18421        0              
26.9204        1.26316        0              
26.9204        1.34211        0              
26.9204        1.42105        0              
26.9204        1.5            0              
27.1096        0              0              
27.1096        0.0789474      0              
27.1096        0.157895       0              
27.1096        0.236842       0              
27.1096        0.315789       0              
27.1096        0.394737       0              
27.1096        0.473684       0              
27.1096        0.552632       0              
27.1096        0.631579       0              
27.1096        0.710526       0              
27.1096        0.789474       0              
27.1096        0.868421       0              
27.1096        0.947368       0              
27.1096        1.02632        0              
27.1096        1.10526        0              
27.1096        1.18421        0              
27.1096        1.26316        0              
27.1096        1.34211        0              
27.1096        1.42105        0              
27.1096        1.5            0              
27.2987        0              0              
27.2987        0.0789474      0              
27.2987        0.157895       0              
27.2987        0.236842       0              
27.2987        0.315789       0              
27.2987        0.394737       0              
27.2987        0.473684       0              
27.2987        0.552632       0              
27.2987        0.631579       0              
27.2987        0.710526       0              
27.2987        0.789474       0              
27.2987        0.868421       0              
27.2987        0.947368       0              
27.2987        1.02632        0              
27.2987        1.10526        0              
27.2987        1.18421        0              
27.2987        1.26316        0              
27.2987        1.34211        0              
27.2987        1.42105        0              
27.2987        1.5            0              
27.4879        0              0              
27.4879        0.0789474      0              
27.4879        0.157895       0              
27.4879        0.236842       0              
27.4879        0.315789       0              
27.4879        0.394737       0              
27.4879        0.473684       0              
27.4879        0.552632       0              
27.4879        0.631579       0              
27.4879        0.710526       0              
27.4879        0.789474       0              
27.4879        0.868421       0              
27.4879        0.947368       0              
27.4879        1.02632        0              
27.4879        1.10526        0              
27.4879        1.18421        0              
27.4879        1.26316        0              
27.4879        1.34211        0              
27.4879        1.42105        0              
27.4879        1.5            0              
27.677         0              0              
27.677         0.0789474      0              
27.677         0.157895       0              
27.677         0.236842       0              
27.677         0.315789       0              
27.677         0.394737       0              
27.677         0.473684       0              
27.677         0.552632       0              
27.677         0.631579       0              
27.677         0.710526       0              
27.677         0.789474       0              
27.677         0.868421       0              
27.677         0.947368       0              
27.677         1.02632        0              
27.677         1.10526        0              
27.677         1.18421        0              
27.677         1.26316        0              
27.677         1.34211        0              
27.677         1.42105        0              
27.677         1.5            0              
27.8662        0              0              
27.8662        0.0789474      0              
27.8662        0.157895       0              
27.8662        0.236842       0              
27.8662        0.315789       0              
27.8662        0.394737       0              
27.8662        0.473684       0              
27.8662        0.552632       0              
27.8662        0.631579       0              
27.8662        0.710526       0              
27.8662        0.789474       0              
27.8662        0.868421       0              
27.8662        0.947368       0              
27.8662        1.02632        0              
27.8662        1.10526        0              
27.8662        1.18421        0              
27.8662        1.26316        0              
27.8662        1.34211        0              
27.8662        1.42105        0              
27.8662        1.5            0              
28.0554        0              0              
28.0554        0.0789474      0              
28.0554        0.157895       0              
28.0554        0.236842       0              
28.0554        0.315789       0              
28.0554        0.394737       0              
28.0554        0.473684       0              
28.0554        0.552632       0              
28.0554        0.631579       0              
28.0554        0.710526       0              
28.0554        0.789474       0              
28.0554        0.868421       0              
28.0554        0.947368       0              
28.0554        1.02632        0              
28.0554        1.10526        0              
28.0554        1.18421        0              
28.0554        1.26316        0              
28.0554        1.34211        0              
28.0554        1.42105        0              
28.0554        1.5            0              
28.2445        0              0              
28.2445        0.0789474      0              
28.2445        0.157895       0              
28.2445        0.236842       0              
28.2445        0.315789       0              
28.2445        0.394737       0              
28.2445        0.473684       0              
28.2445        0.552632       0              
28.2445        0.631579       0              
28.2445        0.710526       0              
28.2445        0.789474       0              
28.2445        0.868421       0              
28.2445        0.947368       0              
28.2445        1.02632        0              
28.2445        1.10526        0              
28.2445        1.18421        0              
28.2445        1.26316        0              
28.2445        1.34211        0              
28.2445        1.42105        0              
28.2445        1.5            0              
28.4337        0              0              
28.4337        0.0789474      0              
28.4337        0.157895       0              
28.4337        0.236842       0              
28.4337        0.315789       0              
28.4337        0.394737       0              
28.4337        0.473684       0              
28.4337        0.552632       0              
28.4337        0.631579       0              
28.4337        0.710526       0              
28.4337        0.789474       0              
28.4337        0.868421       0              
28.4337        0.947368       0              
28.4337        1.02632        0              
28.4337        1.10526        0              
28.4337        1.18421        0              
28.4337        1.26316        0              
28.4337        1.34211        0              
28.4337        1.42105        0              
28.4337        1.5            0              
28.6228        0              0              
28.6228        0.0789474      0              
28.6228        0.157895       0              
28.6228        0.236842       0              
28.6228        0.315789       0              
28.6228        0.394737       0              
28.6228        0.473684       0              
28.6228        0.552632       0              
28.6228        0.631579       0              
28.6228        0.710526       0              
28.6228        0.789474       0              
28.6228        0.868421       0              
28.6228        0.947368       0              
28.6228        1.02632        0              
28.6228        1.10526        0              
28.6228        1.18421        0              
28.6228        1.26316        0              
28.6228        1.34211        0              
28.6228        1.42105        0              
28.6228        1.5            0              
28.812         0              0              
28.812         0.0789474      0              
28.812         0.157895       0              
28.812         0.236842       0              
28.812         0.315789       0              
28.812         0.394737       0              
28.812         0.473684       0              
28.812         0.552632       0              
28.812         0.631579       0              
28.812         0.710526       0              
28.812         0.789474       0              
28.812         0.868421       0              
28.812         0.947368       0              
28.812         1.02632        0              
28.812         1.10526        0              
28.812         1.18421        0              
28.812         1.26316        0              
28.812         1.34211        0              
28.812         1.42105        0              
28.812         1.5            0              
29.0011        0              0              
29.0011        0.0789474      0              
29.0011        0.157895       0              
29.0011        0.236842       0              
29.0011        0.315789       0              
29.0011        0.394737       0              
29.0011        0.473684       0              
29.0011        0.552632       0              
29.0011        0.631579       0              
29.0011        0.710526       0              
29.0011        0.789474       0              
29.0011        0.868421       0              
29.0011        0.947368       0              
29.0011        1.02632        0              
29.0011        1.10526        0              
29.0011        1.18421        0              
29.0011        1.26316        0              
29.0011        1.34211        0              
29.0011        1.42105        0              
29.0011        1.5            0              
29.1903        0              0              
29.1903        0.0789474      0              
29.1903        0.157895       0              
29.1903        0.236842       0              
29.1903        0.315789       0              
29.1903        0.394737       0              
29.1903        0.473684       0              
29.1903        0.552632       0              
29.1903        0.631579       0              
29.1903        0.710526       0              
29.1903        0.789474       0              
29.1903        0.868421       0              
29.1903        0.947368       0              
29.1903        1.02632        0              
29.1903        1.10526        0              
29.1903        1.18421        0              
29.1903        1.26316        0              
29.1903        1.34211        0              
29.1903        1.42105        0              
29.1903        1.5            0              
29.3795        0              0              
29.3795        0.0789474      0              
29.3795        0.157895       0              
29.3795        0.236842       0              
29.3795        0.315789       0              
29.3795        0.394737       0              
29.3795        0.473684       0              
29.3795        0.552632       0              
29.3795        0.631579       0              
29.3795        0.710526       0              
29.3795        0.789474       0              
29.3795        0.868421       0              
29.3795        0.947368       0              
29.3795        1.02632        0              
29.3795        1.10526        0              
29.3795        1.18421        0              
29.3795        1.26316        0              
29.3795        1.34211        0              
29.3795        1.42105        0              
29.3795        1.5            0              
29.5686        0              0              
29.5686        0.0789474      0              
29.5686        0.157895       0              
29.5686        0.236842       0              
29.5686        0.315789       0              
29.5686        0.394737       0              
29.5686        0.473684       0              
29.5686        0.552632       0              
29.5686        0.631579       0              
29.5686        0.710526       0              
29.5686        0.789474       0              
29.5686        0.868421       0              
29.5686        0.947368       0              
29.5686        1.02632        0              
29.5686        1.10526        0              
29.5686        1.18421        0              
29.5686        1.26316        0              
29.5686        1.34211        0              
29.5686        1.42105        0              
29.5686        1.5            0              
29.7578        0              0              
29.7578        0.0789474      0              
29.7578        0.157895       0              
29.7578        0.236842       0              
29.7578        0.315789       0              
29.7578        0.394737       0              
29.7578        0.473684       0              
29.7578        0.552632       0              
29.7578        0.631579       0              
29.7578        0.710526       0              
29.7578        0.789474       0              
29.7578        0.868421       0              
29.7578        0.947368       0              
29.7578        1.02632        0              
29.7578        1.10526        0              
29.7578        1.18421        0              
29.7578        1.26316        0              
29.7578        1.34211        0              
29.7578        1.42105        0              
29.7578        1.5            0              
29.9469        0              0              
29.9469        0.0789474      0              
29.9469        0.157895       0              
29.9469        0.236842       0              
29.9469        0.315789       0              
29.9469        0.394737       0              
29.9469        0.473684       0              
29.9469        0.552632       0              
29.9469        0.631579       0              
29.9469        0.710526       0              
29.9469        0.789474       0              
29.9469        0.868421       0              
29.9469        0.947368       0              
29.9469        1.02632        0              
29.9469        1.10526        0              
29.9469        1.18421        0              
29.9469        1.26316        0              
29.9469        1.34211        0              
29.9469        1.42105        0              
29.9469        1.5            0              
30.1361        0              0              
30.1361        0.0789474      0              
30.1361        0.157895       0              
30.1361        0.236842       0              
30.1361        0.315789       0              
30.1361        0.394737       0              
30.1361        0.473684       0              
30.1361        0.552632       0              
30.1361        0.631579       0              
30.1361        0.710526       0              
30.1361        0.789474       0              
30.1361        0.868421       0              
30.1361        0.947368       0              
30.1361        1.02632        0              
30.1361        1.10526        0              
30.1361        1.18421        0              
30.1361        1.26316        0              
30.1361        1.34211        0              
30.1361        1.42105        0              
30.1361        1.5            0              
30.3253        0              0              
30.3253        0.0789474      0              
30.3253        0.157895       0              
30.3253        0.236842       0              
30.3253        0.315789       0              
30.3253        0.394737       0              
30.3253        0.473684       0              
30.3253        0.552632       0              
30.3253        0.631579       0              
30.3253        0.710526       0              
30.3253        0.789474       0              
30.3253        0.868421       0              
30.3253        0.947368       0              
30.3253        1.02632        0              
30.3253        1.10526        0              
30.3253        1.18421        0              
30.3253        1.26316        0              
30.3253        1.34211        0              
30.3253        1.42105        0              
30.3253        1.5            0              
30.5144        0              0              
30.5144        0.0789474      0              
30.5144        0.157895       0              
30.5144        0.236842       0              
30.5144        0.315789       0              
30.5144        0.394737       0              
30.5144        0.473684       0              
30.5144        0.552632       0              
30.5144        0.631579       0              
30.5144        0.710526       0              
30.5144        0.789474       0              
30.5144        0.868421       0              
30.5144        0.947368       0              
30.5144        1.02632        0              
30.5144        1.10526        0              
30.5144        1.18421        0              
30.5144        1.26316        0              
30.5144        1.34211        0              
30.5144        1.42105        0              
30.5144        1.5            0              
30.7036        0              0              
30.7036        0.0789474      0              
30.7036        0.157895       0              
30.7036        0.236842       0              
30.7036        0.315789       0              
30.7036        0.394737       0              
30.7036        0.473684       0              
30.7036        0.552632       0              
30.7036        0.631579       0              
30.7036        0.710526       0              
30.7036        0.789474       0              
30.7036        0.868421       0              
30.7036        0.947368       0              
30.7036        1.02632        0              
30.7036        1.10526        0              
30.7036        1.18421        0              
30.7036        1.26316        0              
30.7036        1.34211        0              
30.7036        1.42105        0              
30.7036        1.5            0              
30.8927        0              0              
30.8927        0.0789474      0              
30.8927        0.157895       0              
30.8927        0.236842       0              
30.8927        0.315789       0              
30.8927        0.394737       0              
30.8927        0.473684       0              
30.8927        0.552632       0              
30.8927        0.631579       0              
30.8927        0.710526       0              
30.8927        0.789474       0              
30.8927        0.868421       0              
30.8927        0.947368       0              
30.8927        1.02632        0              
30.8927        1.10526        0              
30.8927        1.18421        0              
30.8927        1.26316        0              
30.8927        1.34211        0              
30.8927        1.42105        0              
30.8927        1.5            0              
31.0819        0              0              
31.0819        0.0789474      0              
31.0819        0.157895       0              
31.0819        0.236842       0              
31.0819        0.315789       0              
31.0819        0.394737       0              
31.0819        0.473684       0              
31.0819        0.552632       0              
31.0819        0.631579       0              
31.0819        0.710526       0              
31.0819        0.789474       0              
31.0819        0.868421       0              
31.0819        0.947368       0              
31.0819        1.02632        0              
31.0819        1.10526        0              
31.0819        1.18421        0              
31.0819        1.26316        0              
31.0819        1.34211        0              
31.0819        1.42105        0              
31.0819        1.5            0              
31.271         0              0              
31.271         0.0789474      0              
31.271         0.157895       0              
31.271         0.236842       0              
31.271         0.315789       0              
31.271         0.394737       0              
31.271         0.473684       0              
31.271         0.552632       0              
31.271         0.631579       0              
31.271         0.710526       0              
31.271         0.789474       0              
31.271         0.868421       0              
31.271         0.947368       0              
31.271         1.02632        0              
31.271         1.10526        0              
31.271         1.18421        0              
31.271         1.26316        0              
31.271         1.34211        0              
31.271         1.42105        0              
31.271         1.5            0              
31.4602        0              0              
31.4602        0.0789474      0              
31.4602        0.157895       0              
31.4602        0.236842       0              
31.4602        0.315789       0              
31.4602        0.394737       0              
31.4602        0.473684       0              
31.4602        0.552632       0              
31.4602        0.631579       0              
31.4602        0.710526       0              
31.4602        0.789474       0              
31.4602        0.868421       0              
31.4602        0.947368       0              
31.4602        1.02632        0              
31.4602        1.10526        0              
31.4602        1.18421        0              
31.4602        1.26316        0              
31.4602        1.34211        0              
31.4602        1.42105        0              
31.4602        1.5            0              
31.6494        0              0              
31.6494        0.0789474      0              
31.6494        0.157895       0              
31.6494        0.236842       0              
31.6494        0.315789       0              
31.6494        0.394737       0              
31.6494        0.473684       0              
31.6494        0.552632       0              
31.6494        0.631579       0              
31.6494        0.710526       0              
31.6494        0.789474       0              
31.6494        0.868421       0              
31.6494        0.947368       0              
31.6494        1.02632        0              
31.6494        1.10526        0              
31.6494        1.18421        0              
31.6494        1.26316        0              
31.6494        1.34211        0              
31.6494        1.42105        0              
31.6494        1.5            0              
31.8385        0              0              
31.8385        0.0789474      0              
31.8385        0.157895       0              
31.8385        0.236842       0              
31.8385        0.315789       0              
31.8385        0.394737       0              
31.8385        0.473684       0              
31.8385        0.552632       0              
31.8385        0.631579       0              
31.8385        0.710526       0              
31.8385        0.789474       0              
31.8385        0.868421       0              
31.8385        0.947368       0              
31.8385        1.02632        0              
31.8385        1.10526        0              
31.8385        1.18421        0              
31.8385        1.26316        0              
31.8385        1.34211        0              
31.8385        1.42105        0              
31.8385        1.5            0              
32.0277        0              0              
32.0277        0.0789474      0              
32.0277        0.157895       0              
32.0277        0.236842       0              
32.0277        0.315789       0              
32.0277        0.394737       0              
32.0277        0.473684       0              
32.0277        0.552632       0              
32.0277        0.631579       0              
32.0277        0.710526       0              
32.0277        0.789474       0              
32.0277        0.868421       0              
32.0277        0.947368       0              
32.0277        1.02632        0              
32.0277        1.10526        0              
32.0277        1.18421        0              
32.0277        1.26316        0              
32.0277        1.34211        0              
32.0277        1.42105        0              
32.0277        1.5            0              
32.2168        0              0              
32.2168        0.0789474      0              
32.2168        0.157895       0              
32.2168        0.236842       0              
32.2168        0.315789       0              
32.2168        0.394737       0              
32.2168        0.473684       0              
32.2168        0.552632       0              
32.2168        0.631579       0              
32.2168        0.710526       0              
32.2168        0.789474       0              
32.2168        0.868421       0              
32.2168        0.947368       0              
32.2168        1.02632        0              
32.2168        1.10526        0              
32.2168        1.18421        0              
32.2168        1.26316        0              
32.2168        1.34211        0              
32.2168        1.42105        0              
32.2168        1.5            0              
32.406         0              0              
32.406         0.0789474      0              
32.406         0.157895       0              
32.406         0.236842       0              
32.406         0.315789       0              
32.406         0.394737       0              
32.406         0.473684       0              
32.406         0.552632       0              
32.406         0.631579       0              
32.406         0.710526       0              
32.406         0.789474       0              
32.406         0.868421       0              
32.406         0.947368       0              
32.406         1.02632        0              
32.406         1.10526        0              
32.406         1.18421        0              
32.406         1.26316        0              
32.406         1.34211        0              
32.406         1.42105        0              
32.406         1.5            0              
32.5952        0              0              
32.5952        0.0789474      0              
32.5952        0.157895       0              
32.5952        0.236842       0              
32.5952        0.315789       0              
32.5952        0.394737       0              
32.5952        0.473684       0              
32.5952        0.552632       0              
32.5952        0.631579       0              
32.5952        0.710526       0              
32.5952        0.789474       0              
32.5952        0.868421       0              
32.5952        0.947368       0              
32.5952        1.02632        0              
32.5952        1.10526        0              
32.5952        1.18421        0              
32.5952        1.26316        0              
32.5952        1.34211        0              
32.5952        1.42105        0              
32.5952        1.5            0              
32.7843        0              0              
32.7843        0.0789474      0              
32.7843        0.157895       0              
32.7843        0.236842       0              
32.7843        0.315789       0              
32.7843        0.394737       0              
32.7843        0.473684       0              
32.7843        0.552632       0              
32.7843        0.631579       0              
32.7843        0.710526       0              
32.7843        0.789474       0              
32.7843        0.868421       0              
32.7843        0.947368       0              
32.7843        1.02632        0              
32.7843        1.10526        0              
32.7843        1.18421        0              
32.7843        1.26316        0              
32.7843        1.34211        0              
32.7843        1.42105        0              
32.7843        1.5            0              
32.9735        0              0              
32.9735        0.0789474      0              
32.9735        0.157895       0              
32.9735        0.236842       0              
32.9735        0.315789       0              
32.9735        0.394737       0              
32.9735        0.473684       0              
32.9735        0.552632       0              
32.9735        0.631579       0              
32.9735        0.710526       0              
32.9735        0.789474       0              
32.9735        0.868421       0              
32.9735        0.947368       0              
32.9735        1.02632        0              
32.9735        1.10526        0              
32.9735        1.18421        0              
32.9735        1.26316        0              
32.9735        1.34211        0              
32.9735        1.42105        0              
32.9735        1.5            0              
33.1626        0              0              
33.1626        0.0789474      0              
33.1626        0.157895       0              
33.1626        0.236842       0              
33.1626        0.315789       0              
33.1626        0.394737       0              
33.1626        0.473684       0              
33.1626        0.552632       0              
33.1626        0.631579       0              
33.1626        0.710526       0              
33.1626        0.789474       0              
33.1626        0.868421       0              
33.1626        0.947368       0              
33.1626        1.02632        0              
33.1626        1.10526        0              
33.1626        1.18421        0              
33.1626        1.26316        0              
33.1626        1.34211        0              
33.1626        1.42105        0              
33.1626        1.5            0              
33.3518        0              0              
33.3518        0.0789474      0              
33.3518        0.157895       0              
33.3518        0.236842       0              
33.3518        0.315789       0              
33.3518        0.394737       0              
33.3518        0.473684       0              
33.3518        0.552632       0              
33.3518        0.631579       0              
33.3518        0.710526       0              
33.3518        0.789474       0              
33.3518        0.868421       0              
33.3518        0.947368       0              
33.3518        1.02632        0              
33.3518        1.10526        0              
33.3518        1.18421        0              
33.3518        1.26316        0              
33.3518        1.34211        0              
33.3518        1.42105        0              
33.3518        1.5            0              
33.5409        0              0              
33.5409        0.0789474      0              
33.5409        0.157895       0              
33.5409        0.236842       0              
33.5409        0.315789       0              
33.5409        0.394737       0              
33.5409        0.473684       0              
33.5409        0.552632       0              
33.5409        0.631579       0              
33.5409        0.710526       0              
33.5409        0.789474       0              
33.5409        0.868421       0              
33.5409        0.947368       0              
33.5409        1.02632        0              
33.5409        1.10526        0              
33.5409        1.18421        0              
33.5409        1.26316        0              
33.5409        1.34211        0              
33.5409        1.42105        0              
33.5409        1.5            0              
33.7301        0              0              
33.7301        0.0789474      0              
33.7301        0.157895       0              
33.7301        0.236842       0              
33.7301        0.315789       0              
33.7301        0.394737       0              
33.7301        0.473684       0              
33.7301        0.552632       0              
33.7301        0.631579       0              
33.7301        0.710526       0              
33.7301        0.789474       0              
33.7301        0.868421       0              
33.7301        0.947368       0              
33.7301        1.02632        0              
33.7301        1.10526        0              
33.7301        1.18421        0              
33.7301        1.26316        0              
33.7301        1.34211        0              
33.7301        1.42105        0              
33.7301        1.5            0              
33.9193        0              0              
33.9193        0.0789474      0              
33.9193        0.157895       0              
33.9193        0.236842       0              
33.9193        0.315789       0              
33.9193        0.394737       0              
33.9193        0.473684       0              
33.9193        0.552632       0              
33.9193        0.631579       0              
33.9193        0.710526       0              
33.9193        0.789474       0              
33.9193        0.868421       0              
33.9193        0.947368       0              
33.9193        1.02632        0              
33.9193        1.10526        0              
33.9193        1.18421        0              
33.9193        1.26316        0              
33.9193        1.34211        0              
33.9193        1.42105        0              
33.9193        1.5            0              
34.1084        0              0              
34.1084        0.0789474      0              
34.1084        0.157895       0              
34.1084        0.236842       0              
34.1084        0.315789       0              
34.1084        0.394737       0              
34.1084        0.473684       0              
34.1084        0.552632       0              
34.1084        0.631579       0              
34.1084        0.710526       0              
34.1084        0.789474       0              
34.1084        0.868421       0              
34.1084        0.947368       0              
34.1084        1.02632        0              
34.1084        1.10526        0              
34.1084        1.18421        0              
34.1084        1.26316        0              
34.1084        1.34211        0              
34.1084        1.42105        0              
34.1084        1.5            0              
34.2976        0              0              
34.2976        0.0789474      0              
34.2976        0.157895       0              
34.2976        0.236842       0              
34.2976        0.315789       0              
34.2976        0.394737       0              
34.2976        0.473684       0              
34.2976        0.552632       0              
34.2976        0.631579       0              
34.2976        0.710526       0              
34.2976        0.789474       0              
34.2976        0.868421       0              
34.2976        0.947368       0              
34.2976        1.02632        0              
34.2976        1.10526        0              
34.2976        1.18421        0              
34.2976        1.26316        0              
34.2976        1.34211        0              
34.2976        1.42105        0              
34.2976        1.5            0              
34.4867        0              0              
34.4867        0.0789474      0              
34.4867        0.157895       0              
34.4867        0.236842       0              
34.4867        0.315789       0              
34.4867        0.394737       0              
34.4867        0.473684       0              
34.4867        0.552632       0              
34.4867        0.631579       0              
34.4867        0.710526       0              
34.4867        0.789474       0              
34.4867        0.868421       0              
34.4867        0.947368       0              
34.4867        1.02632        0              
34.4867        1.10526        0              
34.4867        1.18421        0              
34.4867        1.26316        0              
34.4867        1.34211        0              
34.4867        1.42105        0              
34.4867        1.5            0              
34.6759        0              0              
34.6759        0.0789474      0              
34.6759        0.157895       0              
34.6759        0.236842       0              
34.6759        0.315789       0              
34.6759        0.394737       0              
34.6759        0.473684       0              
34.6759        0.552632       0              
34.6759        0.631579       0              
34.6759        0.710526       0              
34.6759        0.789474       0              
34.6759        0.868421       0              
34.6759        0.947368       0              
34.6759        1.02632        0              
34.6759        1.10526        0              
34.6759        1.18421        0              
34.6759        1.26316        0              
34.6759        1.34211        0              
34.6759        1.42105        0              
34.6759        1.5            0              
34.8651        0              0              
34.8651        0.0789474      0              
34.8651        0.157895       0              
34.8651        0.236842       0              
34.8651        0.315789       0              
34.8651        0.394737       0              
34.8651        0.473684       0              
34.8651        0.552632       0              
34.8651        0.631579       0              
34.8651        0.710526       0              
34.8651        0.789474       0              
34.8651        0.868421       0              
34.8651        0.947368       0              
34.8651        1.02632        0              
34.8651        1.10526        0              
34.8651        1.18421        0              
34.8651        1.26316        0              
34.8651        1.34211        0              
34.8651        1.42105        0              
34.8651        1.5            0              
35.0542        0              0              
35.0542        0.0789474      0              
35.0542        0.157895       0              
35.0542        0.236842       0              
35.0542        0.315789       0              
35.0542        0.394737       0              
35.0542        0.473684       0              
35.0542        0.552632       0              
35.0542        0.631579       0              
35.0542        0.710526       0              
35.0542        0.789474       0              
35.0542        0.868421       0              
35.0542        0.947368       0              
35.0542        1.02632        0              
35.0542        1.10526        0              
35.0542        1.18421        0              
35.0542        1.26316        0              
35.0542        1.34211        0              
35.0542        1.42105        0              
35.0542        1.5            0              
35.2434        0              0              
35.2434        0.0789474      0              
35.2434        0.157895       0              
35.2434        0.236842       0              
35.2434        0.315789       0              
35.2434        0.394737       0              
35.2434        0.473684       0              
35.2434        0.552632       0              
35.2434        0.631579       0              
35.2434        0.710526       0              
35.2434        0.789474       0              
35.2434        0.868421       0              
35.2434        0.947368       0              
35.2434        1.02632        0              
35.2434        1.10526        0              
35.2434        1.18421        0              
35.2434        1.26316        0              
35.2434        1.34211        0              
35.2434        1.42105        0              
35.2434        1.5            0              
35.4325        0              0              
35.4325        0.0789474      0              
35.4325        0.157895       0              
35.4325        0.236842       0              
35.4325        0.315789       0              
35.4325        0.394737       0              
35.4325        0.473684       0              
35.4325        0.552632       0              
35.4325        0.631579       0              
35.4325        0.710526       0              
35.4325        0.789474       0              
35.4325        0.868421       0              
35.4325        0.947368       0              
35.4325        1.02632        0              
35.4325        1.10526        0              
35.4325        1.18421        0              
35.4325        1.26316        0              
35.4325        1.34211        0              
35.4325        1.42105        0              
35.4325        1.5            0              
35.6217        0              0              
35.6217        0.0789474      0              
35.6217        0.157895       0              
35.6217        0.236842       0              
35.6217        0.315789       0              
35.6217        0.394737       0              
35.6217        0.473684       0              
35.6217        0.552632       0              
35.6217        0.631579       0              
35.6217        0.710526       0              
35.6217        0.789474       0              
35.6217        0.868421       0              
35.6217        0.947368       0              
35.6217        1.02632        0              
35.6217        1.10526        0              
35.6217        1.18421        0              
35.6217        1.26316        0              
35.6217        1.34211        0              
35.6217        1.42105        0              
35.6217        1.5            0              
35.8108        0              0              
35.8108        0.0789474      0              
35.8108        0.157895       0              
35.8108        0.236842       0              
35.8108        0.315789       0              
35.8108        0.394737       0              
35.8108        0.473684       0              
35.8108        0.552632       0              
35.8108        0.631579       0              
35.8108        0.710526       0              
35.8108        0.789474       0              
35.8108        0.868421       0              
35.8108        0.947368       0              
35.8108        1.02632        0              
35.8108        1.10526        0              
35.8108        1.18421        0              
35.8108        1.26316        0              
35.8108        1.34211        0              
35.8108        1.42105        0              
35.8108        1.5            0              
36             0              0              
36             0.0789474      0              
36             0.157895       0              
36             0.236842       0              
36             0.315789       0              
36             0.394737       0              
36             0.473684       0              
36             0.552632       0              
36             0.631579       0              
36             0.710526       0              
36             0.789474       0              
36             0.868421       0              
36             0.947368       0              
36             1.02632        0              
36             1.10526        0              
36             1.18421        0              
36             1.26316        0              
36             1.34211        0              
36             1.42105        0              
36             1.5            0              
