17.2733   36        100       0         1.5       20        
17.2733        0              0              
17.2733        0.0789474      1.32676e-05    
17.2733        0.157895       2.64202e-05    
17.2733        0.236842       3.94567e-05    
17.2733        0.315789       5.23764e-05    
17.2733        0.394737       6.51783e-05    
17.2733        0.473684       7.78619e-05    
17.2733        0.552632       9.04265e-05    
17.2733        0.631579       0.000102872    
17.2733        0.710526       0.000115197    
17.2733        0.789474       0.000127403    
17.2733        0.868421       0.000139488    
17.2733        0.947368       0.000151453    
17.2733        1.02632        0.000163297    
17.2733        1.10526        0.000175022    
17.2733        1.18421        0.000186626    
17.2733        1.26316        0.00019811     
17.2733        1.34211        0.000209474    
17.2733        1.42105        0.000220719    
17.2733        1.5            0.000231845    
17.4625        0              0              
17.4625        0.0789474      0.000869916    
17.4625        0.157895       0.0017309      
17.4625        0.236842       0.00258296     
17.4625        0.315789       0.00342607     
17.4625        0.394737       0.00426026     
17.4625        0.473684       0.00508553     
17.4625        0.552632       0.0059019      
17.4625        0.631579       0.00670938     
17.4625        0.710526       0.00750801     
17.4625        0.789474       0.00829781     
17.4625        0.868421       0.00907882     
17.4625        0.947368       0.00985108     
17.4625        1.02632        0.0106146      
17.4625        1.10526        0.0113695      
17.4625        1.18421        0.0121157      
17.4625        1.26316        0.0128534      
17.4625        1.34211        0.0135826      
17.4625        1.42105        0.0143033      
17.4625        1.5            0.0150156      
17.6516        0              0              
17.6516        0.0789474      0.001366       
17.6516        0.157895       0.00271749     
17.6516        0.236842       0.00405448     
17.6516        0.315789       0.005377       
17.6516        0.394737       0.00668508     
17.6516        0.473684       0.00797875     
17.6516        0.552632       0.00925806     
17.6516        0.631579       0.0105231      
17.6516        0.710526       0.0117738      
17.6516        0.789474       0.0130104      
17.6516        0.868421       0.0142329      
17.6516        0.947368       0.0154413      
17.6516        1.02632        0.0166358      
17.6516        1.10526        0.0178164      
17.6516        1.18421        0.0189832      
17.6516        1.26316        0.0201363      
17.6516        1.34211        0.0212759      
17.6516        1.42105        0.0224019      
17.6516        1.5            0.0235146      
17.8408        0              0              
17.8408        0.0789474      0.00179614     
17.8408        0.157895       0.00357286     
17.8408        0.236842       0.0053302      
17.8408        0.315789       0.00706821     
17.8408        0.394737       0.00878695     
17.8408        0.473684       0.0104865      
17.8408        0.552632       0.0121669      
17.8408        0.631579       0.0138282      
17.8408        0.710526       0.0154706      
17.8408        0.789474       0.0170941      
17.8408        0.868421       0.0186989      
17.8408        0.947368       0.020285       
17.8408        1.02632        0.0218526      
17.8408        1.10526        0.0234018      
17.8408        1.18421        0.0249327      
17.8408        1.26316        0.0264455      
17.8408        1.34211        0.0279402      
17.8408        1.42105        0.0294172      
17.8408        1.5            0.0308764      
18.03          0              0              
18.03          0.0789474      0.00218973     
18.03          0.157895       0.00435555     
18.03          0.236842       0.00649752     
18.03          0.315789       0.00861571     
18.03          0.394737       0.0107102      
18.03          0.473684       0.0127811      
18.03          0.552632       0.0148285      
18.03          0.631579       0.0168525      
18.03          0.710526       0.0188532      
18.03          0.789474       0.0208308      
18.03          0.868421       0.0227854      
18.03          0.947368       0.0247172      
18.03          1.02632        0.0266263      
18.03          1.10526        0.0285128      
18.03          1.18421        0.0303769      
18.03          1.26316        0.0322189      
18.03          1.34211        0.0340389      
18.03          1.42105        0.035837       
18.03          1.5            0.0376134      
18.2191        0              0              
18.2191        0.0789474      0.00255827     
18.2191        0.157895       0.00508844     
18.2191        0.236842       0.00759059     
18.2191        0.315789       0.0100648      
18.2191        0.394737       0.0125113      
18.2191        0.473684       0.01493        
18.2191        0.552632       0.0173211      
18.2191        0.631579       0.0196849      
18.2191        0.710526       0.0220213      
18.2191        0.789474       0.0243307      
18.2191        0.868421       0.0266131      
18.2191        0.947368       0.0288688      
18.2191        1.02632        0.0310978      
18.2191        1.10526        0.0333005      
18.2191        1.18421        0.0354771      
18.2191        1.26316        0.0376276      
18.2191        1.34211        0.0397524      
18.2191        1.42105        0.0418516      
18.2191        1.5            0.0439255      
18.4083        0              0              
18.4083        0.0789474      0.00290772     
18.4083        0.157895       0.00578341     
18.4083        0.236842       0.00862716     
18.4083        0.315789       0.0114391      
18.4083        0.394737       0.0142194      
18.4083        0.473684       0.0169681      
18.4083        0.552632       0.0196854      
18.4083        0.631579       0.0223715      
18.4083        0.710526       0.0250266      
18.4083        0.789474       0.0276508      
18.4083        0.868421       0.0302444      
18.4083        0.947368       0.0328075      
18.4083        1.02632        0.0353404      
18.4083        1.10526        0.0378433      
18.4083        1.18421        0.0403164      
18.4083        1.26316        0.0427601      
18.4083        1.34211        0.0451744      
18.4083        1.42105        0.0475597      
18.4083        1.5            0.0499163      
18.5974        0              0              
18.5974        0.0789474      0.0032417      
18.5974        0.157895       0.00644763     
18.5974        0.236842       0.00961794     
18.5974        0.315789       0.0127527      
18.5974        0.394737       0.0158522      
18.5974        0.473684       0.0189165      
18.5974        0.552632       0.0219457      
18.5974        0.631579       0.0249402      
18.5974        0.710526       0.0279001      
18.5974        0.789474       0.0308255      
18.5974        0.868421       0.0337168      
18.5974        0.947368       0.0365742      
18.5974        1.02632        0.039398       
18.5974        1.10526        0.0421883      
18.5974        1.18421        0.0449454      
18.5974        1.26316        0.0476697      
18.5974        1.34211        0.0503613      
18.5974        1.42105        0.0530206      
18.5974        1.5            0.0556479      
18.7866        0              0              
18.7866        0.0789474      0.00356259     
18.7866        0.157895       0.00708588     
18.7866        0.236842       0.01057        
18.7866        0.315789       0.0140152      
18.7866        0.394737       0.0174215      
18.7866        0.473684       0.0207892      
18.7866        0.552632       0.0241184      
18.7866        0.631579       0.0274094      
18.7866        0.710526       0.0306624      
18.7866        0.789474       0.0338777      
18.7866        0.868421       0.0370555      
18.7866        0.947368       0.0401961      
18.7866        1.02632        0.0432997      
18.7866        1.10526        0.0463666      
18.7866        1.18421        0.0493972      
18.7866        1.26316        0.0523916      
18.7866        1.34211        0.0553503      
18.7866        1.42105        0.0582735      
18.7866        1.5            0.0611616      
18.9758        0              0              
18.9758        0.0789474      0.0038721      
18.9758        0.157895       0.00770154     
18.9758        0.236842       0.0114885      
18.9758        0.315789       0.0152331      
18.9758        0.394737       0.0189355      
18.9758        0.473684       0.0225961      
18.9758        0.552632       0.0262149      
18.9758        0.631579       0.0297922      
18.9758        0.710526       0.0333284      
18.9758        0.789474       0.0368236      
18.9758        0.868421       0.0402781      
18.9758        0.947368       0.0436922      
18.9758        1.02632        0.0470663      
18.9758        1.10526        0.0504005      
18.9758        1.18421        0.0536954      
18.9758        1.26316        0.056951       
18.9758        1.34211        0.0601679      
18.9758        1.42105        0.0633463      
18.9758        1.5            0.0664866      
19.1649        0              0              
19.1649        0.0789474      0.0041715      
19.1649        0.157895       0.00829713     
19.1649        0.236842       0.0123771      
19.1649        0.315789       0.0164115      
19.1649        0.394737       0.0204006      
19.1649        0.473684       0.0243446      
19.1649        0.552632       0.0282438      
19.1649        0.631579       0.0320984      
19.1649        0.710526       0.0359088      
19.1649        0.789474       0.0396751      
19.1649        0.868421       0.0433977      
19.1649        0.947368       0.0470769      
19.1649        1.02632        0.0507131      
19.1649        1.10526        0.0543065      
19.1649        1.18421        0.0578574      
19.1649        1.26316        0.0613664      
19.1649        1.34211        0.0648336      
19.1649        1.42105        0.0682595      
19.1649        1.5            0.0716445      
19.3541        0              0              
19.3541        0.0789474      0.00446178     
19.3541        0.157895       0.00887461     
19.3541        0.236842       0.0132387      
19.3541        0.315789       0.0175542      
19.3541        0.394737       0.0218214      
19.3541        0.473684       0.0260405      
19.3541        0.552632       0.0302118      
19.3541        0.631579       0.0343356      
19.3541        0.710526       0.0384121      
19.3541        0.789474       0.0424416      
19.3541        0.868421       0.0464246      
19.3541        0.947368       0.0503612      
19.3541        1.02632        0.054252       
19.3541        1.10526        0.0580971      
19.3541        1.18421        0.061897       
19.3541        1.26316        0.0656521      
19.3541        1.34211        0.0693627      
19.3541        1.42105        0.0730292      
19.3541        1.5            0.0766521      
19.5432        0              0              
19.5432        0.0789474      0.00474372     
19.5432        0.157895       0.00943555     
19.5432        0.236842       0.0140757      
19.5432        0.315789       0.0186644      
19.5432        0.394737       0.0232019      
19.5432        0.473684       0.0276884      
19.5432        0.552632       0.0321242      
19.5432        0.631579       0.0365096      
19.5432        0.710526       0.040845       
19.5432        0.789474       0.0451306      
19.5432        0.868421       0.0493668      
19.5432        0.947368       0.053554       
19.5432        1.02632        0.0576925      
19.5432        1.10526        0.0617826      
19.5432        1.18421        0.0658249      
19.5432        1.26316        0.0698196      
19.5432        1.34211        0.0737671      
19.5432        1.42105        0.077668       
19.5432        1.5            0.0815226      
19.7324        0              0              
19.7324        0.0789474      0.00501797     
19.7324        0.157895       0.00998124     
19.7324        0.236842       0.01489        
19.7324        0.315789       0.0197446      
19.7324        0.394737       0.0245451      
19.7324        0.473684       0.0292919      
19.7324        0.552632       0.0339853      
19.7324        0.631579       0.0386256      
19.7324        0.710526       0.0432131      
19.7324        0.789474       0.0477481      
19.7324        0.868421       0.0522311      
19.7324        0.947368       0.0566624      
19.7324        1.02632        0.0610423      
19.7324        1.10526        0.0653713      
19.7324        1.18421        0.0696498      
19.7324        1.26316        0.0738782      
19.7324        1.34211        0.0780569      
19.7324        1.42105        0.0821863      
19.7324        1.5            0.086267       
19.9215        0              0              
19.9215        0.0789474      0.00528508     
19.9215        0.157895       0.0105128      
19.9215        0.236842       0.0156833      
19.9215        0.315789       0.0207968      
19.9215        0.394737       0.0258538      
19.9215        0.473684       0.0308543      
19.9215        0.552632       0.0357988      
19.9215        0.631579       0.0406876      
19.9215        0.710526       0.0455209      
19.9215        0.789474       0.0502993      
19.9215        0.868421       0.055023       
19.9215        0.947368       0.0596924      
19.9215        1.02632        0.064308       
19.9215        1.10526        0.0688701      
19.9215        1.18421        0.0733792      
19.9215        1.26316        0.0778357      
19.9215        1.34211        0.0822401      
19.9215        1.42105        0.0865928      
19.9215        1.5            0.0908943      
20.1107        0              0              
20.1107        0.0789474      0.0055455      
20.1107        0.157895       0.011031       
20.1107        0.236842       0.0164568      
20.1107        0.315789       0.021823       
20.1107        0.394737       0.0271301      
20.1107        0.473684       0.0323782      
20.1107        0.552632       0.0375678      
20.1107        0.631579       0.0426991      
20.1107        0.710526       0.0477725      
20.1107        0.789474       0.0527884      
20.1107        0.868421       0.0577471      
20.1107        0.947368       0.0626492      
20.1107        1.02632        0.067495       
20.1107        1.10526        0.0722849      
20.1107        1.18421        0.0770193      
20.1107        1.26316        0.0816988      
20.1107        1.34211        0.0863238      
20.1107        1.42105        0.0908948      
20.1107        1.5            0.0954122      
20.2999        0              0              
20.2999        0.0789474      0.00579963     
20.2999        0.157895       0.0115368      
20.2999        0.236842       0.0172117      
20.2999        0.315789       0.0228247      
20.2999        0.394737       0.028376       
20.2999        0.473684       0.0338659      
20.2999        0.552632       0.0392949      
20.2999        0.631579       0.0446631      
20.2999        0.710526       0.0499711      
20.2999        0.789474       0.0552191      
20.2999        0.868421       0.0604077      
20.2999        0.947368       0.0655372      
20.2999        1.02632        0.070608       
20.2999        1.10526        0.0756207      
20.2999        1.18421        0.0805756      
20.2999        1.26316        0.0854732      
20.2999        1.34211        0.090314       
20.2999        1.42105        0.0950986      
20.2999        1.5            0.0998273      
20.489         0              0              
20.489         0.0789474      0.00604783     
20.489         0.157895       0.0120308      
20.489         0.236842       0.0179492      
20.489         0.315789       0.0238032      
20.489         0.394737       0.0295932      
20.489         0.473684       0.0353195      
20.489         0.552632       0.0409825      
20.489         0.631579       0.0465824      
20.489         0.710526       0.0521197      
20.489         0.789474       0.0575949      
20.489         0.868421       0.0630082      
20.489         0.947368       0.0683602      
20.489         1.02632        0.0736513      
20.489         1.10526        0.0788819      
20.489         1.18421        0.0840526      
20.489         1.26316        0.0891638      
20.489         1.34211        0.094216       
20.489         1.42105        0.0992097      
20.489         1.5            0.104145       
20.6782        0              0              
20.6782        0.0789474      0.00629041     
20.6782        0.157895       0.0125137      
20.6782        0.236842       0.01867        
20.6782        0.315789       0.0247598      
20.6782        0.394737       0.0307832      
20.6782        0.473684       0.0367407      
20.6782        0.552632       0.0426326      
20.6782        0.631579       0.0484592      
20.6782        0.710526       0.054221       
20.6782        0.789474       0.0599184      
20.6782        0.868421       0.0655518      
20.6782        0.947368       0.0711216      
20.6782        1.02632        0.0766284      
20.6782        1.10526        0.0820725      
20.6782        1.18421        0.0874546      
20.6782        1.26316        0.092775       
20.6782        1.34211        0.0980343      
20.6782        1.42105        0.103233       
20.6782        1.5            0.108372       
20.8673        0              0              
20.8673        0.0789474      0.00652763     
20.8673        0.157895       0.0129859      
20.8673        0.236842       0.0193751      
20.8673        0.315789       0.0256955      
20.8673        0.394737       0.0319474      
20.8673        0.473684       0.0381311      
20.8673        0.552632       0.0442471      
20.8673        0.631579       0.0502957      
20.8673        0.710526       0.0562773      
20.8673        0.789474       0.0621923      
20.8673        0.868421       0.0680413      
20.8673        0.947368       0.0738245      
20.8673        1.02632        0.0795426      
20.8673        1.10526        0.085196       
20.8673        1.18421        0.0907852      
20.8673        1.26316        0.0963107      
20.8673        1.34211        0.101773       
20.8673        1.42105        0.107173       
20.8673        1.5            0.112511       
21.0565        0              0              
21.0565        0.0789474      0.00675975     
21.0565        0.157895       0.013448       
21.0565        0.236842       0.0200651      
21.0565        0.315789       0.0266113      
21.0565        0.394737       0.0330868      
21.0565        0.473684       0.0394922      
21.0565        0.552632       0.0458276      
21.0565        0.631579       0.0520936      
21.0565        0.710526       0.0582906      
21.0565        0.789474       0.0644189      
21.0565        0.868421       0.0704791      
21.0565        0.947368       0.0764716      
21.0565        1.02632        0.0823969      
21.0565        1.10526        0.0882555      
21.0565        1.18421        0.0940478      
21.0565        1.26316        0.0997745      
21.0565        1.34211        0.105436       
21.0565        1.42105        0.111033       
21.0565        1.5            0.116566       
21.2457        0              0              
21.2457        0.0789474      0.006987       
21.2457        0.157895       0.0139005      
21.2457        0.236842       0.0207407      
21.2457        0.315789       0.027508       
21.2457        0.394737       0.0342027      
21.2457        0.473684       0.0408252      
21.2457        0.552632       0.0473757      
21.2457        0.631579       0.0538548      
21.2457        0.710526       0.0602629      
21.2457        0.789474       0.0666003      
21.2457        0.868421       0.0728677      
21.2457        0.947368       0.0790653      
21.2457        1.02632        0.0851938      
21.2457        1.10526        0.0912537      
21.2457        1.18421        0.0972454      
21.2457        1.26316        0.10317        
21.2457        1.34211        0.109027       
21.2457        1.42105        0.114817       
21.2457        1.5            0.120542       
21.4348        0              0              
21.4348        0.0789474      0.00720958     
21.4348        0.157895       0.0143437      
21.4348        0.236842       0.0214026      
21.4348        0.315789       0.0283866      
21.4348        0.394737       0.035296       
21.4348        0.473684       0.0421313      
21.4348        0.552632       0.0488927      
21.4348        0.631579       0.0555808      
21.4348        0.710526       0.0621959      
21.4348        0.789474       0.0687384      
21.4348        0.868421       0.075209       
21.4348        0.947368       0.081608       
21.4348        1.02632        0.0879359      
21.4348        1.10526        0.0941933      
21.4348        1.18421        0.100381       
21.4348        1.26316        0.106499       
21.4348        1.34211        0.112548       
21.4348        1.42105        0.118528       
21.4348        1.5            0.124441       
21.624         0              0              
21.624         0.0789474      0.00742768     
21.624         0.157895       0.014778       
21.624         0.236842       0.0220512      
21.624         0.315789       0.0292477      
21.624         0.394737       0.0363677      
21.624         0.473684       0.0434116      
21.624         0.552632       0.0503799      
21.624         0.631579       0.0572729      
21.624         0.710526       0.0640911      
21.624         0.789474       0.070835       
21.624         0.868421       0.0775049      
21.624         0.947368       0.0841015      
21.624         1.02632        0.0906252      
21.624         1.10526        0.0970766      
21.624         1.18421        0.103456       
21.624         1.26316        0.109765       
21.624         1.34211        0.116002       
21.624         1.42105        0.12217        
21.624         1.5            0.128268       
21.8131        0              0              
21.8131        0.0789474      0.00764147     
21.8131        0.157895       0.0152038      
21.8131        0.236842       0.0226871      
21.8131        0.315789       0.0300919      
21.8131        0.394737       0.0374185      
21.8131        0.473684       0.0446672      
21.8131        0.552632       0.0518384      
21.8131        0.631579       0.0589326      
21.8131        0.710526       0.0659501      
21.8131        0.789474       0.0728916      
21.8131        0.868421       0.0797573      
21.8131        0.947368       0.086548       
21.8131        1.02632        0.0932639      
21.8131        1.10526        0.0999059      
21.8131        1.18421        0.106474       
21.8131        1.26316        0.11297        
21.8131        1.34211        0.119393       
21.8131        1.42105        0.125744       
21.8131        1.5            0.132024       
22.0023        0              0              
22.0023        0.0789474      0.00785112     
22.0023        0.157895       0.0156213      
22.0023        0.236842       0.0233108      
22.0023        0.315789       0.0309201      
22.0023        0.394737       0.0384493      
22.0023        0.473684       0.0458989      
22.0023        0.552632       0.0532693      
22.0023        0.631579       0.0605609      
22.0023        0.710526       0.0677742      
22.0023        0.789474       0.0749097      
22.0023        0.868421       0.0819678      
22.0023        0.947368       0.088949       
22.0023        1.02632        0.0958539      
22.0023        1.10526        0.102683       
22.0023        1.18421        0.109437       
22.0023        1.26316        0.116116       
22.0023        1.34211        0.122721       
22.0023        1.42105        0.129253       
22.0023        1.5            0.135712       
22.1914        0              0              
22.1914        0.0789474      0.00805678     
22.1914        0.157895       0.0160309      
22.1914        0.236842       0.0239228      
22.1914        0.315789       0.0317326      
22.1914        0.394737       0.0394607      
22.1914        0.473684       0.0471076      
22.1914        0.552632       0.0546736      
22.1914        0.631579       0.0621591      
22.1914        0.710526       0.0695647      
22.1914        0.789474       0.0768907      
22.1914        0.868421       0.0841377      
22.1914        0.947368       0.0913062      
22.1914        1.02632        0.0983968      
22.1914        1.10526        0.10541        
22.1914        1.18421        0.112346       
22.1914        1.26316        0.119206       
22.1914        1.34211        0.125991       
22.1914        1.42105        0.1327         
22.1914        1.5            0.139335       
22.3806        0              0              
22.3806        0.0789474      0.00825859     
22.3806        0.157895       0.0164329      
22.3806        0.236842       0.0245233      
22.3806        0.315789       0.0325301      
22.3806        0.394737       0.0404535      
22.3806        0.473684       0.0482941      
22.3806        0.552632       0.0560522      
22.3806        0.631579       0.0637282      
22.3806        0.710526       0.0713226      
22.3806        0.789474       0.078836       
22.3806        0.868421       0.0862687      
22.3806        0.947368       0.0936213      
22.3806        1.02632        0.100894       
22.3806        1.10526        0.108088       
22.3806        1.18421        0.115204       
22.3806        1.26316        0.122242       
22.3806        1.34211        0.129202       
22.3806        1.42105        0.136086       
22.3806        1.5            0.142894       
22.5698        0              0              
22.5698        0.0789474      0.00845667     
22.5698        0.157895       0.0168275      
22.5698        0.236842       0.0251129      
22.5698        0.315789       0.033313       
22.5698        0.394737       0.0414283      
22.5698        0.473684       0.0494592      
22.5698        0.552632       0.057406       
22.5698        0.631579       0.0652692      
22.5698        0.710526       0.0730492      
22.5698        0.789474       0.0807466      
22.5698        0.868421       0.0883619      
22.5698        0.947368       0.0958955      
22.5698        1.02632        0.103348       
22.5698        1.10526        0.11072        
22.5698        1.18421        0.118012       
22.5698        1.26316        0.125225       
22.5698        1.34211        0.132359       
22.5698        1.42105        0.139414       
22.5698        1.5            0.146393       
22.7589        0              0              
22.7589        0.0789474      0.00865116     
22.7589        0.157895       0.017215       
22.7589        0.236842       0.0256918      
22.7589        0.315789       0.0340819      
22.7589        0.394737       0.0423857      
22.7589        0.473684       0.0506035      
22.7589        0.552632       0.0587358      
22.7589        0.631579       0.066783       
22.7589        0.710526       0.0747455      
22.7589        0.789474       0.0826238      
22.7589        0.868421       0.0904186      
22.7589        0.947368       0.0981302      
22.7589        1.02632        0.105759       
22.7589        1.10526        0.113306       
22.7589        1.18421        0.120772       
22.7589        1.26316        0.128157       
22.7589        1.34211        0.135461       
22.7589        1.42105        0.142686       
22.7589        1.5            0.149832       
22.9481        0              0              
22.9481        0.0789474      0.00884216     
22.9481        0.157895       0.0175956      
22.9481        0.236842       0.0262605      
22.9481        0.315789       0.0348373      
22.9481        0.394737       0.0433262      
22.9481        0.473684       0.0517278      
22.9481        0.552632       0.0600424      
22.9481        0.631579       0.0682704      
22.9481        0.710526       0.0764123      
22.9481        0.789474       0.0844687      
22.9481        0.868421       0.0924399      
22.9481        0.947368       0.100327       
22.9481        1.02632        0.108129       
22.9481        1.10526        0.115849       
22.9481        1.18421        0.123485       
22.9481        1.26316        0.131039       
22.9481        1.34211        0.138512       
22.9481        1.42105        0.145903       
22.9481        1.5            0.153215       
23.1372        0              0              
23.1372        0.0789474      0.00902979     
23.1372        0.157895       0.0179694      
23.1372        0.236842       0.0268192      
23.1372        0.315789       0.0355794      
23.1372        0.394737       0.0442504      
23.1372        0.473684       0.0528326      
23.1372        0.552632       0.0613265      
23.1372        0.631579       0.0697323      
23.1372        0.710526       0.0780507      
23.1372        0.789474       0.0862821      
23.1372        0.868421       0.0944271      
23.1372        0.947368       0.102486       
23.1372        1.02632        0.11046        
23.1372        1.10526        0.118348       
23.1372        1.18421        0.126153       
23.1372        1.26316        0.133874       
23.1372        1.34211        0.141512       
23.1372        1.42105        0.149068       
23.1372        1.5            0.156541       
23.3264        0              0              
23.3264        0.0789474      0.00921416     
23.3264        0.157895       0.0183368      
23.3264        0.236842       0.0273683      
23.3264        0.315789       0.0363088      
23.3264        0.394737       0.0451588      
23.3264        0.473684       0.0539186      
23.3264        0.552632       0.0625887      
23.3264        0.631579       0.0711695      
23.3264        0.710526       0.0796615      
23.3264        0.789474       0.0880652      
23.3264        0.868421       0.096381       
23.3264        0.947368       0.10461        
23.3264        1.02632        0.112751       
23.3264        1.10526        0.120807       
23.3264        1.18421        0.128777       
23.3264        1.26316        0.136662       
23.3264        1.34211        0.144463       
23.3264        1.42105        0.15218        
23.3264        1.5            0.159815       
23.5156        0              0              
23.5156        0.0789474      0.00939535     
23.5156        0.157895       0.0186979      
23.5156        0.236842       0.027908       
23.5156        0.315789       0.0370258      
23.5156        0.394737       0.0460518      
23.5156        0.473684       0.0549863      
23.5156        0.552632       0.0638298      
23.5156        0.631579       0.0725828      
23.5156        0.710526       0.0812455      
23.5156        0.789474       0.0898187      
23.5156        0.868421       0.0983027      
23.5156        0.947368       0.106698       
23.5156        1.02632        0.115006       
23.5156        1.10526        0.123226       
23.5156        1.18421        0.131359       
23.5156        1.26316        0.139406       
23.5156        1.34211        0.147367       
23.5156        1.42105        0.155243       
23.5156        1.5            0.163035       
23.7047        0              0              
23.7047        0.0789474      0.00957347     
23.7047        0.157895       0.0190529      
23.7047        0.236842       0.0284386      
23.7047        0.315789       0.0377308      
23.7047        0.394737       0.0469299      
23.7047        0.473684       0.0560363      
23.7047        0.552632       0.0650504      
23.7047        0.631579       0.0739727      
23.7047        0.710526       0.0828035      
23.7047        0.789474       0.0915435      
23.7047        0.868421       0.100193       
23.7047        0.947368       0.108753       
23.7047        1.02632        0.117223       
23.7047        1.10526        0.125605       
23.7047        1.18421        0.133899       
23.7047        1.26316        0.142105       
23.7047        1.34211        0.150225       
23.7047        1.42105        0.158258       
23.7047        1.5            0.166206       
23.8939        0              0              
23.8939        0.0789474      0.0097486      
23.8939        0.157895       0.019402       
23.8939        0.236842       0.0289603      
23.8939        0.315789       0.0384241      
23.8939        0.394737       0.0477935      
23.8939        0.473684       0.057069       
23.8939        0.552632       0.066251       
23.8939        0.631579       0.0753399      
23.8939        0.710526       0.0843363      
23.8939        0.789474       0.0932405      
23.8939        0.868421       0.102053       
23.8939        0.947368       0.110775       
23.8939        1.02632        0.119406       
23.8939        1.10526        0.127947       
23.8939        1.18421        0.136399       
23.8939        1.26316        0.144762       
23.8939        1.34211        0.153037       
23.8939        1.42105        0.161225       
23.8939        1.5            0.169326       
24.083         0              0              
24.083         0.0789474      0.00992083     
24.083         0.157895       0.0197453      
24.083         0.236842       0.0294736      
24.083         0.315789       0.039106       
24.083         0.394737       0.048643       
24.083         0.473684       0.0580849      
24.083         0.552632       0.0674322      
24.083         0.631579       0.0766852      
24.083         0.710526       0.0858444      
24.083         0.789474       0.0949104      
24.083         0.868421       0.103884       
24.083         0.947368       0.112765       
24.083         1.02632        0.121554       
24.083         1.10526        0.130252       
24.083         1.18421        0.13886        
24.083         1.26316        0.147378       
24.083         1.34211        0.155807       
24.083         1.42105        0.164147       
24.083         1.5            0.172399       
24.2722        0              0              
24.2722        0.0789474      0.0100902      
24.2722        0.157895       0.020083       
24.2722        0.236842       0.0299784      
24.2722        0.315789       0.0397769      
24.2722        0.394737       0.0494789      
24.2722        0.473684       0.0590846      
24.2722        0.552632       0.0685945      
24.2722        0.631579       0.078009       
24.2722        0.710526       0.0873287      
24.2722        0.789474       0.0965539      
24.2722        0.868421       0.105685       
24.2722        0.947368       0.114723       
24.2722        1.02632        0.123669       
24.2722        1.10526        0.132522       
24.2722        1.18421        0.141283       
24.2722        1.26316        0.149953       
24.2722        1.34211        0.158534       
24.2722        1.42105        0.167024       
24.2722        1.5            0.175425       
24.4613        0              0              
24.4613        0.0789474      0.0102569      
24.4613        0.157895       0.0204152      
24.4613        0.236842       0.0304752      
24.4613        0.315789       0.0404371      
24.4613        0.394737       0.0503014      
24.4613        0.473684       0.0600684      
24.4613        0.552632       0.0697384      
24.4613        0.631579       0.0793121      
24.4613        0.710526       0.0887897      
24.4613        0.789474       0.0981718      
24.4613        0.868421       0.107459       
24.4613        0.947368       0.116652       
24.4613        1.02632        0.125751       
24.4613        1.10526        0.134756       
24.4613        1.18421        0.143669       
24.4613        1.26316        0.15249        
24.4613        1.34211        0.161219       
24.4613        1.42105        0.169858       
24.4613        1.5            0.178406       
24.6505        0              0              
24.6505        0.0789474      0.0104209      
24.6505        0.157895       0.0207421      
24.6505        0.236842       0.030964       
24.6505        0.315789       0.0410869      
24.6505        0.394737       0.051111       
24.6505        0.473684       0.0610367      
24.6505        0.552632       0.0708645      
24.6505        0.631579       0.0805948      
24.6505        0.710526       0.0902281      
24.6505        0.789474       0.0997648      
24.6505        0.868421       0.109205       
24.6505        0.947368       0.118551       
24.6505        1.02632        0.127801       
24.6505        1.10526        0.136957       
24.6505        1.18421        0.146019       
24.6505        1.26316        0.154988       
24.6505        1.34211        0.163864       
24.6505        1.42105        0.172649       
24.6505        1.5            0.181342       
24.8397        0              0              
24.8397        0.0789474      0.0105823      
24.8397        0.157895       0.0210639      
24.8397        0.236842       0.0314452      
24.8397        0.315789       0.0417264      
24.8397        0.394737       0.0519079      
24.8397        0.473684       0.06199        
24.8397        0.552632       0.0719732      
24.8397        0.631579       0.0818578      
24.8397        0.710526       0.0916444      
24.8397        0.789474       0.101333       
24.8397        0.868421       0.110925       
24.8397        0.947368       0.120421       
24.8397        1.02632        0.12982        
24.8397        1.10526        0.139124       
24.8397        1.18421        0.148334       
24.8397        1.26316        0.157449       
24.8397        1.34211        0.16647        
24.8397        1.42105        0.175399       
24.8397        1.5            0.184236       
25.0288        0              0              
25.0288        0.0789474      0.0107411      
25.0288        0.157895       0.0213807      
25.0288        0.236842       0.0319189      
25.0288        0.315789       0.042356       
25.0288        0.394737       0.0526925      
25.0288        0.473684       0.0629286      
25.0288        0.552632       0.0730648      
25.0288        0.631579       0.0831015      
25.0288        0.710526       0.0930392      
25.0288        0.789474       0.102878       
25.0288        0.868421       0.112619       
25.0288        0.947368       0.122263       
25.0288        1.02632        0.131809       
25.0288        1.10526        0.14126        
25.0288        1.18421        0.150614       
25.0288        1.26316        0.159873       
25.0288        1.34211        0.169038       
25.0288        1.42105        0.178109       
25.0288        1.5            0.187087       
25.218         0              0              
25.218         0.0789474      0.0108975      
25.218         0.157895       0.0216925      
25.218         0.236842       0.0323852      
25.218         0.315789       0.042976       
25.218         0.394737       0.0534651      
25.218         0.473684       0.063853       
25.218         0.552632       0.07414        
25.218         0.631579       0.0843265      
25.218         0.710526       0.0944131      
25.218         0.789474       0.1044         
25.218         0.868421       0.114288       
25.218         0.947368       0.124078       
25.218         1.02632        0.133769       
25.218         1.10526        0.143364       
25.218         1.18421        0.152861       
25.218         1.26316        0.162263       
25.218         1.34211        0.171569       
25.218         1.42105        0.18078        
25.218         1.5            0.189897       
25.4071        0              0              
25.4071        0.0789474      0.0110515      
25.4071        0.157895       0.0219996      
25.4071        0.236842       0.0328445      
25.4071        0.315789       0.0435866      
25.4071        0.394737       0.0542261      
25.4071        0.473684       0.0647634      
25.4071        0.552632       0.075199       
25.4071        0.631579       0.0855332      
25.4071        0.710526       0.0957665      
25.4071        0.789474       0.105899       
25.4071        0.868421       0.115932       
25.4071        0.947368       0.125866       
25.4071        1.02632        0.1357         
25.4071        1.10526        0.145437       
25.4071        1.18421        0.155076       
25.4071        1.26316        0.164617       
25.4071        1.34211        0.174063       
25.4071        1.42105        0.183412       
25.4071        1.5            0.192667       
25.5963        0              0              
25.5963        0.0789474      0.0112031      
25.5963        0.157895       0.022302       
25.5963        0.236842       0.0332968      
25.5963        0.315789       0.0441879      
25.5963        0.394737       0.0549756      
25.5963        0.473684       0.0656603      
25.5963        0.552632       0.0762423      
25.5963        0.631579       0.086722       
25.5963        0.710526       0.0971         
25.5963        0.789474       0.107377       
25.5963        0.868421       0.117552       
25.5963        0.947368       0.127628       
25.5963        1.02632        0.137604       
25.5963        1.10526        0.14748        
25.5963        1.18421        0.157258       
25.5963        1.26316        0.166939       
25.5963        1.34211        0.176521       
25.5963        1.42105        0.186008       
25.5963        1.5            0.195398       
25.7855        0              0              
25.7855        0.0789474      0.0113524      
25.7855        0.157895       0.0225998      
25.7855        0.236842       0.0337423      
25.7855        0.315789       0.0447803      
25.7855        0.394737       0.055714       
25.7855        0.473684       0.0665439      
25.7855        0.552632       0.0772702      
25.7855        0.631579       0.0878934      
25.7855        0.710526       0.098414       
25.7855        0.789474       0.108832       
25.7855        0.868421       0.119149       
25.7855        0.947368       0.129365       
25.7855        1.02632        0.13948        
25.7855        1.10526        0.149495       
25.7855        1.18421        0.15941        
25.7855        1.26316        0.169227       
25.7855        1.34211        0.178945       
25.7855        1.42105        0.188566       
25.7855        1.5            0.19809        
25.9746        0              0              
25.9746        0.0789474      0.0114995      
25.9746        0.157895       0.0228932      
25.9746        0.236842       0.0341813      
25.9746        0.315789       0.045364       
25.9746        0.394737       0.0564416      
25.9746        0.473684       0.0674145      
25.9746        0.552632       0.0782831      
25.9746        0.631579       0.0890478      
25.9746        0.710526       0.099709       
25.9746        0.789474       0.110267       
25.9746        0.868421       0.120723       
25.9746        0.947368       0.131077       
25.9746        1.02632        0.141329       
25.9746        1.10526        0.15148        
25.9746        1.18421        0.161531       
25.9746        1.26316        0.171483       
25.9746        1.34211        0.181335       
25.9746        1.42105        0.191089       
25.9746        1.5            0.200746       
26.1638        0              0              
26.1638        0.0789474      0.0116445      
26.1638        0.157895       0.0231823      
26.1638        0.236842       0.0346137      
26.1638        0.315789       0.0459391      
26.1638        0.394737       0.0571585      
26.1638        0.473684       0.0682725      
26.1638        0.552632       0.0792814      
26.1638        0.631579       0.0901856      
26.1638        0.710526       0.100985       
26.1638        0.789474       0.111682       
26.1638        0.868421       0.122274       
26.1638        0.947368       0.132764       
26.1638        1.02632        0.143152       
26.1638        1.10526        0.153438       
26.1638        1.18421        0.163623       
26.1638        1.26316        0.173708       
26.1638        1.34211        0.183692       
26.1638        1.42105        0.193578       
26.1638        1.5            0.203365       
26.3529        0              0              
26.3529        0.0789474      0.0117872      
26.3529        0.157895       0.0234671      
26.3529        0.236842       0.0350399      
26.3529        0.315789       0.0465058      
26.3529        0.394737       0.0578651      
26.3529        0.473684       0.0691182      
26.3529        0.552632       0.0802654      
26.3529        0.631579       0.0913071      
26.3529        0.710526       0.102244       
26.3529        0.789474       0.113076       
26.3529        0.868421       0.123804       
26.3529        0.947368       0.134428       
26.3529        1.02632        0.14495        
26.3529        1.10526        0.155369       
26.3529        1.18421        0.165686       
26.3529        1.26316        0.175902       
26.3529        1.34211        0.186017       
26.3529        1.42105        0.196032       
26.3529        1.5            0.205948       
26.5421        0              0              
26.5421        0.0789474      0.011928       
26.5421        0.157895       0.0237479      
26.5421        0.236842       0.0354599      
26.5421        0.315789       0.0470644      
26.5421        0.394737       0.0585616      
26.5421        0.473684       0.0699518      
26.5421        0.552632       0.0812354      
26.5421        0.631579       0.0924128      
26.5421        0.710526       0.103484       
26.5421        0.789474       0.114451       
26.5421        0.868421       0.125312       
26.5421        0.947368       0.136069       
26.5421        1.02632        0.146723       
26.5421        1.10526        0.157273       
26.5421        1.18421        0.16772        
26.5421        1.26316        0.178066       
26.5421        1.34211        0.18831        
26.5421        1.42105        0.198453       
26.5421        1.5            0.208496       
26.7312        0              0              
26.7312        0.0789474      0.0120666      
26.7312        0.157895       0.0240245      
26.7312        0.236842       0.0358739      
26.7312        0.315789       0.047615       
26.7312        0.394737       0.0592481      
26.7312        0.473684       0.0707736      
26.7312        0.552632       0.0821917      
26.7312        0.631579       0.0935029      
26.7312        0.710526       0.104708       
26.7312        0.789474       0.115806       
26.7312        0.868421       0.126799       
26.7312        0.947368       0.137688       
26.7312        1.02632        0.148471       
26.7312        1.10526        0.159151       
26.7312        1.18421        0.169727       
26.7312        1.26316        0.1802         
26.7312        1.34211        0.190572       
26.7312        1.42105        0.200842       
26.7312        1.5            0.211011       
26.9204        0              0              
26.9204        0.0789474      0.0122033      
26.9204        0.157895       0.0242973      
26.9204        0.236842       0.036282       
26.9204        0.315789       0.0481579      
26.9204        0.394737       0.059925       
26.9204        0.473684       0.0715839      
26.9204        0.552632       0.0831347      
26.9204        0.631579       0.094578       
26.9204        0.710526       0.105914       
26.9204        0.789474       0.117143       
26.9204        0.868421       0.128266       
26.9204        0.947368       0.139284       
26.9204        1.02632        0.150196       
26.9204        1.10526        0.161003       
26.9204        1.18421        0.171707       
26.9204        1.26316        0.182307       
26.9204        1.34211        0.192804       
26.9204        1.42105        0.203198       
26.9204        1.5            0.213492       
27.1096        0              0              
27.1096        0.0789474      0.0123381      
27.1096        0.157895       0.0245661      
27.1096        0.236842       0.0366844      
27.1096        0.315789       0.0486931      
27.1096        0.394737       0.0605925      
27.1096        0.473684       0.0723829      
27.1096        0.552632       0.0840647      
27.1096        0.631579       0.0956382      
27.1096        0.710526       0.107104       
27.1096        0.789474       0.118462       
27.1096        0.868421       0.129713       
27.1096        0.947368       0.140858       
27.1096        1.02632        0.151897       
27.1096        1.10526        0.162831       
27.1096        1.18421        0.17366        
27.1096        1.26316        0.184384       
27.1096        1.34211        0.195006       
27.1096        1.42105        0.205524       
27.1096        1.5            0.21594        
27.2987        0              0              
27.2987        0.0789474      0.0124709      
27.2987        0.157895       0.0248312      
27.2987        0.236842       0.0370811      
27.2987        0.315789       0.0492209      
27.2987        0.394737       0.0612507      
27.2987        0.473684       0.0731709      
27.2987        0.552632       0.0849818      
27.2987        0.631579       0.0966838      
27.2987        0.710526       0.108277       
27.2987        0.789474       0.119763       
27.2987        0.868421       0.131141       
27.2987        0.947368       0.142412       
27.2987        1.02632        0.153576       
27.2987        1.10526        0.164634       
27.2987        1.18421        0.175587       
27.2987        1.26316        0.186435       
27.2987        1.34211        0.197179       
27.2987        1.42105        0.207819       
27.2987        1.5            0.218356       
27.4879        0              0              
27.4879        0.0789474      0.0126019      
27.4879        0.157895       0.0250926      
27.4879        0.236842       0.0374724      
27.4879        0.315789       0.0497414      
27.4879        0.394737       0.0618998      
27.4879        0.473684       0.0739481      
27.4879        0.552632       0.0858865      
27.4879        0.631579       0.0977153      
27.4879        0.710526       0.109435       
27.4879        0.789474       0.121046       
27.4879        0.868421       0.132549       
27.4879        0.947368       0.143944       
27.4879        1.02632        0.155232       
27.4879        1.10526        0.166414       
27.4879        1.18421        0.177489       
27.4879        1.26316        0.188459       
27.4879        1.34211        0.199323       
27.4879        1.42105        0.210084       
27.4879        1.5            0.220741       
27.677         0              0              
27.677         0.0789474      0.0127311      
27.677         0.157895       0.0253504      
27.677         0.236842       0.0378582      
27.677         0.315789       0.0502547      
27.677         0.394737       0.0625401      
27.677         0.473684       0.0747147      
27.677         0.552632       0.0867789      
27.677         0.631579       0.098733       
27.677         0.710526       0.110577       
27.677         0.789474       0.122312       
27.677         0.868421       0.133939       
27.677         0.947368       0.145457       
27.677         1.02632        0.156867       
27.677         1.10526        0.16817        
27.677         1.18421        0.179366       
27.677         1.26316        0.190456       
27.677         1.34211        0.20144        
27.677         1.42105        0.21232        
27.677         1.5            0.223095       
27.8662        0              0              
27.8662        0.0789474      0.0128585      
27.8662        0.157895       0.0256047      
27.8662        0.236842       0.0382388      
27.8662        0.315789       0.0507611      
27.8662        0.394737       0.0631718      
27.8662        0.473684       0.0754711      
27.8662        0.552632       0.0876594      
27.8662        0.631579       0.099737       
27.8662        0.710526       0.111704       
27.8662        0.789474       0.123562       
27.8662        0.868421       0.13531        
27.8662        0.947368       0.146949       
27.8662        1.02632        0.15848        
27.8662        1.10526        0.169903       
27.8662        1.18421        0.181218       
27.8662        1.26316        0.192427       
27.8662        1.34211        0.20353        
27.8662        1.42105        0.214527       
27.8662        1.5            0.22542        
28.0554        0              0              
28.0554        0.0789474      0.0129841      
28.0554        0.157895       0.0258555      
28.0554        0.236842       0.0386143      
28.0554        0.315789       0.0512607      
28.0554        0.394737       0.0637949      
28.0554        0.473684       0.0762173      
28.0554        0.552632       0.0885281      
28.0554        0.631579       0.100728       
28.0554        0.710526       0.112816       
28.0554        0.789474       0.124795       
28.0554        0.868421       0.136663       
28.0554        0.947368       0.148422       
28.0554        1.02632        0.160072       
28.0554        1.10526        0.171614       
28.0554        1.18421        0.183047       
28.0554        1.26316        0.194374       
28.0554        1.34211        0.205593       
28.0554        1.42105        0.216707       
28.0554        1.5            0.227715       
28.2445        0              0              
28.2445        0.0789474      0.0131081      
28.2445        0.157895       0.0261029      
28.2445        0.236842       0.0389847      
28.2445        0.315789       0.0517535      
28.2445        0.394737       0.0644098      
28.2445        0.473684       0.0769536      
28.2445        0.552632       0.0893853      
28.2445        0.631579       0.101705       
28.2445        0.710526       0.113914       
28.2445        0.789474       0.126012       
28.2445        0.868421       0.137999       
28.2445        0.947368       0.149876       
28.2445        1.02632        0.161644       
28.2445        1.10526        0.173303       
28.2445        1.18421        0.184853       
28.2445        1.26316        0.196295       
28.2445        1.34211        0.20763        
28.2445        1.42105        0.218858       
28.2445        1.5            0.229981       
28.4337        0              0              
28.4337        0.0789474      0.0132303      
28.4337        0.157895       0.026347       
28.4337        0.236842       0.0393501      
28.4337        0.315789       0.0522399      
28.4337        0.394737       0.0650165      
28.4337        0.473684       0.0776802      
28.4337        0.552632       0.0902313      
28.4337        0.631579       0.10267        
28.4337        0.710526       0.114997       
28.4337        0.789474       0.127213       
28.4337        0.868421       0.139317       
28.4337        0.947368       0.151312       
28.4337        1.02632        0.163195       
28.4337        1.10526        0.17497        
28.4337        1.18421        0.186635       
28.4337        1.26316        0.198192       
28.4337        1.34211        0.209641       
28.4337        1.42105        0.220983       
28.4337        1.5            0.232219       
28.6228        0              0              
28.6228        0.0789474      0.013351       
28.6228        0.157895       0.0265878      
28.6228        0.236842       0.0397107      
28.6228        0.315789       0.0527198      
28.6228        0.394737       0.0656152      
28.6228        0.473684       0.0783973      
28.6228        0.552632       0.0910663      
28.6228        0.631579       0.103623       
28.6228        0.710526       0.116067       
28.6228        0.789474       0.128399       
28.6228        0.868421       0.140619       
28.6228        0.947368       0.152729       
28.6228        1.02632        0.164727       
28.6228        1.10526        0.176616       
28.6228        1.18421        0.188395       
28.6228        1.26316        0.200066       
28.6228        1.34211        0.211628       
28.6228        1.42105        0.223082       
28.6228        1.5            0.234429       
28.812         0              0              
28.812         0.0789474      0.01347        
28.812         0.157895       0.0268255      
28.812         0.236842       0.0400666      
28.812         0.315789       0.0531934      
28.812         0.394737       0.0662061      
28.812         0.473684       0.0791051      
28.812         0.552632       0.0918905      
28.812         0.631579       0.104563       
28.812         0.710526       0.117122       
28.812         0.789474       0.129569       
28.812         0.868421       0.141904       
28.812         0.947368       0.154128       
28.812         1.02632        0.16624        
28.812         1.10526        0.178242       
28.812         1.18421        0.190134       
28.812         1.26316        0.201916       
28.812         1.34211        0.213589       
28.812         1.42105        0.225154       
28.812         1.5            0.236612       
29.0011        0              0              
29.0011        0.0789474      0.0135875      
29.0011        0.157895       0.0270601      
29.0011        0.236842       0.0404178      
29.0011        0.315789       0.0536608      
29.0011        0.394737       0.0667894      
29.0011        0.473684       0.0798037      
29.0011        0.552632       0.0927041      
29.0011        0.631579       0.105491       
29.0011        0.710526       0.118164       
29.0011        0.789474       0.130725       
29.0011        0.868421       0.143173       
29.0011        0.947368       0.155509       
29.0011        1.02632        0.167734       
29.0011        1.10526        0.179847       
29.0011        1.18421        0.19185        
29.0011        1.26316        0.203743       
29.0011        1.34211        0.215527       
29.0011        1.42105        0.227201       
29.0011        1.5            0.238768       
29.1903        0              0              
29.1903        0.0789474      0.0137034      
29.1903        0.157895       0.0272916      
29.1903        0.236842       0.0407645      
29.1903        0.315789       0.0541223      
29.1903        0.394737       0.0673652      
29.1903        0.473684       0.0804935      
29.1903        0.552632       0.0935074      
29.1903        0.631579       0.106407       
29.1903        0.710526       0.119193       
29.1903        0.789474       0.131866       
29.1903        0.868421       0.144426       
29.1903        0.947368       0.156873       
29.1903        1.02632        0.169209       
29.1903        1.10526        0.181433       
29.1903        1.18421        0.193545       
29.1903        1.26316        0.205548       
29.1903        1.34211        0.21744        
29.1903        1.42105        0.229224       
29.1903        1.5            0.240898       
29.3795        0              0              
29.3795        0.0789474      0.0138179      
29.3795        0.157895       0.0275201      
29.3795        0.236842       0.0411066      
29.3795        0.315789       0.0545778      
29.3795        0.394737       0.0679336      
29.3795        0.473684       0.0811744      
29.3795        0.552632       0.0943004      
29.3795        0.631579       0.107312       
29.3795        0.710526       0.120209       
29.3795        0.789474       0.132993       
29.3795        0.868421       0.145663       
29.3795        0.947368       0.158221       
29.3795        1.02632        0.170666       
29.3795        1.10526        0.182999       
29.3795        1.18421        0.19522        
29.3795        1.26316        0.207331       
29.3795        1.34211        0.219331       
29.3795        1.42105        0.231222       
29.3795        1.5            0.243003       
29.5686        0              0              
29.5686        0.0789474      0.0139308      
29.5686        0.157895       0.0277456      
29.5686        0.236842       0.0414445      
29.5686        0.315789       0.0550275      
29.5686        0.394737       0.0684948      
29.5686        0.473684       0.0818468      
29.5686        0.552632       0.0950835      
29.5686        0.631579       0.108205       
29.5686        0.710526       0.121213       
29.5686        0.789474       0.134106       
29.5686        0.868421       0.146885       
29.5686        0.947368       0.159551       
29.5686        1.02632        0.172105       
29.5686        1.10526        0.184545       
29.5686        1.18421        0.196874       
29.5686        1.26316        0.209092       
29.5686        1.34211        0.221199       
29.5686        1.42105        0.233195       
29.5686        1.5            0.245082       
29.7578        0              0              
29.7578        0.0789474      0.0140424      
29.7578        0.157895       0.0279683      
29.7578        0.236842       0.041778       
29.7578        0.315789       0.0554715      
29.7578        0.394737       0.069049       
29.7578        0.473684       0.0825107      
29.7578        0.552632       0.0958568      
29.7578        0.631579       0.109088       
29.7578        0.710526       0.122204       
29.7578        0.789474       0.135205       
29.7578        0.868421       0.148092       
29.7578        0.947368       0.160866       
29.7578        1.02632        0.173526       
29.7578        1.10526        0.186074       
29.7578        1.18421        0.198509       
29.7578        1.26316        0.210832       
29.7578        1.34211        0.223044       
29.7578        1.42105        0.235146       
29.7578        1.5            0.247137       
29.9469        0              0              
29.9469        0.0789474      0.0141524      
29.9469        0.157895       0.0281882      
29.9469        0.236842       0.0421073      
29.9469        0.315789       0.0559099      
29.9469        0.394737       0.0695962      
29.9469        0.473684       0.0831663      
29.9469        0.552632       0.0966205      
29.9469        0.631579       0.109959       
29.9469        0.710526       0.123183       
29.9469        0.789474       0.136291       
29.9469        0.868421       0.149285       
29.9469        0.947368       0.162164       
29.9469        1.02632        0.174931       
29.9469        1.10526        0.187583       
29.9469        1.18421        0.200123       
29.9469        1.26316        0.212551       
29.9469        1.34211        0.224868       
29.9469        1.42105        0.237073       
29.9469        1.5            0.249168       
30.1361        0              0              
30.1361        0.0789474      0.0142611      
30.1361        0.157895       0.0284053      
30.1361        0.236842       0.0424325      
30.1361        0.315789       0.0563429      
30.1361        0.394737       0.0701366      
30.1361        0.473684       0.0838138      
30.1361        0.552632       0.0973748      
30.1361        0.631579       0.11082        
30.1361        0.710526       0.124149       
30.1361        0.789474       0.137363       
30.1361        0.868421       0.150463       
30.1361        0.947368       0.163447       
30.1361        1.02632        0.176318       
30.1361        1.10526        0.189075       
30.1361        1.18421        0.201719       
30.1361        1.26316        0.21425        
30.1361        1.34211        0.22667        
30.1361        1.42105        0.238977       
30.1361        1.5            0.251174       
30.3253        0              0              
30.3253        0.0789474      0.0143685      
30.3253        0.157895       0.0286197      
30.3253        0.236842       0.0427536      
30.3253        0.315789       0.0567705      
30.3253        0.394737       0.0706703      
30.3253        0.473684       0.0844534      
30.3253        0.552632       0.0981199      
30.3253        0.631579       0.11167        
30.3253        0.710526       0.125104       
30.3253        0.789474       0.138423       
30.3253        0.868421       0.151626       
30.3253        0.947368       0.164715       
30.3253        1.02632        0.177689       
30.3253        1.10526        0.190549       
30.3253        1.18421        0.203295       
30.3253        1.26316        0.215929       
30.3253        1.34211        0.22845        
30.3253        1.42105        0.24086        
30.3253        1.5            0.253158       
30.5144        0              0              
30.5144        0.0789474      0.0144745      
30.5144        0.157895       0.0288314      
30.5144        0.236842       0.0430708      
30.5144        0.315789       0.0571928      
30.5144        0.394737       0.0711975      
30.5144        0.473684       0.0850851      
30.5144        0.552632       0.0988559      
30.5144        0.631579       0.11251        
30.5144        0.710526       0.126048       
30.5144        0.789474       0.13947        
30.5144        0.868421       0.152776       
30.5144        0.947368       0.165967       
30.5144        1.02632        0.179043       
30.5144        1.10526        0.192005       
30.5144        1.18421        0.204853       
30.5144        1.26316        0.217588       
30.5144        1.34211        0.23021        
30.5144        1.42105        0.24272        
30.5144        1.5            0.255118       
30.7036        0              0              
30.7036        0.0789474      0.0145791      
30.7036        0.157895       0.0290405      
30.7036        0.236842       0.043384       
30.7036        0.315789       0.0576099      
30.7036        0.394737       0.0717183      
30.7036        0.473684       0.0857092      
30.7036        0.552632       0.099583       
30.7036        0.631579       0.11334        
30.7036        0.710526       0.12698        
30.7036        0.789474       0.140504       
30.7036        0.868421       0.153912       
30.7036        0.947368       0.167205       
30.7036        1.02632        0.180382       
30.7036        1.10526        0.193445       
30.7036        1.18421        0.206393       
30.7036        1.26316        0.219228       
30.7036        1.34211        0.23195        
30.7036        1.42105        0.244559       
30.7036        1.5            0.257056       
30.8927        0              0              
30.8927        0.0789474      0.0146825      
30.8927        0.157895       0.029247       
30.8927        0.236842       0.0436935      
30.8927        0.315789       0.058022       
30.8927        0.394737       0.0722327      
30.8927        0.473684       0.0863258      
30.8927        0.552632       0.100301       
30.8927        0.631579       0.11416        
30.8927        0.710526       0.127901       
30.8927        0.789474       0.141526       
30.8927        0.868421       0.155035       
30.8927        0.947368       0.168428       
30.8927        1.02632        0.181705       
30.8927        1.10526        0.194867       
30.8927        1.18421        0.207915       
30.8927        1.26316        0.220849       
30.8927        1.34211        0.233669       
30.8927        1.42105        0.246377       
30.8927        1.5            0.258971       
31.0819        0              0              
31.0819        0.0789474      0.0147847      
31.0819        0.157895       0.029451       
31.0819        0.236842       0.0439991      
31.0819        0.315789       0.0584291      
31.0819        0.394737       0.0727409      
31.0819        0.473684       0.0869349      
31.0819        0.552632       0.101011       
31.0819        0.631579       0.11497        
31.0819        0.710526       0.128812       
31.0819        0.789474       0.142536       
31.0819        0.868421       0.156144       
31.0819        0.947368       0.169636       
31.0819        1.02632        0.183013       
31.0819        1.10526        0.196274       
31.0819        1.18421        0.20942        
31.0819        1.26316        0.222451       
31.0819        1.34211        0.235369       
31.0819        1.42105        0.248174       
31.0819        1.5            0.260865       
31.271         0              0              
31.271         0.0789474      0.0148855      
31.271         0.157895       0.0296526      
31.271         0.236842       0.0443011      
31.271         0.315789       0.0588313      
31.271         0.394737       0.0732431      
31.271         0.473684       0.0875368      
31.271         0.552632       0.101713       
31.271         0.631579       0.11577        
31.271         0.710526       0.129711       
31.271         0.789474       0.143534       
31.271         0.868421       0.157241       
31.271         0.947368       0.170831       
31.271         1.02632        0.184305       
31.271         1.10526        0.197663       
31.271         1.18421        0.210907       
31.271         1.26316        0.224035       
31.271         1.34211        0.23705        
31.271         1.42105        0.24995        
31.271         1.5            0.262738       
31.4602        0              0              
31.4602        0.0789474      0.0149852      
31.4602        0.157895       0.0298517      
31.4602        0.236842       0.0445995      
31.4602        0.315789       0.0592287      
31.4602        0.394737       0.0737393      
31.4602        0.473684       0.0881315      
31.4602        0.552632       0.102406       
31.4602        0.631579       0.116562       
31.4602        0.710526       0.1306         
31.4602        0.789474       0.144521       
31.4602        0.868421       0.158325       
31.4602        0.947368       0.172012       
31.4602        1.02632        0.185583       
31.4602        1.10526        0.199037       
31.4602        1.18421        0.212377       
31.4602        1.26316        0.225601       
31.4602        1.34211        0.238711       
31.4602        1.42105        0.251707       
31.4602        1.5            0.26459        
31.6494        0              0              
31.6494        0.0789474      0.0150836      
31.6494        0.157895       0.0300484      
31.6494        0.236842       0.0448943      
31.6494        0.315789       0.0596213      
31.6494        0.394737       0.0742296      
31.6494        0.473684       0.0887193      
31.6494        0.552632       0.103091       
31.6494        0.631579       0.117344       
31.6494        0.710526       0.131479       
31.6494        0.789474       0.145496       
31.6494        0.868421       0.159396       
31.6494        0.947368       0.173179       
31.6494        1.02632        0.186846       
31.6494        1.10526        0.200396       
31.6494        1.18421        0.21383        
31.6494        1.26316        0.227149       
31.6494        1.34211        0.240354       
31.6494        1.42105        0.253444       
31.6494        1.5            0.266421       
31.8385        0              0              
31.8385        0.0789474      0.0151809      
31.8385        0.157895       0.0302428      
31.8385        0.236842       0.0451856      
31.8385        0.315789       0.0600094      
31.8385        0.394737       0.0747142      
31.8385        0.473684       0.0893002      
31.8385        0.552632       0.103768       
31.8385        0.631579       0.118116       
31.8385        0.710526       0.132347       
31.8385        0.789474       0.14646        
31.8385        0.868421       0.160455       
31.8385        0.947368       0.174333       
31.8385        1.02632        0.188094       
31.8385        1.10526        0.201739       
31.8385        1.18421        0.215267       
31.8385        1.26316        0.22868        
31.8385        1.34211        0.241978       
31.8385        1.42105        0.255162       
31.8385        1.5            0.268231       
32.0277        0              0              
32.0277        0.0789474      0.015277       
32.0277        0.157895       0.0304349      
32.0277        0.236842       0.0454735      
32.0277        0.315789       0.0603928      
32.0277        0.394737       0.0751931      
32.0277        0.473684       0.0898743      
32.0277        0.552632       0.104437       
32.0277        0.631579       0.11888        
32.0277        0.710526       0.133206       
32.0277        0.789474       0.147413       
32.0277        0.868421       0.161502       
32.0277        0.947368       0.175474       
32.0277        1.02632        0.189329       
32.0277        1.10526        0.203067       
32.0277        1.18421        0.216688       
32.0277        1.26316        0.230194       
32.0277        1.34211        0.243585       
32.0277        1.42105        0.25686        
32.0277        1.5            0.270022       
32.2168        0              0              
32.2168        0.0789474      0.015372       
32.2168        0.157895       0.0306247      
32.2168        0.236842       0.0457579      
32.2168        0.315789       0.0607718      
32.2168        0.394737       0.0756664      
32.2168        0.473684       0.0904418      
32.2168        0.552632       0.105098       
32.2168        0.631579       0.119636       
32.2168        0.710526       0.134054       
32.2168        0.789474       0.148355       
32.2168        0.868421       0.162537       
32.2168        0.947368       0.176602       
32.2168        1.02632        0.190549       
32.2168        1.10526        0.20438        
32.2168        1.18421        0.218093       
32.2168        1.26316        0.231691       
32.2168        1.34211        0.245173       
32.2168        1.42105        0.25854        
32.2168        1.5            0.271793       
32.406         0              0              
32.406         0.0789474      0.0154659      
32.406         0.157895       0.0308123      
32.406         0.236842       0.0460391      
32.406         0.315789       0.0611464      
32.406         0.394737       0.0761343      
32.406         0.473684       0.0910027      
32.406         0.552632       0.105752       
32.406         0.631579       0.120382       
32.406         0.710526       0.134893       
32.406         0.789474       0.149286       
32.406         0.868421       0.163561       
32.406         0.947368       0.177717       
32.406         1.02632        0.191756       
32.406         1.10526        0.205678       
32.406         1.18421        0.219483       
32.406         1.26316        0.233172       
32.406         1.34211        0.246745       
32.406         1.42105        0.260202       
32.406         1.5            0.273545       
32.5952        0              0              
32.5952        0.0789474      0.0155587      
32.5952        0.157895       0.0309977      
32.5952        0.236842       0.0463171      
32.5952        0.315789       0.0615167      
32.5952        0.394737       0.0765967      
32.5952        0.473684       0.0915572      
32.5952        0.552632       0.106398       
32.5952        0.631579       0.12112        
32.5952        0.710526       0.135723       
32.5952        0.789474       0.150207       
32.5952        0.868421       0.164573       
32.5952        0.947368       0.17882        
32.5952        1.02632        0.19295        
32.5952        1.10526        0.206962       
32.5952        1.18421        0.220857       
32.5952        1.26316        0.234636       
32.5952        1.34211        0.248299       
32.5952        1.42105        0.261846       
32.5952        1.5            0.275277       
32.7843        0              0              
32.7843        0.0789474      0.0156504      
32.7843        0.157895       0.031181       
32.7843        0.236842       0.0465918      
32.7843        0.315789       0.0618827      
32.7843        0.394737       0.0770539      
32.7843        0.473684       0.0921054      
32.7843        0.552632       0.107037       
32.7843        0.631579       0.12185        
32.7843        0.710526       0.136543       
32.7843        0.789474       0.151118       
32.7843        0.868421       0.165573       
32.7843        0.947368       0.179911       
32.7843        1.02632        0.19413        
32.7843        1.10526        0.208232       
32.7843        1.18421        0.222217       
32.7843        1.26316        0.236084       
32.7843        1.34211        0.249836       
32.7843        1.42105        0.263471       
32.7843        1.5            0.276992       
32.9735        0              0              
32.9735        0.0789474      0.015741       
32.9735        0.157895       0.0313621      
32.9735        0.236842       0.0468634      
32.9735        0.315789       0.0622446      
32.9735        0.394737       0.0775059      
32.9735        0.473684       0.0926475      
32.9735        0.552632       0.107669       
32.9735        0.631579       0.122571       
32.9735        0.710526       0.137354       
32.9735        0.789474       0.152018       
32.9735        0.868421       0.166563       
32.9735        0.947368       0.180989       
32.9735        1.02632        0.195298       
32.9735        1.10526        0.209488       
32.9735        1.18421        0.223561       
32.9735        1.26316        0.237517       
32.9735        1.34211        0.251356       
32.9735        1.42105        0.26508        
32.9735        1.5            0.278687       
33.1626        0              0              
33.1626        0.0789474      0.0158306      
33.1626        0.157895       0.0315412      
33.1626        0.236842       0.0471318      
33.1626        0.315789       0.0626024      
33.1626        0.394737       0.0779529      
33.1626        0.473684       0.0931834      
33.1626        0.552632       0.108294       
33.1626        0.631579       0.123285       
33.1626        0.710526       0.138156       
33.1626        0.789474       0.152909       
33.1626        0.868421       0.167542       
33.1626        0.947368       0.182056       
33.1626        1.02632        0.196452       
33.1626        1.10526        0.21073        
33.1626        1.18421        0.224891       
33.1626        1.26316        0.238934       
33.1626        1.34211        0.25286        
33.1626        1.42105        0.266671       
33.1626        1.5            0.280365       
33.3518        0              0              
33.3518        0.0789474      0.0159192      
33.3518        0.157895       0.0317183      
33.3518        0.236842       0.0473973      
33.3518        0.315789       0.0629561      
33.3518        0.394737       0.0783947      
33.3518        0.473684       0.0937133      
33.3518        0.552632       0.108912       
33.3518        0.631579       0.123991       
33.3518        0.710526       0.13895        
33.3518        0.789474       0.153789       
33.3518        0.868421       0.16851        
33.3518        0.947368       0.183111       
33.3518        1.02632        0.197594       
33.3518        1.10526        0.211959       
33.3518        1.18421        0.226206       
33.3518        1.26316        0.240336       
33.3518        1.34211        0.254349       
33.3518        1.42105        0.268245       
33.3518        1.5            0.282025       
33.5409        0              0              
33.5409        0.0789474      0.0160067      
33.5409        0.157895       0.0318933      
33.5409        0.236842       0.0476597      
33.5409        0.315789       0.0633058      
33.5409        0.394737       0.0788317      
33.5409        0.473684       0.0942373      
33.5409        0.552632       0.109523       
33.5409        0.631579       0.124688       
33.5409        0.710526       0.139734       
33.5409        0.789474       0.15466        
33.5409        0.868421       0.169467       
33.5409        0.947368       0.184155       
33.5409        1.02632        0.198724       
33.5409        1.10526        0.213175       
33.5409        1.18421        0.227508       
33.5409        1.26316        0.241723       
33.5409        1.34211        0.255821       
33.5409        1.42105        0.269802       
33.5409        1.5            0.283667       
33.7301        0              0              
33.7301        0.0789474      0.0160933      
33.7301        0.157895       0.0320664      
33.7301        0.236842       0.0479192      
33.7301        0.315789       0.0636517      
33.7301        0.394737       0.0792638      
33.7301        0.473684       0.0947556      
33.7301        0.552632       0.110127       
33.7301        0.631579       0.125379       
33.7301        0.710526       0.14051        
33.7301        0.789474       0.155522       
33.7301        0.868421       0.170414       
33.7301        0.947368       0.185188       
33.7301        1.02632        0.199842       
33.7301        1.10526        0.214378       
33.7301        1.18421        0.228795       
33.7301        1.26316        0.243095       
33.7301        1.34211        0.257278       
33.7301        1.42105        0.271343       
33.7301        1.5            0.285292       
33.9193        0              0              
33.9193        0.0789474      0.0161789      
33.9193        0.157895       0.0322376      
33.9193        0.236842       0.0481758      
33.9193        0.315789       0.0639937      
33.9193        0.394737       0.0796911      
33.9193        0.473684       0.0952681      
33.9193        0.552632       0.110725       
33.9193        0.631579       0.126061       
33.9193        0.710526       0.141278       
33.9193        0.789474       0.156374       
33.9193        0.868421       0.171351       
33.9193        0.947368       0.186209       
33.9193        1.02632        0.200948       
33.9193        1.10526        0.215568       
33.9193        1.18421        0.230069       
33.9193        1.26316        0.244453       
33.9193        1.34211        0.258719       
33.9193        1.42105        0.272868       
33.9193        1.5            0.286901       
34.1084        0              0              
34.1084        0.0789474      0.0162636      
34.1084        0.157895       0.0324068      
34.1084        0.236842       0.0484296      
34.1084        0.315789       0.0643319      
34.1084        0.394737       0.0801137      
34.1084        0.473684       0.095775       
34.1084        0.552632       0.111316       
34.1084        0.631579       0.126736       
34.1084        0.710526       0.142037       
34.1084        0.789474       0.157217       
34.1084        0.868421       0.172278       
34.1084        0.947368       0.187219       
34.1084        1.02632        0.202042       
34.1084        1.10526        0.216745       
34.1084        1.18421        0.23133        
34.1084        1.26316        0.245796       
34.1084        1.34211        0.260145       
34.1084        1.42105        0.274377       
34.1084        1.5            0.288492       
34.2976        0              0              
34.2976        0.0789474      0.0163473      
34.2976        0.157895       0.0325742      
34.2976        0.236842       0.0486806      
34.2976        0.315789       0.0646664      
34.2976        0.394737       0.0805317      
34.2976        0.473684       0.0962764      
34.2976        0.552632       0.111901       
34.2976        0.631579       0.127404       
34.2976        0.710526       0.142788       
34.2976        0.789474       0.158051       
34.2976        0.868421       0.173195       
34.2976        0.947368       0.188219       
34.2976        1.02632        0.203124       
34.2976        1.10526        0.21791        
34.2976        1.18421        0.232577       
34.2976        1.26316        0.247126       
34.2976        1.34211        0.261557       
34.2976        1.42105        0.275871       
34.2976        1.5            0.290067       
34.4867        0              0              
34.4867        0.0789474      0.01643        
34.4867        0.157895       0.0327397      
34.4867        0.236842       0.0489288      
34.4867        0.315789       0.0649973      
34.4867        0.394737       0.0809451      
34.4867        0.473684       0.0967723      
34.4867        0.552632       0.112479       
34.4867        0.631579       0.128065       
34.4867        0.710526       0.143531       
34.4867        0.789474       0.158877       
34.4867        0.868421       0.174102       
34.4867        0.947368       0.189208       
34.4867        1.02632        0.204195       
34.4867        1.10526        0.219062       
34.4867        1.18421        0.233811       
34.4867        1.26316        0.248442       
34.4867        1.34211        0.262954       
34.4867        1.42105        0.277349       
34.4867        1.5            0.291626       
34.6759        0              0              
34.6759        0.0789474      0.0165119      
34.6759        0.157895       0.0329034      
34.6759        0.236842       0.0491743      
34.6759        0.315789       0.0653246      
34.6759        0.394737       0.0813541      
34.6759        0.473684       0.097263       
34.6759        0.552632       0.113051       
34.6759        0.631579       0.128719       
34.6759        0.710526       0.144266       
34.6759        0.789474       0.159693       
34.6759        0.868421       0.175          
34.6759        0.947368       0.190187       
34.6759        1.02632        0.205255       
34.6759        1.10526        0.220203       
34.6759        1.18421        0.235033       
34.6759        1.26316        0.249744       
34.6759        1.34211        0.264336       
34.6759        1.42105        0.278811       
34.6759        1.5            0.293169       
34.8651        0              0              
34.8651        0.0789474      0.0165929      
34.8651        0.157895       0.0330653      
34.8651        0.236842       0.0494171      
34.8651        0.315789       0.0656483      
34.8651        0.394737       0.0817587      
34.8651        0.473684       0.0977483      
34.8651        0.552632       0.113617       
34.8651        0.631579       0.129366       
34.8651        0.710526       0.144993       
34.8651        0.789474       0.160501       
34.8651        0.868421       0.175888       
34.8651        0.947368       0.191156       
34.8651        1.02632        0.206303       
34.8651        1.10526        0.221332       
34.8651        1.18421        0.236241       
34.8651        1.26316        0.251032       
34.8651        1.34211        0.265705       
34.8651        1.42105        0.280259       
34.8651        1.5            0.294697       
35.0542        0              0              
35.0542        0.0789474      0.016673       
35.0542        0.157895       0.0332255      
35.0542        0.236842       0.0496574      
35.0542        0.315789       0.0659685      
35.0542        0.394737       0.0821589      
35.0542        0.473684       0.0982285      
35.0542        0.552632       0.114177       
35.0542        0.631579       0.130005       
35.0542        0.710526       0.145713       
35.0542        0.789474       0.1613         
35.0542        0.868421       0.176767       
35.0542        0.947368       0.192114       
35.0542        1.02632        0.207341       
35.0542        1.10526        0.222449       
35.0542        1.18421        0.237438       
35.0542        1.26316        0.252308       
35.0542        1.34211        0.267059       
35.0542        1.42105        0.281693       
35.0542        1.5            0.296209       
35.2434        0              0              
35.2434        0.0789474      0.0167522      
35.2434        0.157895       0.0333839      
35.2434        0.236842       0.049895       
35.2434        0.315789       0.0662853      
35.2434        0.394737       0.0825549      
35.2434        0.473684       0.0987036      
35.2434        0.552632       0.114731       
35.2434        0.631579       0.130639       
35.2434        0.710526       0.146425       
35.2434        0.789474       0.162091       
35.2434        0.868421       0.177637       
35.2434        0.947368       0.193063       
35.2434        1.02632        0.208369       
35.2434        1.10526        0.223555       
35.2434        1.18421        0.238622       
35.2434        1.26316        0.25357        
35.2434        1.34211        0.2684         
35.2434        1.42105        0.283111       
35.2434        1.5            0.297705       
35.4325        0              0              
35.4325        0.0789474      0.0168305      
35.4325        0.157895       0.0335406      
35.4325        0.236842       0.0501301      
35.4325        0.315789       0.0665988      
35.4325        0.394737       0.0829466      
35.4325        0.473684       0.0991736      
35.4325        0.552632       0.11528        
35.4325        0.631579       0.131265       
35.4325        0.710526       0.14713        
35.4325        0.789474       0.162874       
35.4325        0.868421       0.178498       
35.4325        0.947368       0.194001       
35.4325        1.02632        0.209385       
35.4325        1.10526        0.224649       
35.4325        1.18421        0.239794       
35.4325        1.26316        0.25482        
35.4325        1.34211        0.269727       
35.4325        1.42105        0.284516       
35.4325        1.5            0.299187       
35.6217        0              0              
35.6217        0.0789474      0.0169081      
35.6217        0.157895       0.0336957      
35.6217        0.236842       0.0503627      
35.6217        0.315789       0.0669089      
35.6217        0.394737       0.0833342      
35.6217        0.473684       0.0996387      
35.6217        0.552632       0.115822       
35.6217        0.631579       0.131885       
35.6217        0.710526       0.147827       
35.6217        0.789474       0.163649       
35.6217        0.868421       0.17935        
35.6217        0.947368       0.194931       
35.6217        1.02632        0.210391       
35.6217        1.10526        0.225732       
35.6217        1.18421        0.240954       
35.6217        1.26316        0.256057       
35.6217        1.34211        0.271041       
35.6217        1.42105        0.285906       
35.6217        1.5            0.300654       
35.8108        0              0              
35.8108        0.0789474      0.0169848      
35.8108        0.157895       0.0338491      
35.8108        0.236842       0.0505928      
35.8108        0.315789       0.0672157      
35.8108        0.394737       0.0837178      
35.8108        0.473684       0.100099       
35.8108        0.552632       0.116359       
35.8108        0.631579       0.132499       
35.8108        0.710526       0.148517       
35.8108        0.789474       0.164415       
35.8108        0.868421       0.180193       
35.8108        0.947368       0.19585        
35.8108        1.02632        0.211387       
35.8108        1.10526        0.226805       
35.8108        1.18421        0.242103       
35.8108        1.26316        0.257281       
35.8108        1.34211        0.272341       
35.8108        1.42105        0.287283       
35.8108        1.5            0.302106       
36             0              0              
36             0.0789474      0.0170606      
36             0.157895       0.0340009      
36             0.236842       0.0508205      
36             0.315789       0.0675193      
36             0.394737       0.0840973      
36             0.473684       0.100554       
36             0.552632       0.116891       
36             0.631579       0.133106       
36             0.710526       0.1492         
36             0.789474       0.165174       
36             0.868421       0.181028       
36             0.947368       0.19676        
36             1.02632        0.212373       
36             1.10526        0.227866       
36             1.18421        0.24324        
36             1.26316        0.258494       
36             1.34211        0.273629       
36             1.42105        0.288646       
36             1.5            0.303544       
