17.2733   36        100       0         1.5       20        
17.2733        0              0              
17.2733        0.0789474      0.0558887      
17.2733        0.157895       0.111162       
17.2733        0.236842       0.165825       
17.2733        0.315789       0.21988        
17.2733        0.394737       0.273331       
17.2733        0.473684       0.326183       
17.2733        0.552632       0.37844        
17.2733        0.631579       0.430106       
17.2733        0.710526       0.481185       
17.2733        0.789474       0.531684       
17.2733        0.868421       0.581605       
17.2733        0.947368       0.630954       
17.2733        1.02632        0.679737       
17.2733        1.10526        0.727957       
17.2733        1.18421        0.77562        
17.2733        1.26316        0.822731       
17.2733        1.34211        0.869295       
17.2733        1.42105        0.915318       
17.2733        1.5            0.960805       
17.4625        0              0              
17.4625        0.0789474      0.0515191      
17.4625        0.157895       0.102485       
17.4625        0.236842       0.1529         
17.4625        0.315789       0.202769       
17.4625        0.394737       0.252093       
17.4625        0.473684       0.300878       
17.4625        0.552632       0.349125       
17.4625        0.631579       0.396839       
17.4625        0.710526       0.444024       
17.4625        0.789474       0.490684       
17.4625        0.868421       0.536823       
17.4625        0.947368       0.582444       
17.4625        1.02632        0.627553       
17.4625        1.10526        0.672153       
17.4625        1.18421        0.716248       
17.4625        1.26316        0.759844       
17.4625        1.34211        0.802945       
17.4625        1.42105        0.845555       
17.4625        1.5            0.887678       
17.6516        0              0              
17.6516        0.0789474      0.0495647      
17.6516        0.157895       0.0986054      
17.6516        0.236842       0.147125       
17.6516        0.315789       0.195126       
17.6516        0.394737       0.242611       
17.6516        0.473684       0.289585       
17.6516        0.552632       0.336049       
17.6516        0.631579       0.382007       
17.6516        0.710526       0.427464       
17.6516        0.789474       0.472422       
17.6516        0.868421       0.516885       
17.6516        0.947368       0.560857       
17.6516        1.02632        0.604342       
17.6516        1.10526        0.647344       
17.6516        1.18421        0.689867       
17.6516        1.26316        0.731914       
17.6516        1.34211        0.773491       
17.6516        1.42105        0.814601       
17.6516        1.5            0.855248       
17.8408        0              0              
17.8408        0.0789474      0.0480379      
17.8408        0.157895       0.0955752      
17.8408        0.236842       0.142614       
17.8408        0.315789       0.189158       
17.8408        0.394737       0.235208       
17.8408        0.473684       0.280769       
17.8408        0.552632       0.325843       
17.8408        0.631579       0.370433       
17.8408        0.710526       0.414543       
17.8408        0.789474       0.458175       
17.8408        0.868421       0.501334       
17.8408        0.947368       0.544022       
17.8408        1.02632        0.586244       
17.8408        1.10526        0.628003       
17.8408        1.18421        0.669303       
17.8408        1.26316        0.710147       
17.8408        1.34211        0.75054        
17.8408        1.42105        0.790486       
17.8408        1.5            0.829988       
18.03          0              0              
18.03          0.0789474      0.0467389      
18.03          0.157895       0.0929973      
18.03          0.236842       0.138777       
18.03          0.315789       0.184081       
18.03          0.394737       0.228912       
18.03          0.473684       0.273272       
18.03          0.552632       0.317164       
18.03          0.631579       0.360591       
18.03          0.710526       0.403557       
18.03          0.789474       0.446063       
18.03          0.868421       0.488114       
18.03          0.947368       0.529712       
18.03          1.02632        0.570862       
18.03          1.10526        0.611566       
18.03          1.18421        0.651829       
18.03          1.26316        0.691653       
18.03          1.34211        0.731042       
18.03          1.42105        0.77           
18.03          1.5            0.808532       
18.2191        0              0              
18.2191        0.0789474      0.0455894      
18.2191        0.157895       0.0907161      
18.2191        0.236842       0.135382       
18.2191        0.315789       0.17959        
18.2191        0.394737       0.223341       
18.2191        0.473684       0.266639       
18.2191        0.552632       0.309486       
18.2191        0.631579       0.351885       
18.2191        0.710526       0.393839       
18.2191        0.789474       0.43535        
18.2191        0.868421       0.476421       
18.2191        0.947368       0.517057       
18.2191        1.02632        0.557259       
18.2191        1.10526        0.597031       
18.2191        1.18421        0.636377       
18.2191        1.26316        0.6753         
18.2191        1.34211        0.713803       
18.2191        1.42105        0.751889       
18.2191        1.5            0.789564       
18.4083        0              0              
18.4083        0.0789474      0.0445488      
18.4083        0.157895       0.088651       
18.4083        0.236842       0.132309       
18.4083        0.315789       0.175524       
18.4083        0.394737       0.218298       
18.4083        0.473684       0.260635       
18.4083        0.552632       0.302536       
18.4083        0.631579       0.344005       
18.4083        0.710526       0.385043       
18.4083        0.789474       0.425653       
18.4083        0.868421       0.465839       
18.4083        0.947368       0.505603       
18.4083        1.02632        0.544948       
18.4083        1.10526        0.583877       
18.4083        1.18421        0.622394       
18.4083        1.26316        0.660502       
18.4083        1.34211        0.698204       
18.4083        1.42105        0.735502       
18.4083        1.5            0.772402       
18.5974        0              0              
18.5974        0.0789474      0.0435925      
18.5974        0.157895       0.0867534      
18.5974        0.236842       0.129484       
18.5974        0.315789       0.171788       
18.5974        0.394737       0.213665       
18.5974        0.473684       0.255119       
18.5974        0.552632       0.296151       
18.5974        0.631579       0.336764       
18.5974        0.710526       0.376961       
18.5974        0.789474       0.416744       
18.5974        0.868421       0.456116       
18.5974        0.947368       0.49508        
18.5974        1.02632        0.533638       
18.5974        1.10526        0.571793       
18.5974        1.18421        0.609549       
18.5974        1.26316        0.646908       
18.5974        1.34211        0.683874       
18.5974        1.42105        0.720449       
18.5974        1.5            0.756637       
18.7866        0              0              
18.7866        0.0789474      0.0427046      
18.7866        0.157895       0.0849914      
18.7866        0.236842       0.126862       
18.7866        0.315789       0.168318       
18.7866        0.394737       0.209362       
18.7866        0.473684       0.249996       
18.7866        0.552632       0.290222       
18.7866        0.631579       0.330041       
18.7866        0.710526       0.369457       
18.7866        0.789474       0.408472       
18.7866        0.868421       0.447088       
18.7866        0.947368       0.485309       
18.7866        1.02632        0.523136       
18.7866        1.10526        0.560573       
18.7866        1.18421        0.597622       
18.7866        1.26316        0.634286       
18.7866        1.34211        0.670569       
18.7866        1.42105        0.706472       
18.7866        1.5            0.742          
18.9758        0              0              
18.9758        0.0789474      0.0418737      
18.9758        0.157895       0.0833425      
18.9758        0.236842       0.124408       
18.9758        0.315789       0.165072       
18.9758        0.394737       0.205336       
18.9758        0.473684       0.245202       
18.9758        0.552632       0.284673       
18.9758        0.631579       0.323749       
18.9758        0.710526       0.362434       
18.9758        0.789474       0.40073        
18.9758        0.868421       0.43864        
18.9758        0.947368       0.476165       
18.9758        1.02632        0.513308       
18.9758        1.10526        0.550072       
18.9758        1.18421        0.58646        
18.9758        1.26316        0.622474       
18.9758        1.34211        0.658117       
18.9758        1.42105        0.693392       
18.9758        1.5            0.728302       
19.1649        0              0              
19.1649        0.0789474      0.0410914      
19.1649        0.157895       0.0817901      
19.1649        0.236842       0.122098       
19.1649        0.315789       0.162015       
19.1649        0.394737       0.201545       
19.1649        0.473684       0.240689       
19.1649        0.552632       0.279448       
19.1649        0.631579       0.317825       
19.1649        0.710526       0.355822       
19.1649        0.789474       0.393441       
19.1649        0.868421       0.430684       
19.1649        0.947368       0.467554       
19.1649        1.02632        0.504053       
19.1649        1.10526        0.540184       
19.1649        1.18421        0.575949       
19.1649        1.26316        0.611351       
19.1649        1.34211        0.646392       
19.1649        1.42105        0.681075       
19.1649        1.5            0.715403       
19.3541        0              0              
19.3541        0.0789474      0.0403514      
19.3541        0.157895       0.0803216      
19.3541        0.236842       0.119912       
19.3541        0.315789       0.159124       
19.3541        0.394737       0.197958       
19.3541        0.473684       0.236418       
19.3541        0.552632       0.274505       
19.3541        0.631579       0.31222        
19.3541        0.710526       0.349566       
19.3541        0.789474       0.386544       
19.3541        0.868421       0.423157       
19.3541        0.947368       0.459407       
19.3541        1.02632        0.495297       
19.3541        1.10526        0.530828       
19.3541        1.18421        0.566004       
19.3541        1.26316        0.600826       
19.3541        1.34211        0.635297       
19.3541        1.42105        0.66942        
19.3541        1.5            0.703197       
19.5432        0              0              
19.5432        0.0789474      0.0396486      
19.5432        0.157895       0.0789268      
19.5432        0.236842       0.117836       
19.5432        0.315789       0.156377       
19.5432        0.394737       0.194552       
19.5432        0.473684       0.232362       
19.5432        0.552632       0.26981        
19.5432        0.631579       0.306896       
19.5432        0.710526       0.343623       
19.5432        0.789474       0.379992       
19.5432        0.868421       0.416007       
19.5432        0.947368       0.451668       
19.5432        1.02632        0.486978       
19.5432        1.10526        0.52194        
19.5432        1.18421        0.556555       
19.5432        1.26316        0.590827       
19.5432        1.34211        0.624756       
19.5432        1.42105        0.658347       
19.5432        1.5            0.691601       
19.7324        0              0              
19.7324        0.0789474      0.038979       
19.7324        0.157895       0.0775978      
19.7324        0.236842       0.115858       
19.7324        0.315789       0.15376        
19.7324        0.394737       0.191306       
19.7324        0.473684       0.228497       
19.7324        0.552632       0.265335       
19.7324        0.631579       0.301822       
19.7324        0.710526       0.337959       
19.7324        0.789474       0.373748       
19.7324        0.868421       0.409192       
19.7324        0.947368       0.444292       
19.7324        1.02632        0.47905        
19.7324        1.10526        0.513469       
19.7324        1.18421        0.54755        
19.7324        1.26316        0.581296       
19.7324        1.34211        0.614709       
19.7324        1.42105        0.647792       
19.7324        1.5            0.680547       
19.9215        0              0              
19.9215        0.0789474      0.0383392      
19.9215        0.157895       0.076328       
19.9215        0.236842       0.113968       
19.9215        0.315789       0.151259       
19.9215        0.394737       0.188204       
19.9215        0.473684       0.224803       
19.9215        0.552632       0.261059       
19.9215        0.631579       0.296973       
19.9215        0.710526       0.332546       
19.9215        0.789474       0.367781       
19.9215        0.868421       0.402679       
19.9215        0.947368       0.437242       
19.9215        1.02632        0.471472       
19.9215        1.10526        0.505371       
19.9215        1.18421        0.538942       
19.9215        1.26316        0.572186       
19.9215        1.34211        0.605105       
19.9215        1.42105        0.637702       
19.9215        1.5            0.66998        
20.1107        0              0              
20.1107        0.0789474      0.0377264      
20.1107        0.157895       0.0751118      
20.1107        0.236842       0.112157       
20.1107        0.315789       0.148864       
20.1107        0.394737       0.185233       
20.1107        0.473684       0.221265       
20.1107        0.552632       0.256963       
20.1107        0.631579       0.292328       
20.1107        0.710526       0.327361       
20.1107        0.789474       0.362064       
20.1107        0.868421       0.396439       
20.1107        0.947368       0.430488       
20.1107        1.02632        0.464212       
20.1107        1.10526        0.497613       
20.1107        1.18421        0.530694       
20.1107        1.26316        0.563457       
20.1107        1.34211        0.595903       
20.1107        1.42105        0.628035       
20.1107        1.5            0.659854       
20.2999        0              0              
20.2999        0.0789474      0.0371383      
20.2999        0.157895       0.0739446      
20.2999        0.236842       0.11042        
20.2999        0.315789       0.146565       
20.2999        0.394737       0.182381       
20.2999        0.473684       0.21787        
20.2999        0.552632       0.253032       
20.2999        0.631579       0.287869       
20.2999        0.710526       0.322384       
20.2999        0.789474       0.356576       
20.2999        0.868421       0.390449       
20.2999        0.947368       0.424004       
20.2999        1.02632        0.457242       
20.2999        1.10526        0.490165       
20.2999        1.18421        0.522776       
20.2999        1.26316        0.555076       
20.2999        1.34211        0.587067       
20.2999        1.42105        0.618751       
20.2999        1.5            0.650131       
20.489         0              0              
20.489         0.0789474      0.0365729      
20.489         0.157895       0.0728223      
20.489         0.236842       0.108749       
20.489         0.315789       0.144354       
20.489         0.394737       0.179639       
20.489         0.473684       0.214604       
20.489         0.552632       0.249251       
20.489         0.631579       0.283582       
20.489         0.710526       0.317597       
20.489         0.789474       0.351298       
20.489         0.868421       0.384688       
20.489         0.947368       0.417767       
20.489         1.02632        0.450537       
20.489         1.10526        0.483001       
20.489         1.18421        0.515159       
20.489         1.26316        0.547014       
20.489         1.34211        0.578567       
20.489         1.42105        0.609821       
20.489         1.5            0.640778       
20.6782        0              0              
20.6782        0.0789474      0.0360285      
20.6782        0.157895       0.0717416      
20.6782        0.236842       0.10714        
20.6782        0.315789       0.142225       
20.6782        0.394737       0.176998       
20.6782        0.473684       0.211459       
20.6782        0.552632       0.245609       
20.6782        0.631579       0.279451       
20.6782        0.710526       0.312986       
20.6782        0.789474       0.346214       
20.6782        0.868421       0.379138       
20.6782        0.947368       0.411759       
20.6782        1.02632        0.444078       
20.6782        1.10526        0.476098       
20.6782        1.18421        0.50782        
20.6782        1.26316        0.539246       
20.6782        1.34211        0.570377       
20.6782        1.42105        0.601216       
20.6782        1.5            0.631765       
20.8673        0              0              
20.8673        0.0789474      0.0355034      
20.8673        0.157895       0.0706993      
20.8673        0.236842       0.105588       
20.8673        0.315789       0.140172       
20.8673        0.394737       0.17445        
20.8673        0.473684       0.208425       
20.8673        0.552632       0.242097       
20.8673        0.631579       0.275467       
20.8673        0.710526       0.308538       
20.8673        0.789474       0.341309       
20.8673        0.868421       0.373784       
20.8673        0.947368       0.405962       
20.8673        1.02632        0.437847       
20.8673        1.10526        0.469438       
20.8673        1.18421        0.500739       
20.8673        1.26316        0.531751       
20.8673        1.34211        0.562475       
20.8673        1.42105        0.592913       
20.8673        1.5            0.623067       
21.0565        0              0              
21.0565        0.0789474      0.0349964      
21.0565        0.157895       0.0696929      
21.0565        0.236842       0.10409        
21.0565        0.315789       0.138189       
21.0565        0.394737       0.17199        
21.0565        0.473684       0.205495       
21.0565        0.552632       0.238704       
21.0565        0.631579       0.271619       
21.0565        0.710526       0.304241       
21.0565        0.789474       0.336572       
21.0565        0.868421       0.368612       
21.0565        0.947368       0.400363       
21.0565        1.02632        0.431827       
21.0565        1.10526        0.463005       
21.0565        1.18421        0.493898       
21.0565        1.26316        0.524509       
21.0565        1.34211        0.554839       
21.0565        1.42105        0.58489        
21.0565        1.5            0.614664       
21.2457        0              0              
21.2457        0.0789474      0.0345063      
21.2457        0.157895       0.0687199      
21.2457        0.236842       0.102641       
21.2457        0.315789       0.136272       
21.2457        0.394737       0.169611       
21.2457        0.473684       0.202662       
21.2457        0.552632       0.235424       
21.2457        0.631579       0.267898       
21.2457        0.710526       0.300087       
21.2457        0.789474       0.33199        
21.2457        0.868421       0.36361        
21.2457        0.947368       0.394948       
21.2457        1.02632        0.426004       
21.2457        1.10526        0.456782       
21.2457        1.18421        0.487282       
21.2457        1.26316        0.517505       
21.2457        1.34211        0.547454       
21.2457        1.42105        0.577129       
21.2457        1.5            0.606534       
21.4348        0              0              
21.4348        0.0789474      0.034032       
21.4348        0.157895       0.0677782      
21.4348        0.236842       0.101239       
21.4348        0.315789       0.134416       
21.4348        0.394737       0.167309       
21.4348        0.473684       0.199919       
21.4348        0.552632       0.232248       
21.4348        0.631579       0.264296       
21.4348        0.710526       0.296064       
21.4348        0.789474       0.327554       
21.4348        0.868421       0.358767       
21.4348        0.947368       0.389705       
21.4348        1.02632        0.420367       
21.4348        1.10526        0.450757       
21.4348        1.18421        0.480875       
21.4348        1.26316        0.510722       
21.4348        1.34211        0.540302       
21.4348        1.42105        0.569614       
21.4348        1.5            0.598661       
21.624         0              0              
21.624         0.0789474      0.0335725      
21.624         0.157895       0.066866       
21.624         0.236842       0.0998809      
21.624         0.315789       0.132618       
21.624         0.394737       0.165078       
21.624         0.473684       0.197262       
21.624         0.552632       0.229171       
21.624         0.631579       0.260806       
21.624         0.710526       0.292167       
21.624         0.789474       0.323256       
21.624         0.868421       0.354075       
21.624         0.947368       0.384623       
21.624         1.02632        0.414904       
21.624         1.10526        0.444917       
21.624         1.18421        0.474665       
21.624         1.26316        0.504148       
21.624         1.34211        0.533369       
21.624         1.42105        0.562329       
21.624         1.5            0.591029       
21.8131        0              0              
21.8131        0.0789474      0.033127       
21.8131        0.157895       0.0659815      
21.8131        0.236842       0.0985639      
21.8131        0.315789       0.130875       
21.8131        0.394737       0.162915       
21.8131        0.473684       0.194686       
21.8131        0.552632       0.226187       
21.8131        0.631579       0.257421       
21.8131        0.710526       0.288387       
21.8131        0.789474       0.319087       
21.8131        0.868421       0.349523       
21.8131        0.947368       0.379695       
21.8131        1.02632        0.409604       
21.8131        1.10526        0.439252       
21.8131        1.18421        0.468641       
21.8131        1.26316        0.497771       
21.8131        1.34211        0.526643       
21.8131        1.42105        0.555261       
21.8131        1.5            0.583624       
22.0023        0              0              
22.0023        0.0789474      0.0326948      
22.0023        0.157895       0.0651232      
22.0023        0.236842       0.0972857      
22.0023        0.315789       0.129183       
22.0023        0.394737       0.160816       
22.0023        0.473684       0.192185       
22.0023        0.552632       0.223291       
22.0023        0.631579       0.254135       
22.0023        0.710526       0.284718       
22.0023        0.789474       0.31504        
22.0023        0.868421       0.345104       
22.0023        0.947368       0.37491        
22.0023        1.02632        0.404459       
22.0023        1.10526        0.433752       
22.0023        1.18421        0.462792       
22.0023        1.26316        0.491578       
22.0023        1.34211        0.520113       
22.0023        1.42105        0.548397       
22.0023        1.5            0.576433       
22.1914        0              0              
22.1914        0.0789474      0.032275       
22.1914        0.157895       0.0642896      
22.1914        0.236842       0.0960444      
22.1914        0.315789       0.12754        
22.1914        0.394737       0.158777       
22.1914        0.473684       0.189756       
22.1914        0.552632       0.220478       
22.1914        0.631579       0.250943       
22.1914        0.710526       0.281153       
22.1914        0.789474       0.311109       
22.1914        0.868421       0.340811       
22.1914        0.947368       0.370261       
22.1914        1.02632        0.39946        
22.1914        1.10526        0.428409       
22.1914        1.18421        0.457108       
22.1914        1.26316        0.485561       
22.1914        1.34211        0.513767       
22.1914        1.42105        0.541728       
22.1914        1.5            0.569445       
22.3806        0              0              
22.3806        0.0789474      0.031867       
22.3806        0.157895       0.0634795      
22.3806        0.236842       0.094838       
22.3806        0.315789       0.125943       
22.3806        0.394737       0.156795       
22.3806        0.473684       0.187395       
22.3806        0.552632       0.217743       
22.3806        0.631579       0.24784        
22.3806        0.710526       0.277688       
22.3806        0.789474       0.307287       
22.3806        0.868421       0.336638       
22.3806        0.947368       0.365741       
22.3806        1.02632        0.394599       
22.3806        1.10526        0.423213       
22.3806        1.18421        0.451582       
22.3806        1.26316        0.47971        
22.3806        1.34211        0.507596       
22.3806        1.42105        0.535242       
22.3806        1.5            0.56265        
22.5698        0              0              
22.5698        0.0789474      0.0314703      
22.5698        0.157895       0.0626917      
22.5698        0.236842       0.0936647      
22.5698        0.315789       0.12439        
22.5698        0.394737       0.154867       
22.5698        0.473684       0.185098       
22.5698        0.552632       0.215083       
22.5698        0.631579       0.244822       
22.5698        0.710526       0.274317       
22.5698        0.789474       0.303569       
22.5698        0.868421       0.332577       
22.5698        0.947368       0.361344       
22.5698        1.02632        0.389871       
22.5698        1.10526        0.418157       
22.5698        1.18421        0.446205       
22.5698        1.26316        0.474016       
22.5698        1.34211        0.501591       
22.5698        1.42105        0.52893        
22.5698        1.5            0.556036       
22.7589        0              0              
22.7589        0.0789474      0.0310843      
22.7589        0.157895       0.0619251      
22.7589        0.236842       0.092523       
22.7589        0.315789       0.122878       
22.7589        0.394737       0.152991       
22.7589        0.473684       0.182863       
22.7589        0.552632       0.212494       
22.7589        0.631579       0.241885       
22.7589        0.710526       0.271037       
22.7589        0.789474       0.29995        
22.7589        0.868421       0.328625       
22.7589        0.947368       0.357064       
22.7589        1.02632        0.385267       
22.7589        1.10526        0.413236       
22.7589        1.18421        0.44097        
22.7589        1.26316        0.468473       
22.7589        1.34211        0.495744       
22.7589        1.42105        0.522785       
22.7589        1.5            0.549597       
22.9481        0              0              
22.9481        0.0789474      0.0307084      
22.9481        0.157895       0.0611787      
22.9481        0.236842       0.0914112      
22.9481        0.315789       0.121406       
22.9481        0.394737       0.151165       
22.9481        0.473684       0.180687       
22.9481        0.552632       0.209973       
22.9481        0.631579       0.239024       
22.9481        0.710526       0.267841       
22.9481        0.789474       0.296425       
22.9481        0.868421       0.324775       
22.9481        0.947368       0.352894       
22.9481        1.02632        0.380783       
22.9481        1.10526        0.408441       
22.9481        1.18421        0.435871       
22.9481        1.26316        0.463072       
22.9481        1.34211        0.490048       
22.9481        1.42105        0.516797       
22.9481        1.5            0.543322       
23.1372        0              0              
23.1372        0.0789474      0.0303423      
23.1372        0.157895       0.0604516      
23.1372        0.236842       0.0903282      
23.1372        0.315789       0.119972       
23.1372        0.394737       0.149385       
23.1372        0.473684       0.178566       
23.1372        0.552632       0.207516       
23.1372        0.631579       0.236236       
23.1372        0.710526       0.264727       
23.1372        0.789474       0.292989       
23.1372        0.868421       0.321024       
23.1372        0.947368       0.348831       
23.1372        1.02632        0.376412       
23.1372        1.10526        0.403768       
23.1372        1.18421        0.4309         
23.1372        1.26316        0.457808       
23.1372        1.34211        0.484495       
23.1372        1.42105        0.51096        
23.1372        1.5            0.537206       
23.3264        0              0              
23.3264        0.0789474      0.0299855      
23.3264        0.157895       0.0597429      
23.3264        0.236842       0.0892725      
23.3264        0.315789       0.118575       
23.3264        0.394737       0.14765        
23.3264        0.473684       0.176498       
23.3264        0.552632       0.205121       
23.3264        0.631579       0.233519       
23.3264        0.710526       0.261691       
23.3264        0.789474       0.28964        
23.3264        0.868421       0.317366       
23.3264        0.947368       0.344869       
23.3264        1.02632        0.37215        
23.3264        1.10526        0.399211       
23.3264        1.18421        0.426052       
23.3264        1.26316        0.452675       
23.3264        1.34211        0.479079       
23.3264        1.42105        0.505267       
23.3264        1.5            0.53124        
23.5156        0              0              
23.5156        0.0789474      0.0296375      
23.5156        0.157895       0.0590517      
23.5156        0.236842       0.0882429      
23.5156        0.315789       0.117211       
23.5156        0.394737       0.145958       
23.5156        0.473684       0.174482       
23.5156        0.552632       0.202785       
23.5156        0.631579       0.230868       
23.5156        0.710526       0.25873        
23.5156        0.789474       0.286373       
23.5156        0.868421       0.313797       
23.5156        0.947368       0.341003       
23.5156        1.02632        0.367992       
23.5156        1.10526        0.394765       
23.5156        1.18421        0.421322       
23.5156        1.26316        0.447665       
23.5156        1.34211        0.473795       
23.5156        1.42105        0.499712       
23.5156        1.5            0.525418       
23.7047        0              0              
23.7047        0.0789474      0.029298       
23.7047        0.157895       0.0583774      
23.7047        0.236842       0.0872384      
23.7047        0.315789       0.115881       
23.7047        0.394737       0.144307       
23.7047        0.473684       0.172514       
23.7047        0.552632       0.200506       
23.7047        0.631579       0.22828        
23.7047        0.710526       0.25584        
23.7047        0.789474       0.283184       
23.7047        0.868421       0.310314       
23.7047        0.947368       0.33723        
23.7047        1.02632        0.363934       
23.7047        1.10526        0.390425       
23.7047        1.18421        0.416705       
23.7047        1.26316        0.442776       
23.7047        1.34211        0.468636       
23.7047        1.42105        0.494289       
23.7047        1.5            0.519734       
23.8939        0              0              
23.8939        0.0789474      0.0289667      
23.8939        0.157895       0.0577193      
23.8939        0.236842       0.0862579      
23.8939        0.315789       0.114583       
23.8939        0.394737       0.142695       
23.8939        0.473684       0.170594       
23.8939        0.552632       0.19828        
23.8939        0.631579       0.225755       
23.8939        0.710526       0.253018       
23.8939        0.789474       0.28007        
23.8939        0.868421       0.306913       
23.8939        0.947368       0.333546       
23.8939        1.02632        0.35997        
23.8939        1.10526        0.386187       
23.8939        1.18421        0.412197       
23.8939        1.26316        0.438          
23.8939        1.34211        0.463598       
23.8939        1.42105        0.488992       
23.8939        1.5            0.514182       
24.083         0              0              
24.083         0.0789474      0.0286432      
24.083         0.157895       0.0570766      
24.083         0.236842       0.0853004      
24.083         0.315789       0.113315       
24.083         0.394737       0.141121       
24.083         0.473684       0.168718       
24.083         0.552632       0.196107       
24.083         0.631579       0.223288       
24.083         0.710526       0.250262       
24.083         0.789474       0.277029       
24.083         0.868421       0.303591       
24.083         0.947368       0.329947       
24.083         1.02632        0.356099       
24.083         1.10526        0.382047       
24.083         1.18421        0.407792       
24.083         1.26316        0.433334       
24.083         1.34211        0.458675       
24.083         1.42105        0.483816       
24.083         1.5            0.508757       
24.2722        0              0              
24.2722        0.0789474      0.0283271      
24.2722        0.157895       0.0564488      
24.2722        0.236842       0.0843651      
24.2722        0.315789       0.112076       
24.2722        0.394737       0.139583       
24.2722        0.473684       0.166885       
24.2722        0.552632       0.193983       
24.2722        0.631579       0.220877       
24.2722        0.710526       0.247569       
24.2722        0.789474       0.274058       
24.2722        0.868421       0.300344       
24.2722        0.947368       0.32643        
24.2722        1.02632        0.352315       
24.2722        1.10526        0.378          
24.2722        1.18421        0.403486       
24.2722        1.26316        0.428774       
24.2722        1.34211        0.453864       
24.2722        1.42105        0.478757       
24.2722        1.5            0.503454       
24.4613        0              0              
24.4613        0.0789474      0.0280183      
24.4613        0.157895       0.0558353      
24.4613        0.236842       0.083451       
24.4613        0.315789       0.110866       
24.4613        0.394737       0.13808        
24.4613        0.473684       0.165093       
24.4613        0.552632       0.191907       
24.4613        0.631579       0.218521       
24.4613        0.710526       0.244936       
24.4613        0.789474       0.271152       
24.4613        0.868421       0.297171       
24.4613        0.947368       0.322992       
24.4613        1.02632        0.348616       
24.4613        1.10526        0.374044       
24.4613        1.18421        0.399277       
24.4613        1.26316        0.424315       
24.4613        1.34211        0.449159       
24.4613        1.42105        0.47381        
24.4613        1.5            0.498269       
24.6505        0              0              
24.6505        0.0789474      0.0277164      
24.6505        0.157895       0.0552355      
24.6505        0.236842       0.0825573      
24.6505        0.315789       0.109682       
24.6505        0.394737       0.13661        
24.6505        0.473684       0.163342       
24.6505        0.552632       0.189877       
24.6505        0.631579       0.216217       
24.6505        0.710526       0.242362       
24.6505        0.789474       0.268312       
24.6505        0.868421       0.294067       
24.6505        0.947368       0.319629       
24.6505        1.02632        0.344998       
24.6505        1.10526        0.370174       
24.6505        1.18421        0.395159       
24.6505        1.26316        0.419953       
24.6505        1.34211        0.444557       
24.6505        1.42105        0.468971       
24.6505        1.5            0.493196       
24.8397        0              0              
24.8397        0.0789474      0.0274212      
24.8397        0.157895       0.054649       
24.8397        0.236842       0.0816834      
24.8397        0.315789       0.108525       
24.8397        0.394737       0.135173       
24.8397        0.473684       0.161629       
24.8397        0.552632       0.187892       
24.8397        0.631579       0.213964       
24.8397        0.710526       0.239844       
24.8397        0.789474       0.265532       
24.8397        0.868421       0.291031       
24.8397        0.947368       0.316339       
24.8397        1.02632        0.341458       
24.8397        1.10526        0.366389       
24.8397        1.18421        0.391131       
24.8397        1.26316        0.415685       
24.8397        1.34211        0.440053       
24.8397        1.42105        0.464235       
24.8397        1.5            0.488232       
25.0288        0              0              
25.0288        0.0789474      0.0271324      
25.0288        0.157895       0.0540752      
25.0288        0.236842       0.0808284      
25.0288        0.315789       0.107392       
25.0288        0.394737       0.133767       
25.0288        0.473684       0.159952       
25.0288        0.552632       0.18595        
25.0288        0.631579       0.211758       
25.0288        0.710526       0.237379       
25.0288        0.789474       0.262813       
25.0288        0.868421       0.28806        
25.0288        0.947368       0.31312        
25.0288        1.02632        0.337994       
25.0288        1.10526        0.362683       
25.0288        1.18421        0.387188       
25.0288        1.26316        0.411508       
25.0288        1.34211        0.435645       
25.0288        1.42105        0.4596         
25.0288        1.5            0.483372       
25.218         0              0              
25.218         0.0789474      0.0268498      
25.218         0.157895       0.0535137      
25.218         0.236842       0.0799916      
25.218         0.315789       0.106284       
25.218         0.394737       0.132391       
25.218         0.473684       0.158312       
25.218         0.552632       0.184048       
25.218         0.631579       0.2096         
25.218         0.710526       0.234967       
25.218         0.789474       0.260151       
25.218         0.868421       0.285151       
25.218         0.947368       0.309968       
25.218         1.02632        0.334603       
25.218         1.10526        0.359055       
25.218         1.18421        0.383327       
25.218         1.26316        0.407418       
25.218         1.34211        0.431329       
25.218         1.42105        0.455061       
25.218         1.5            0.478614       
25.4071        0              0              
25.4071        0.0789474      0.0265732      
25.4071        0.157895       0.052964       
25.4071        0.236842       0.0791725      
25.4071        0.315789       0.105199       
25.4071        0.394737       0.131043       
25.4071        0.473684       0.156706       
25.4071        0.552632       0.182187       
25.4071        0.631579       0.207487       
25.4071        0.710526       0.232605       
25.4071        0.789474       0.257544       
25.4071        0.868421       0.282302       
25.4071        0.947368       0.306881       
25.4071        1.02632        0.331281       
25.4071        1.10526        0.355503       
25.4071        1.18421        0.379546       
25.4071        1.26316        0.403412       
25.4071        1.34211        0.427101       
25.4071        1.42105        0.450615       
25.4071        1.5            0.473953       
25.5963        0              0              
25.5963        0.0789474      0.0263024      
25.5963        0.157895       0.0524258      
25.5963        0.236842       0.0783705      
25.5963        0.315789       0.104136       
25.5963        0.394737       0.129724       
25.5963        0.473684       0.155133       
25.5963        0.552632       0.180364       
25.5963        0.631579       0.205417       
25.5963        0.710526       0.230292       
25.5963        0.789474       0.254991       
25.5963        0.868421       0.279513       
25.5963        0.947368       0.303858       
25.5963        1.02632        0.328028       
25.5963        1.10526        0.352022       
25.5963        1.18421        0.375842       
25.5963        1.26316        0.399488       
25.5963        1.34211        0.42296        
25.5963        1.42105        0.446259       
25.5963        1.5            0.469385       
25.7855        0              0              
25.7855        0.0789474      0.0260371      
25.7855        0.157895       0.0518987      
25.7855        0.236842       0.0775849      
25.7855        0.315789       0.103096       
25.7855        0.394737       0.128431       
25.7855        0.473684       0.153592       
25.7855        0.552632       0.178578       
25.7855        0.631579       0.203389       
25.7855        0.710526       0.228026       
25.7855        0.789474       0.252489       
25.7855        0.868421       0.276779       
25.7855        0.947368       0.300896       
25.7855        1.02632        0.32484        
25.7855        1.10526        0.348612       
25.7855        1.18421        0.372212       
25.7855        1.26316        0.395642       
25.7855        1.34211        0.418901       
25.7855        1.42105        0.44199        
25.7855        1.5            0.464909       
25.9746        0              0              
25.9746        0.0789474      0.0257772      
25.9746        0.157895       0.0513823      
25.9746        0.236842       0.0768152      
25.9746        0.315789       0.102076       
25.9746        0.394737       0.127165       
25.9746        0.473684       0.152082       
25.9746        0.552632       0.176828       
25.9746        0.631579       0.201402       
25.9746        0.710526       0.225805       
25.9746        0.789474       0.250038       
25.9746        0.868421       0.2741         
25.9746        0.947368       0.297992       
25.9746        1.02632        0.321715       
25.9746        1.10526        0.345269       
25.9746        1.18421        0.368654       
25.9746        1.26316        0.391872       
25.9746        1.34211        0.414921       
25.9746        1.42105        0.437804       
25.9746        1.5            0.460521       
26.1638        0              0              
26.1638        0.0789474      0.0255226      
26.1638        0.157895       0.0508762      
26.1638        0.236842       0.0760608      
26.1638        0.315789       0.101077       
26.1638        0.394737       0.125924       
26.1638        0.473684       0.150602       
26.1638        0.552632       0.175112       
26.1638        0.631579       0.199454       
26.1638        0.710526       0.223628       
26.1638        0.789474       0.247634       
26.1638        0.868421       0.271473       
26.1638        0.947368       0.295146       
26.1638        1.02632        0.318652       
26.1638        1.10526        0.341991       
26.1638        1.18421        0.365166       
26.1638        1.26316        0.388175       
26.1638        1.34211        0.41102        
26.1638        1.42105        0.433701       
26.1638        1.5            0.456218       
26.3529        0              0              
26.3529        0.0789474      0.0252729      
26.3529        0.157895       0.05038        
26.3529        0.236842       0.0753213      
26.3529        0.315789       0.100097       
26.3529        0.394737       0.124707       
26.3529        0.473684       0.149151       
26.3529        0.552632       0.17343        
26.3529        0.631579       0.197544       
26.3529        0.710526       0.221493       
26.3529        0.789474       0.245278       
26.3529        0.868421       0.268898       
26.3529        0.947368       0.292355       
26.3529        1.02632        0.315647       
26.3529        1.10526        0.338777       
26.3529        1.18421        0.361745       
26.3529        1.26316        0.38455        
26.3529        1.34211        0.407193       
26.3529        1.42105        0.429675       
26.3529        1.5            0.451997       
26.5421        0              0              
26.5421        0.0789474      0.0250282      
26.5421        0.157895       0.0498936      
26.5421        0.236842       0.0745963      
26.5421        0.315789       0.0991362      
26.5421        0.394737       0.123514       
26.5421        0.473684       0.147728       
26.5421        0.552632       0.171781       
26.5421        0.631579       0.195671       
26.5421        0.710526       0.2194         
26.5421        0.789474       0.242967       
26.5421        0.868421       0.266372       
26.5421        0.947368       0.289617       
26.5421        1.02632        0.312701       
26.5421        1.10526        0.335624       
26.5421        1.18421        0.358388       
26.5421        1.26316        0.380993       
26.5421        1.34211        0.403439       
26.5421        1.42105        0.425726       
26.5421        1.5            0.447856       
26.7312        0              0              
26.7312        0.0789474      0.0247882      
26.7312        0.157895       0.0494166      
26.7312        0.236842       0.0738852      
26.7312        0.315789       0.098194       
26.7312        0.394737       0.122343       
26.7312        0.473684       0.146333       
26.7312        0.552632       0.170163       
26.7312        0.631579       0.193834       
26.7312        0.710526       0.217346       
26.7312        0.789474       0.240699       
26.7312        0.868421       0.263894       
26.7312        0.947368       0.286931       
26.7312        1.02632        0.30981        
26.7312        1.10526        0.332531       
26.7312        1.18421        0.355095       
26.7312        1.26316        0.377503       
26.7312        1.34211        0.399755       
26.7312        1.42105        0.421851       
26.7312        1.5            0.443792       
26.9204        0              0              
26.9204        0.0789474      0.0245527      
26.9204        0.157895       0.0489486      
26.9204        0.236842       0.0731876      
26.9204        0.315789       0.0972697      
26.9204        0.394737       0.121195       
26.9204        0.473684       0.144964       
26.9204        0.552632       0.168576       
26.9204        0.631579       0.192031       
26.9204        0.710526       0.215331       
26.9204        0.789474       0.238474       
26.9204        0.868421       0.261462       
26.9204        0.947368       0.284295       
26.9204        1.02632        0.306972       
26.9204        1.10526        0.329495       
26.9204        1.18421        0.351864       
26.9204        1.26316        0.374078       
26.9204        1.34211        0.39614        
26.9204        1.42105        0.418048       
26.9204        1.5            0.439803       
27.1096        0              0              
27.1096        0.0789474      0.0243217      
27.1096        0.157895       0.0484894      
27.1096        0.236842       0.0725031      
27.1096        0.315789       0.0963627      
27.1096        0.394737       0.120068       
27.1096        0.473684       0.14362        
27.1096        0.552632       0.167018       
27.1096        0.631579       0.190262       
27.1096        0.710526       0.213353       
27.1096        0.789474       0.236291       
27.1096        0.868421       0.259076       
27.1096        0.947368       0.281708       
27.1096        1.02632        0.304187       
27.1096        1.10526        0.326515       
27.1096        1.18421        0.348691       
27.1096        1.26316        0.370716       
27.1096        1.34211        0.39259        
27.1096        1.42105        0.414314       
27.1096        1.5            0.435887       
27.2987        0              0              
27.2987        0.0789474      0.024095       
27.2987        0.157895       0.0480388      
27.2987        0.236842       0.0718313      
27.2987        0.315789       0.0954725      
27.2987        0.394737       0.118963       
27.2987        0.473684       0.142301       
27.2987        0.552632       0.165489       
27.2987        0.631579       0.188526       
27.2987        0.710526       0.211412       
27.2987        0.789474       0.234147       
27.2987        0.868421       0.256733       
27.2987        0.947368       0.279168       
27.2987        1.02632        0.301453       
27.2987        1.10526        0.323589       
27.2987        1.18421        0.345576       
27.2987        1.26316        0.367415       
27.2987        1.34211        0.389105       
27.2987        1.42105        0.410647       
27.2987        1.5            0.432042       
27.4879        0              0              
27.4879        0.0789474      0.0238725      
27.4879        0.157895       0.0475965      
27.4879        0.236842       0.0711719      
27.4879        0.315789       0.0945987      
27.4879        0.394737       0.117877       
27.4879        0.473684       0.141007       
27.4879        0.552632       0.163988       
27.4879        0.631579       0.186821       
27.4879        0.710526       0.209506       
27.4879        0.789474       0.232043       
27.4879        0.868421       0.254432       
27.4879        0.947368       0.276674       
27.4879        1.02632        0.298768       
27.4879        1.10526        0.320716       
27.4879        1.18421        0.342517       
27.4879        1.26316        0.364172       
27.4879        1.34211        0.385682       
27.4879        1.42105        0.407046       
27.4879        1.5            0.428264       
27.677         0              0              
27.677         0.0789474      0.0236541      
27.677         0.157895       0.0471622      
27.677         0.236842       0.0705245      
27.677         0.315789       0.0937407      
27.677         0.394737       0.116811       
27.677         0.473684       0.139735       
27.677         0.552632       0.162514       
27.677         0.631579       0.185147       
27.677         0.710526       0.207634       
27.677         0.789474       0.229976       
27.677         0.868421       0.252172       
27.677         0.947368       0.274224       
27.677         1.02632        0.296131       
27.677         1.10526        0.317894       
27.677         1.18421        0.339513       
27.677         1.26316        0.360988       
27.677         1.34211        0.382319       
27.677         1.42105        0.403508       
27.677         1.5            0.424554       
27.8662        0              0              
27.8662        0.0789474      0.0234396      
27.8662        0.157895       0.0467358      
27.8662        0.236842       0.0698886      
27.8662        0.315789       0.092898       
27.8662        0.394737       0.115764       
27.8662        0.473684       0.138487       
27.8662        0.552632       0.161066       
27.8662        0.631579       0.183502       
27.8662        0.710526       0.205795       
27.8662        0.789474       0.227945       
27.8662        0.868421       0.249953       
27.8662        0.947368       0.271818       
27.8662        1.02632        0.293541       
27.8662        1.10526        0.315121       
27.8662        1.18421        0.336561       
27.8662        1.26316        0.357859       
27.8662        1.34211        0.379015       
27.8662        1.42105        0.400032       
27.8662        1.5            0.420908       
28.0554        0              0              
28.0554        0.0789474      0.0232289      
28.0554        0.157895       0.0463169      
28.0554        0.236842       0.0692641      
28.0554        0.315789       0.0920704      
28.0554        0.394737       0.114736       
28.0554        0.473684       0.13726        
28.0554        0.552632       0.159644       
28.0554        0.631579       0.181887       
28.0554        0.710526       0.203989       
28.0554        0.789474       0.225951       
28.0554        0.868421       0.247772       
28.0554        0.947368       0.269453       
28.0554        1.02632        0.290995       
28.0554        1.10526        0.312397       
28.0554        1.18421        0.33366        
28.0554        1.26316        0.354784       
28.0554        1.34211        0.375769       
28.0554        1.42105        0.396616       
28.0554        1.5            0.417324       
28.2445        0              0              
28.2445        0.0789474      0.0230219      
28.2445        0.157895       0.0459055      
28.2445        0.236842       0.0686506      
28.2445        0.315789       0.0912572      
28.2445        0.394737       0.113725       
28.2445        0.473684       0.136055       
28.2445        0.552632       0.158246       
28.2445        0.631579       0.180299       
28.2445        0.710526       0.202214       
28.2445        0.789474       0.22399        
28.2445        0.868421       0.245629       
28.2445        0.947368       0.26713        
28.2445        1.02632        0.288494       
28.2445        1.10526        0.30972        
28.2445        1.18421        0.330809       
28.2445        1.26316        0.351762       
28.2445        1.34211        0.372578       
28.2445        1.42105        0.393258       
28.2445        1.5            0.413802       
28.4337        0              0              
28.4337        0.0789474      0.0228186      
28.4337        0.157895       0.0455012      
28.4337        0.236842       0.0680477      
28.4337        0.315789       0.0904582      
28.4337        0.394737       0.112732       
28.4337        0.473684       0.134871       
28.4337        0.552632       0.156873       
28.4337        0.631579       0.178739       
28.4337        0.710526       0.200469       
28.4337        0.789474       0.222064       
28.4337        0.868421       0.243523       
28.4337        0.947368       0.264846       
28.4337        1.02632        0.286035       
28.4337        1.10526        0.307088       
28.4337        1.18421        0.328007       
28.4337        1.26316        0.348791       
28.4337        1.34211        0.369441       
28.4337        1.42105        0.389957       
28.4337        1.5            0.410339       
28.6228        0              0              
28.6228        0.0789474      0.0226187      
28.6228        0.157895       0.0451038      
28.6228        0.236842       0.0674552      
28.6228        0.315789       0.0896729      
28.6228        0.394737       0.111757       
28.6228        0.473684       0.133707       
28.6228        0.552632       0.155523       
28.6228        0.631579       0.177206       
28.6228        0.710526       0.198755       
28.6228        0.789474       0.22017        
28.6228        0.868421       0.241452       
28.6228        0.947368       0.262601       
28.6228        1.02632        0.283617       
28.6228        1.10526        0.3045         
28.6228        1.18421        0.325251       
28.6228        1.26316        0.34587        
28.6228        1.34211        0.366356       
28.6228        1.42105        0.386711       
28.6228        1.5            0.406934       
28.812         0              0              
28.812         0.0789474      0.0224223      
28.812         0.157895       0.0447133      
28.812         0.236842       0.0668729      
28.812         0.315789       0.0889009      
28.812         0.394737       0.110797       
28.812         0.473684       0.132562       
28.812         0.552632       0.154196       
28.812         0.631579       0.175698       
28.812         0.710526       0.197069       
28.812         0.789474       0.218308       
28.812         0.868421       0.239416       
28.812         0.947368       0.260394       
28.812         1.02632        0.28124        
28.812         1.10526        0.301956       
28.812         1.18421        0.322542       
28.812         1.26316        0.342997       
28.812         1.34211        0.363323       
28.812         1.42105        0.383519       
28.812         1.5            0.403586       
29.0011        0              0              
29.0011        0.0789474      0.0222292      
29.0011        0.157895       0.0443294      
29.0011        0.236842       0.0663003      
29.0011        0.315789       0.088142       
29.0011        0.394737       0.109854       
29.0011        0.473684       0.131437       
29.0011        0.552632       0.152891       
29.0011        0.631579       0.174216       
29.0011        0.710526       0.195411       
29.0011        0.789474       0.216477       
29.0011        0.868421       0.237414       
29.0011        0.947368       0.258223       
29.0011        1.02632        0.278903       
29.0011        1.10526        0.299454       
29.0011        1.18421        0.319877       
29.0011        1.26316        0.340172       
29.0011        1.34211        0.360339       
29.0011        1.42105        0.380379       
29.0011        1.5            0.400292       
29.1903        0              0              
29.1903        0.0789474      0.0220394      
29.1903        0.157895       0.0439519      
29.1903        0.236842       0.0657374      
29.1903        0.315789       0.0873958      
29.1903        0.394737       0.108927       
29.1903        0.473684       0.130331       
29.1903        0.552632       0.151608       
29.1903        0.631579       0.172758       
29.1903        0.710526       0.193781       
29.1903        0.789474       0.214676       
29.1903        0.868421       0.235445       
29.1903        0.947368       0.256088       
29.1903        1.02632        0.276603       
29.1903        1.10526        0.296993       
29.1903        1.18421        0.317256       
29.1903        1.26316        0.337393       
29.1903        1.34211        0.357404       
29.1903        1.42105        0.37729        
29.1903        1.5            0.397051       
29.3795        0              0              
29.3795        0.0789474      0.0218527      
29.3795        0.157895       0.0435807      
29.3795        0.236842       0.0651837      
29.3795        0.315789       0.0866619      
29.3795        0.394737       0.108015       
29.3795        0.473684       0.129243       
29.3795        0.552632       0.150346       
29.3795        0.631579       0.171324       
29.3795        0.710526       0.192177       
29.3795        0.789474       0.212905       
29.3795        0.868421       0.233509       
29.3795        0.947368       0.253987       
29.3795        1.02632        0.274341       
29.3795        1.10526        0.294571       
29.3795        1.18421        0.314677       
29.3795        1.26316        0.334659       
29.3795        1.34211        0.354517       
29.3795        1.42105        0.374251       
29.3795        1.5            0.393862       
29.5686        0              0              
29.5686        0.0789474      0.0216691      
29.5686        0.157895       0.0432155      
29.5686        0.236842       0.0646392      
29.5686        0.315789       0.08594        
29.5686        0.394737       0.107118       
29.5686        0.473684       0.128173       
29.5686        0.552632       0.149104       
29.5686        0.631579       0.169913       
29.5686        0.710526       0.190599       
29.5686        0.789474       0.211162       
29.5686        0.868421       0.231603       
29.5686        0.947368       0.251921       
29.5686        1.02632        0.272116       
29.5686        1.10526        0.292189       
29.5686        1.18421        0.312139       
29.5686        1.26316        0.331968       
29.5686        1.34211        0.351675       
29.5686        1.42105        0.37126        
29.5686        1.5            0.390724       
29.7578        0              0              
29.7578        0.0789474      0.0214885      
29.7578        0.157895       0.0428564      
29.7578        0.236842       0.0641035      
29.7578        0.315789       0.0852298      
29.7578        0.394737       0.106235       
29.7578        0.473684       0.12712        
29.7578        0.552632       0.147883       
29.7578        0.631579       0.168525       
29.7578        0.710526       0.189047       
29.7578        0.789474       0.209448       
29.7578        0.868421       0.229728       
29.7578        0.947368       0.249887       
29.7578        1.02632        0.269926       
29.7578        1.10526        0.289844       
29.7578        1.18421        0.309642       
29.7578        1.26316        0.32932        
29.7578        1.34211        0.348878       
29.7578        1.42105        0.368317       
29.7578        1.5            0.387636       
29.9469        0              0              
29.9469        0.0789474      0.0213108      
29.9469        0.157895       0.042503       
29.9469        0.236842       0.0635764      
29.9469        0.315789       0.084531       
29.9469        0.394737       0.105367       
29.9469        0.473684       0.126083       
29.9469        0.552632       0.146681       
29.9469        0.631579       0.16716        
29.9469        0.710526       0.187519       
29.9469        0.789474       0.20776        
29.9469        0.868421       0.227882       
29.9469        0.947368       0.247885       
29.9469        1.02632        0.26777        
29.9469        1.10526        0.287536       
29.9469        1.18421        0.307184       
29.9469        1.26316        0.326713       
29.9469        1.34211        0.346125       
29.9469        1.42105        0.365419       
29.9469        1.5            0.384595       
30.1361        0              0              
30.1361        0.0789474      0.021136       
30.1361        0.157895       0.0421552      
30.1361        0.236842       0.0630577      
30.1361        0.315789       0.0838433      
30.1361        0.394737       0.104512       
30.1361        0.473684       0.125064       
30.1361        0.552632       0.145498       
30.1361        0.631579       0.165815       
30.1361        0.710526       0.186016       
30.1361        0.789474       0.206099       
30.1361        0.868421       0.226066       
30.1361        0.947368       0.245915       
30.1361        1.02632        0.265648       
30.1361        1.10526        0.285264       
30.1361        1.18421        0.304764       
30.1361        1.26316        0.324148       
30.1361        1.34211        0.343415       
30.1361        1.42105        0.362566       
30.1361        1.5            0.381602       
30.3253        0              0              
30.3253        0.0789474      0.0209639      
30.3253        0.157895       0.041813       
30.3253        0.236842       0.0625473      
30.3253        0.315789       0.0831665      
30.3253        0.394737       0.103671       
30.3253        0.473684       0.12406        
30.3253        0.552632       0.144334       
30.3253        0.631579       0.164492       
30.3253        0.710526       0.184536       
30.3253        0.789474       0.204464       
30.3253        0.868421       0.224278       
30.3253        0.947368       0.243976       
30.3253        1.02632        0.263559       
30.3253        1.10526        0.283028       
30.3253        1.18421        0.302382       
30.3253        1.26316        0.321621       
30.3253        1.34211        0.340746       
30.3253        1.42105        0.359757       
30.3253        1.5            0.378654       
30.5144        0              0              
30.5144        0.0789474      0.0207945      
30.5144        0.157895       0.0414762      
30.5144        0.236842       0.0620448      
30.5144        0.315789       0.0825003      
30.5144        0.394737       0.102843       
30.5144        0.473684       0.123072       
30.5144        0.552632       0.143187       
30.5144        0.631579       0.16319        
30.5144        0.710526       0.183079       
30.5144        0.789474       0.202854       
30.5144        0.868421       0.222517       
30.5144        0.947368       0.242066       
30.5144        1.02632        0.261502       
30.5144        1.10526        0.280825       
30.5144        1.18421        0.300036       
30.5144        1.26316        0.319133       
30.5144        1.34211        0.338118       
30.5144        1.42105        0.356991       
30.5144        1.5            0.375751       
30.7036        0              0              
30.7036        0.0789474      0.0206278      
30.7036        0.157895       0.0411446      
30.7036        0.236842       0.0615502      
30.7036        0.315789       0.0818444      
30.7036        0.394737       0.102027       
30.7036        0.473684       0.122099       
30.7036        0.552632       0.142059       
30.7036        0.631579       0.161907       
30.7036        0.710526       0.181644       
30.7036        0.789474       0.201269       
30.7036        0.868421       0.220783       
30.7036        0.947368       0.240186       
30.7036        1.02632        0.259477       
30.7036        1.10526        0.278657       
30.7036        1.18421        0.297725       
30.7036        1.26316        0.316683       
30.7036        1.34211        0.33553        
30.7036        1.42105        0.354266       
30.7036        1.5            0.372892       
30.8927        0              0              
30.8927        0.0789474      0.0204637      
30.8927        0.157895       0.0408181      
30.8927        0.236842       0.0610631      
30.8927        0.315789       0.0811986      
30.8927        0.394737       0.101225       
30.8927        0.473684       0.121141       
30.8927        0.552632       0.140947       
30.8927        0.631579       0.160644       
30.8927        0.710526       0.180231       
30.8927        0.789474       0.199708       
30.8927        0.868421       0.219076       
30.8927        0.947368       0.238334       
30.8927        1.02632        0.257482       
30.8927        1.10526        0.27652        
30.8927        1.18421        0.29545        
30.8927        1.26316        0.31427        
30.8927        1.34211        0.33298        
30.8927        1.42105        0.351582       
30.8927        1.5            0.370075       
31.0819        0              0              
31.0819        0.0789474      0.020302       
31.0819        0.157895       0.0404966      
31.0819        0.236842       0.0605835      
31.0819        0.315789       0.0805627      
31.0819        0.394737       0.100434       
31.0819        0.473684       0.120197       
31.0819        0.552632       0.139853       
31.0819        0.631579       0.1594         
31.0819        0.710526       0.178839       
31.0819        0.789474       0.198171       
31.0819        0.868421       0.217394       
31.0819        0.947368       0.236509       
31.0819        1.02632        0.255517       
31.0819        1.10526        0.274416       
31.0819        1.18421        0.293208       
31.0819        1.26316        0.311892       
31.0819        1.34211        0.330469       
31.0819        1.42105        0.348938       
31.0819        1.5            0.3673         
31.271         0              0              
31.271         0.0789474      0.0201429      
31.271         0.157895       0.04018        
31.271         0.236842       0.0601112      
31.271         0.315789       0.0799363      
31.271         0.394737       0.0996554      
31.271         0.473684       0.119268       
31.271         0.552632       0.138775       
31.271         0.631579       0.158175       
31.271         0.710526       0.177469       
31.271         0.789474       0.196656       
31.271         0.868421       0.215737       
31.271         0.947368       0.234712       
31.271         1.02632        0.253581       
31.271         1.10526        0.272343       
31.271         1.18421        0.290999       
31.271         1.26316        0.30955        
31.271         1.34211        0.327994       
31.271         1.42105        0.346333       
31.271         1.5            0.364566       
31.4602        0              0              
31.4602        0.0789474      0.0199861      
31.4602        0.157895       0.0398681      
31.4602        0.236842       0.0596459      
31.4602        0.315789       0.0793194      
31.4602        0.394737       0.0988884      
31.4602        0.473684       0.118353       
31.4602        0.552632       0.137713       
31.4602        0.631579       0.156968       
31.4602        0.710526       0.176118       
31.4602        0.789474       0.195164       
31.4602        0.868421       0.214105       
31.4602        0.947368       0.232941       
31.4602        1.02632        0.251673       
31.4602        1.10526        0.2703         
31.4602        1.18421        0.288823       
31.4602        1.26316        0.307241       
31.4602        1.34211        0.325556       
31.4602        1.42105        0.343766       
31.4602        1.5            0.361871       
31.6494        0              0              
31.6494        0.0789474      0.0198317      
31.6494        0.157895       0.0395609      
31.6494        0.236842       0.0591876      
31.6494        0.315789       0.0787116      
31.6494        0.394737       0.0981327      
31.6494        0.473684       0.117451       
31.6494        0.552632       0.136666       
31.6494        0.631579       0.155778       
31.6494        0.710526       0.174788       
31.6494        0.789474       0.193694       
31.6494        0.868421       0.212497       
31.6494        0.947368       0.231197       
31.6494        1.02632        0.249794       
31.6494        1.10526        0.268287       
31.6494        1.18421        0.286679       
31.6494        1.26316        0.304967       
31.6494        1.34211        0.323152       
31.6494        1.42105        0.341235       
31.6494        1.5            0.359216       
31.8385        0              0              
31.8385        0.0789474      0.0196795      
31.8385        0.157895       0.0392583      
31.8385        0.236842       0.0587361      
31.8385        0.315789       0.0781128      
31.8385        0.394737       0.0973882      
31.8385        0.473684       0.116562       
31.8385        0.552632       0.135635       
31.8385        0.631579       0.154607       
31.8385        0.710526       0.173476       
31.8385        0.789474       0.192245       
31.8385        0.868421       0.210912       
31.8385        0.947368       0.229477       
31.8385        1.02632        0.247941       
31.8385        1.10526        0.266304       
31.8385        1.18421        0.284565       
31.8385        1.26316        0.302725       
31.8385        1.34211        0.320784       
31.8385        1.42105        0.338741       
31.8385        1.5            0.356598       
32.0277        0              0              
32.0277        0.0789474      0.0195296      
32.0277        0.157895       0.0389601      
32.0277        0.236842       0.0582911      
32.0277        0.315789       0.0775227      
32.0277        0.394737       0.0966546      
32.0277        0.473684       0.115687       
32.0277        0.552632       0.134619       
32.0277        0.631579       0.153452       
32.0277        0.710526       0.172184       
32.0277        0.789474       0.190817       
32.0277        0.868421       0.20935        
32.0277        0.947368       0.227782       
32.0277        1.02632        0.246115       
32.0277        1.10526        0.264348       
32.0277        1.18421        0.282481       
32.0277        1.26316        0.300515       
32.0277        1.34211        0.318449       
32.0277        1.42105        0.336283       
32.0277        1.5            0.354017       
32.2168        0              0              
32.2168        0.0789474      0.0193819      
32.2168        0.157895       0.0386662      
32.2168        0.236842       0.0578527      
32.2168        0.315789       0.0769412      
32.2168        0.394737       0.0959316      
32.2168        0.473684       0.114824       
32.2168        0.552632       0.133618       
32.2168        0.631579       0.152313       
32.2168        0.710526       0.170911       
32.2168        0.789474       0.189409       
32.2168        0.868421       0.20781        
32.2168        0.947368       0.226112       
32.2168        1.02632        0.244315       
32.2168        1.10526        0.262421       
32.2168        1.18421        0.280427       
32.2168        1.26316        0.298336       
32.2168        1.34211        0.316147       
32.2168        1.42105        0.333859       
32.2168        1.5            0.351473       
32.406         0              0              
32.406         0.0789474      0.0192364      
32.406         0.157895       0.0383766      
32.406         0.236842       0.0574205      
32.406         0.315789       0.076368       
32.406         0.394737       0.0952189      
32.406         0.473684       0.113973       
32.406         0.552632       0.132631       
32.406         0.631579       0.151191       
32.406         0.710526       0.169655       
32.406         0.789474       0.188022       
32.406         0.868421       0.206292       
32.406         0.947368       0.224465       
32.406         1.02632        0.242541       
32.406         1.10526        0.26052        
32.406         1.18421        0.278403       
32.406         1.26316        0.296188       
32.406         1.34211        0.313877       
32.406         1.42105        0.331469       
32.406         1.5            0.348964       
32.5952        0              0              
32.5952        0.0789474      0.0190929      
32.5952        0.157895       0.0380911      
32.5952        0.236842       0.0569946      
32.5952        0.315789       0.0758031      
32.5952        0.394737       0.0945165      
32.5952        0.473684       0.113135       
32.5952        0.552632       0.131658       
32.5952        0.631579       0.150085       
32.5952        0.710526       0.168417       
32.5952        0.789474       0.186654       
32.5952        0.868421       0.204795       
32.5952        0.947368       0.222841       
32.5952        1.02632        0.240792       
32.5952        1.10526        0.258646       
32.5952        1.18421        0.276406       
32.5952        1.26316        0.29407        
32.5952        1.34211        0.311639       
32.5952        1.42105        0.329112       
32.5952        1.5            0.34649        
32.7843        0              0              
32.7843        0.0789474      0.0189514      
32.7843        0.157895       0.0378097      
32.7843        0.236842       0.0565747      
32.7843        0.315789       0.0752461      
32.7843        0.394737       0.0938239      
32.7843        0.473684       0.112308       
32.7843        0.552632       0.130698       
32.7843        0.631579       0.148995       
32.7843        0.710526       0.167197       
32.7843        0.789474       0.185305       
32.7843        0.868421       0.20332        
32.7843        0.947368       0.22124        
32.7843        1.02632        0.239066       
32.7843        1.10526        0.256799       
32.7843        1.18421        0.274437       
32.7843        1.26316        0.291981       
32.7843        1.34211        0.309431       
32.7843        1.42105        0.326788       
32.7843        1.5            0.34405        
32.9735        0              0              
32.9735        0.0789474      0.018812       
32.9735        0.157895       0.0375323      
32.9735        0.236842       0.0561607      
32.9735        0.315789       0.074697       
32.9735        0.394737       0.0931411      
32.9735        0.473684       0.111493       
32.9735        0.552632       0.129752       
32.9735        0.631579       0.147919       
32.9735        0.710526       0.165994       
32.9735        0.789474       0.183976       
32.9735        0.868421       0.201865       
32.9735        0.947368       0.219661       
32.9735        1.02632        0.237365       
32.9735        1.10526        0.254976       
32.9735        1.18421        0.272495       
32.9735        1.26316        0.289921       
32.9735        1.34211        0.307254       
32.9735        1.42105        0.324495       
32.9735        1.5            0.341644       
33.1626        0              0              
33.1626        0.0789474      0.0186745      
33.1626        0.157895       0.0372587      
33.1626        0.236842       0.0557525      
33.1626        0.315789       0.0741555      
33.1626        0.394737       0.0924678      
33.1626        0.473684       0.110689       
33.1626        0.552632       0.12882        
33.1626        0.631579       0.146859       
33.1626        0.710526       0.164807       
33.1626        0.789474       0.182664       
33.1626        0.868421       0.20043        
33.1626        0.947368       0.218104       
33.1626        1.02632        0.235687       
33.1626        1.10526        0.253179       
33.1626        1.18421        0.270579       
33.1626        1.26316        0.287889       
33.1626        1.34211        0.305107       
33.1626        1.42105        0.322234       
33.1626        1.5            0.33927        
33.3518        0              0              
33.3518        0.0789474      0.018539       
33.3518        0.157895       0.036989       
33.3518        0.236842       0.0553499      
33.3518        0.315789       0.0736216      
33.3518        0.394737       0.0918038      
33.3518        0.473684       0.109897       
33.3518        0.552632       0.1279         
33.3518        0.631579       0.145813       
33.3518        0.710526       0.163637       
33.3518        0.789474       0.18137        
33.3518        0.868421       0.199014       
33.3518        0.947368       0.216568       
33.3518        1.02632        0.234032       
33.3518        1.10526        0.251406       
33.3518        1.18421        0.26869        
33.3518        1.26316        0.285884       
33.3518        1.34211        0.302988       
33.3518        1.42105        0.320003       
33.3518        1.5            0.336927       
33.5409        0              0              
33.5409        0.0789474      0.0184053      
33.5409        0.157895       0.036723       
33.5409        0.236842       0.0549529      
33.5409        0.315789       0.073095       
33.5409        0.394737       0.0911489      
33.5409        0.473684       0.109115       
33.5409        0.552632       0.126992       
33.5409        0.631579       0.144781       
33.5409        0.710526       0.162482       
33.5409        0.789474       0.180094       
33.5409        0.868421       0.197618       
33.5409        0.947368       0.215053       
33.5409        1.02632        0.232399       
33.5409        1.10526        0.249657       
33.5409        1.18421        0.266826       
33.5409        1.26316        0.283906       
33.5409        1.34211        0.300898       
33.5409        1.42105        0.317802       
33.5409        1.5            0.334617       
33.7301        0              0              
33.7301        0.0789474      0.0182734      
33.7301        0.157895       0.0364606      
33.7301        0.236842       0.0545614      
33.7301        0.315789       0.0725755      
33.7301        0.394737       0.090503       
33.7301        0.473684       0.108344       
33.7301        0.552632       0.126097       
33.7301        0.631579       0.143764       
33.7301        0.710526       0.161343       
33.7301        0.789474       0.178835       
33.7301        0.868421       0.19624        
33.7301        0.947368       0.213558       
33.7301        1.02632        0.230788       
33.7301        1.10526        0.247931       
33.7301        1.18421        0.264987       
33.7301        1.26316        0.281955       
33.7301        1.34211        0.298836       
33.7301        1.42105        0.31563        
33.7301        1.5            0.332336       
33.9193        0              0              
33.9193        0.0789474      0.0181434      
33.9193        0.157895       0.0362018      
33.9193        0.236842       0.0541751      
33.9193        0.315789       0.0720631      
33.9193        0.394737       0.0898657      
33.9193        0.473684       0.107583       
33.9193        0.552632       0.125214       
33.9193        0.631579       0.14276        
33.9193        0.710526       0.160219       
33.9193        0.789474       0.177593       
33.9193        0.868421       0.194881       
33.9193        0.947368       0.212083       
33.9193        1.02632        0.229199       
33.9193        1.10526        0.246228       
33.9193        1.18421        0.263172       
33.9193        1.26316        0.280029       
33.9193        1.34211        0.296801       
33.9193        1.42105        0.313486       
33.9193        1.5            0.330086       
34.1084        0              0              
34.1084        0.0789474      0.0180151      
34.1084        0.157895       0.0359465      
34.1084        0.236842       0.0537941      
34.1084        0.315789       0.0715576      
34.1084        0.394737       0.089237       
34.1084        0.473684       0.106832       
34.1084        0.552632       0.124343       
34.1084        0.631579       0.141769       
34.1084        0.710526       0.159111       
34.1084        0.789474       0.176368       
34.1084        0.868421       0.19354        
34.1084        0.947368       0.210627       
34.1084        1.02632        0.22763        
34.1084        1.10526        0.244548       
34.1084        1.18421        0.261381       
34.1084        1.26316        0.278129       
34.1084        1.34211        0.294792       
34.1084        1.42105        0.311371       
34.1084        1.5            0.327865       
34.2976        0              0              
34.2976        0.0789474      0.0178885      
34.2976        0.157895       0.0356946      
34.2976        0.236842       0.0534181      
34.2976        0.315789       0.0710589      
34.2976        0.394737       0.0886167      
34.2976        0.473684       0.106092       
34.2976        0.552632       0.123483       
34.2976        0.631579       0.140792       
34.2976        0.710526       0.158017       
34.2976        0.789474       0.175158       
34.2976        0.868421       0.192216       
34.2976        0.947368       0.209191       
34.2976        1.02632        0.226082       
34.2976        1.10526        0.242889       
34.2976        1.18421        0.259613       
34.2976        1.26316        0.276253       
34.2976        1.34211        0.29281        
34.2976        1.42105        0.309283       
34.2976        1.5            0.325672       
34.4867        0              0              
34.4867        0.0789474      0.0177636      
34.4867        0.157895       0.0354461      
34.4867        0.236842       0.0530472      
34.4867        0.315789       0.0705668      
34.4867        0.394737       0.0880047      
34.4867        0.473684       0.105361       
34.4867        0.552632       0.122635       
34.4867        0.631579       0.139827       
34.4867        0.710526       0.156937       
34.4867        0.789474       0.173965       
34.4867        0.868421       0.19091        
34.4867        0.947368       0.207773       
34.4867        1.02632        0.224554       
34.4867        1.10526        0.241253       
34.4867        1.18421        0.257869       
34.4867        1.26316        0.274402       
34.4867        1.34211        0.290853       
34.4867        1.42105        0.307222       
34.4867        1.5            0.323508       
34.6759        0              0              
34.6759        0.0789474      0.0176404      
34.6759        0.157895       0.0352009      
34.6759        0.236842       0.0526812      
34.6759        0.315789       0.0700811      
34.6759        0.394737       0.0874006      
34.6759        0.473684       0.10464        
34.6759        0.552632       0.121798       
34.6759        0.631579       0.138875       
34.6759        0.710526       0.155871       
34.6759        0.789474       0.172787       
34.6759        0.868421       0.189621       
34.6759        0.947368       0.206374       
34.6759        1.02632        0.223046       
34.6759        1.10526        0.239637       
34.6759        1.18421        0.256147       
34.6759        1.26316        0.272575       
34.6759        1.34211        0.288922       
34.6759        1.42105        0.305188       
34.6759        1.5            0.321372       
34.8651        0              0              
34.8651        0.0789474      0.0175188      
34.8651        0.157895       0.0349588      
34.8651        0.236842       0.0523199      
34.8651        0.315789       0.0696018      
34.8651        0.394737       0.0868045      
34.8651        0.473684       0.103928       
34.8651        0.552632       0.120971       
34.8651        0.631579       0.137935       
34.8651        0.710526       0.15482        
34.8651        0.789474       0.171624       
34.8651        0.868421       0.188349       
34.8651        0.947368       0.204993       
34.8651        1.02632        0.221558       
34.8651        1.10526        0.238042       
34.8651        1.18421        0.254446       
34.8651        1.26316        0.270771       
34.8651        1.34211        0.287015       
34.8651        1.42105        0.303179       
34.8651        1.5            0.319263       
35.0542        0              0              
35.0542        0.0789474      0.0173988      
35.0542        0.157895       0.03472        
35.0542        0.236842       0.0519634      
35.0542        0.315789       0.0691288      
35.0542        0.394737       0.086216       
35.0542        0.473684       0.103225       
35.0542        0.552632       0.120156       
35.0542        0.631579       0.137008       
35.0542        0.710526       0.153781       
35.0542        0.789474       0.170476       
35.0542        0.868421       0.187092       
35.0542        0.947368       0.20363        
35.0542        1.02632        0.220088       
35.0542        1.10526        0.236467       
35.0542        1.18421        0.252768       
35.0542        1.26316        0.268989       
35.0542        1.34211        0.285132       
35.0542        1.42105        0.301195       
35.0542        1.5            0.31718        
35.2434        0              0              
35.2434        0.0789474      0.0172803      
35.2434        0.157895       0.0344842      
35.2434        0.236842       0.0516114      
35.2434        0.315789       0.0686618      
35.2434        0.394737       0.0856352      
35.2434        0.473684       0.102531       
35.2434        0.552632       0.11935        
35.2434        0.631579       0.136092       
35.2434        0.710526       0.152756       
35.2434        0.789474       0.169343       
35.2434        0.868421       0.185852       
35.2434        0.947368       0.202283       
35.2434        1.02632        0.218637       
35.2434        1.10526        0.234913       
35.2434        1.18421        0.251111       
35.2434        1.26316        0.267231       
35.2434        1.34211        0.283273       
35.2434        1.42105        0.299237       
35.2434        1.5            0.315123       
35.4325        0              0              
35.4325        0.0789474      0.0171634      
35.4325        0.157895       0.0342515      
35.4325        0.236842       0.051264       
35.4325        0.315789       0.0682008      
35.4325        0.394737       0.0850618      
35.4325        0.473684       0.101847       
35.4325        0.552632       0.118556       
35.4325        0.631579       0.135188       
35.4325        0.710526       0.151744       
35.4325        0.789474       0.168224       
35.4325        0.868421       0.184627       
35.4325        0.947368       0.200954       
35.4325        1.02632        0.217204       
35.4325        1.10526        0.233377       
35.4325        1.18421        0.249474       
35.4325        1.26316        0.265494       
35.4325        1.34211        0.281437       
35.4325        1.42105        0.297303       
35.4325        1.5            0.313092       
35.6217        0              0              
35.6217        0.0789474      0.017048       
35.6217        0.157895       0.0340217      
35.6217        0.236842       0.050921       
35.6217        0.315789       0.0677457      
35.6217        0.394737       0.0844956      
35.6217        0.473684       0.101171       
35.6217        0.552632       0.117771       
35.6217        0.631579       0.134296       
35.6217        0.710526       0.150745       
35.6217        0.789474       0.167119       
35.6217        0.868421       0.183418       
35.6217        0.947368       0.199641       
35.6217        1.02632        0.215789       
35.6217        1.10526        0.231861       
35.6217        1.18421        0.247858       
35.6217        1.26316        0.263779       
35.6217        1.34211        0.279624       
35.6217        1.42105        0.295393       
35.6217        1.5            0.311086       
35.8108        0              0              
35.8108        0.0789474      0.016934       
35.8108        0.157895       0.0337949      
35.8108        0.236842       0.0505824      
35.8108        0.315789       0.0672963      
35.8108        0.394737       0.0839366      
35.8108        0.473684       0.100503       
35.8108        0.552632       0.116996       
35.8108        0.631579       0.133414       
35.8108        0.710526       0.149758       
35.8108        0.789474       0.166028       
35.8108        0.868421       0.182224       
35.8108        0.947368       0.198345       
35.8108        1.02632        0.214392       
35.8108        1.10526        0.230364       
35.8108        1.18421        0.246262       
35.8108        1.26316        0.262084       
35.8108        1.34211        0.277833       
35.8108        1.42105        0.293506       
35.8108        1.5            0.309105       
36             0              0              
36             0.0789474      0.0168215      
36             0.157895       0.0335709      
36             0.236842       0.050248       
36             0.315789       0.0668526      
36             0.394737       0.0833846      
36             0.473684       0.0998439      
36             0.552632       0.11623        
36             0.631579       0.132544       
36             0.710526       0.148784       
36             0.789474       0.164951       
36             0.868421       0.181045       
36             0.947368       0.197065       
36             1.02632        0.213012       
36             1.10526        0.228885       
36             1.18421        0.244685       
36             1.26316        0.260411       
36             1.34211        0.276064       
36             1.42105        0.291643       
36             1.5            0.307148       
