17.2733   36        100       0         1.5       20        
17.2733        0              0              
17.2733        0.0789474      0.0560645      
17.2733        0.157895       0.111512       
17.2733        0.236842       0.166345       
17.2733        0.315789       0.220569       
17.2733        0.394737       0.274187       
17.2733        0.473684       0.327203       
17.2733        0.552632       0.379622       
17.2733        0.631579       0.431448       
17.2733        0.710526       0.482686       
17.2733        0.789474       0.53334        
17.2733        0.868421       0.583415       
17.2733        0.947368       0.632916       
17.2733        1.02632        0.681848       
17.2733        1.10526        0.730215       
17.2733        1.18421        0.778024       
17.2733        1.26316        0.825279       
17.2733        1.34211        0.871985       
17.2733        1.42105        0.918147       
17.2733        1.5            0.963772       
17.4625        0              0              
17.4625        0.0789474      0.0598885      
17.4625        0.157895       0.119114       
17.4625        0.236842       0.17768        
17.4625        0.315789       0.235592       
17.4625        0.394737       0.292854       
17.4625        0.473684       0.34947        
17.4625        0.552632       0.405445       
17.4625        0.631579       0.460785       
17.4625        0.710526       0.515494       
17.4625        0.789474       0.569578       
17.4625        0.868421       0.623041       
17.4625        0.947368       0.675889       
17.4625        1.02632        0.728127       
17.4625        1.10526        0.779762       
17.4625        1.18421        0.830798       
17.4625        1.26316        0.881241       
17.4625        1.34211        0.931097       
17.4625        1.42105        0.980371       
17.4625        1.5            1.02907        
17.6516        0              0              
17.6516        0.0789474      0.0613074      
17.6516        0.157895       0.121938       
17.6516        0.236842       0.181896       
17.6516        0.315789       0.241185       
17.6516        0.394737       0.299811       
17.6516        0.473684       0.357779       
17.6516        0.552632       0.415093       
17.6516        0.631579       0.471758       
17.6516        0.710526       0.527779       
17.6516        0.789474       0.583162       
17.6516        0.868421       0.637912       
17.6516        0.947368       0.692035       
17.6516        1.02632        0.745536       
17.6516        1.10526        0.798421       
17.6516        1.18421        0.850695       
17.6516        1.26316        0.902364       
17.6516        1.34211        0.953434       
17.6516        1.42105        1.00391        
17.6516        1.5            1.0538         
17.8408        0              0              
17.8408        0.0789474      0.0623084      
17.8408        0.157895       0.123932       
17.8408        0.236842       0.184874       
17.8408        0.315789       0.24514        
17.8408        0.394737       0.304735       
17.8408        0.473684       0.363663       
17.8408        0.552632       0.42193        
17.8408        0.631579       0.47954        
17.8408        0.710526       0.536499       
17.8408        0.789474       0.592812       
17.8408        0.868421       0.648485       
17.8408        0.947368       0.703522       
17.8408        1.02632        0.757931       
17.8408        1.10526        0.811716       
17.8408        1.18421        0.864883       
17.8408        1.26316        0.917438       
17.8408        1.34211        0.969386       
17.8408        1.42105        1.02073        
17.8408        1.5            1.07149        
18.03          0              0              
18.03          0.0789474      0.063091       
18.03          0.157895       0.125492       
18.03          0.236842       0.187206       
18.03          0.315789       0.248239       
18.03          0.394737       0.308596       
18.03          0.473684       0.368281       
18.03          0.552632       0.427299       
18.03          0.631579       0.485656       
18.03          0.710526       0.543356       
18.03          0.789474       0.600406       
18.03          0.868421       0.65681        
18.03          0.947368       0.712575       
18.03          1.02632        0.767705       
18.03          1.10526        0.822207       
18.03          1.18421        0.876087       
18.03          1.26316        0.929349       
18.03          1.34211        0.982001       
18.03          1.42105        1.03405        
18.03          1.5            1.0855         
18.2191        0              0              
18.2191        0.0789474      0.0637334      
18.2191        0.157895       0.126773       
18.2191        0.236842       0.189123       
18.2191        0.315789       0.250788       
18.2191        0.394737       0.311773       
18.2191        0.473684       0.372084       
18.2191        0.552632       0.431724       
18.2191        0.631579       0.490699       
18.2191        0.710526       0.549015       
18.2191        0.789474       0.606677       
18.2191        0.868421       0.663691       
18.2191        0.947368       0.720061       
18.2191        1.02632        0.775794       
18.2191        1.10526        0.830896       
18.2191        1.18421        0.885371       
18.2191        1.26316        0.939227       
18.2191        1.34211        0.992468       
18.2191        1.42105        1.0451         
18.2191        1.5            1.09713        
18.4083        0              0              
18.4083        0.0789474      0.0642758      
18.4083        0.157895       0.127856       
18.4083        0.236842       0.190744       
18.4083        0.315789       0.252945       
18.4083        0.394737       0.314464       
18.4083        0.473684       0.375306       
18.4083        0.552632       0.435476       
18.4083        0.631579       0.494979       
18.4083        0.710526       0.553821       
18.4083        0.789474       0.612006       
18.4083        0.868421       0.669541       
18.4083        0.947368       0.726431       
18.4083        1.02632        0.782681       
18.4083        1.10526        0.838298       
18.4083        1.18421        0.893287       
18.4083        1.26316        0.947654       
18.4083        1.34211        1.0014         
18.4083        1.42105        1.05454        
18.4083        1.5            1.10708        
18.5974        0              0              
18.5974        0.0789474      0.0647424      
18.5974        0.157895       0.128788       
18.5974        0.236842       0.19214        
18.5974        0.315789       0.254804       
18.5974        0.394737       0.316785       
18.5974        0.473684       0.378088       
18.5974        0.552632       0.438718       
18.5974        0.631579       0.498679       
18.5974        0.710526       0.557978       
18.5974        0.789474       0.61662        
18.5974        0.868421       0.67461        
18.5974        0.947368       0.731953       
18.5974        1.02632        0.788656       
18.5974        1.10526        0.844724       
18.5974        1.18421        0.900163       
18.5974        1.26316        0.954978       
18.5974        1.34211        1.00918        
18.5974        1.42105        1.06276        
18.5974        1.5            1.11574        
18.7866        0              0              
18.7866        0.0789474      0.0651491      
18.7866        0.157895       0.129601       
18.7866        0.236842       0.193359       
18.7866        0.315789       0.256428       
18.7866        0.394737       0.318814       
18.7866        0.473684       0.380522       
18.7866        0.552632       0.441555       
18.7866        0.631579       0.501921       
18.7866        0.710526       0.561623       
18.7866        0.789474       0.620667       
18.7866        0.868421       0.679059       
18.7866        0.947368       0.736804       
18.7866        1.02632        0.793908       
18.7866        1.10526        0.850376       
18.7866        1.18421        0.906215       
18.7866        1.26316        0.961429       
18.7866        1.34211        1.01603        
18.7866        1.42105        1.07001        
18.7866        1.5            1.12339        
18.9758        0              0              
18.9758        0.0789474      0.0655069      
18.9758        0.157895       0.130316       
18.9758        0.236842       0.194433       
18.9758        0.315789       0.257861       
18.9758        0.394737       0.320605       
18.9758        0.473684       0.382671       
18.9758        0.552632       0.444063       
18.9758        0.631579       0.504787       
18.9758        0.710526       0.564848       
18.9758        0.789474       0.624251       
18.9758        0.868421       0.683002       
18.9758        0.947368       0.741106       
18.9758        1.02632        0.798569       
18.9758        1.10526        0.855397       
18.9758        1.18421        0.911594       
18.9758        1.26316        0.967168       
18.9758        1.34211        1.02212        
18.9758        1.42105        1.07647        
18.9758        1.5            1.1302         
19.1649        0              0              
19.1649        0.0789474      0.0658241      
19.1649        0.157895       0.130951       
19.1649        0.236842       0.195386       
19.1649        0.315789       0.259133       
19.1649        0.394737       0.322197       
19.1649        0.473684       0.384583       
19.1649        0.552632       0.446297       
19.1649        0.631579       0.507342       
19.1649        0.710526       0.567725       
19.1649        0.789474       0.62745        
19.1649        0.868421       0.686524       
19.1649        0.947368       0.744951       
19.1649        1.02632        0.802738       
19.1649        1.10526        0.85989        
19.1649        1.18421        0.916412       
19.1649        1.26316        0.97231        
19.1649        1.34211        1.02759        
19.1649        1.42105        1.08226        
19.1649        1.5            1.13632        
19.3541        0              0              
19.3541        0.0789474      0.0661066      
19.3541        0.157895       0.131517       
19.3541        0.236842       0.196237       
19.3541        0.315789       0.26027        
19.3541        0.394737       0.32362        
19.3541        0.473684       0.386294       
19.3541        0.552632       0.448296       
19.3541        0.631579       0.509631       
19.3541        0.710526       0.570304       
19.3541        0.789474       0.630321       
19.3541        0.868421       0.689687       
19.3541        0.947368       0.748408       
19.3541        1.02632        0.806488       
19.3541        1.10526        0.863934       
19.3541        1.18421        0.920752       
19.3541        1.26316        0.976946       
19.3541        1.34211        1.03252        
19.3541        1.42105        1.08749        
19.3541        1.5            1.14185        
19.5432        0              0              
19.5432        0.0789474      0.0663595      
19.5432        0.157895       0.132024       
19.5432        0.236842       0.197          
19.5432        0.315789       0.261289       
19.5432        0.394737       0.324898       
19.5432        0.473684       0.387832       
19.5432        0.552632       0.450094       
19.5432        0.631579       0.511691       
19.5432        0.710526       0.572628       
19.5432        0.789474       0.63291        
19.5432        0.868421       0.692541       
19.5432        0.947368       0.751528       
19.5432        1.02632        0.809877       
19.5432        1.10526        0.867592       
19.5432        1.18421        0.924679       
19.5432        1.26316        0.981144       
19.5432        1.34211        1.03699        
19.5432        1.42105        1.09223        
19.5432        1.5            1.14686        
19.7324        0              0              
19.7324        0.0789474      0.0665864      
19.7324        0.157895       0.13248        
19.7324        0.236842       0.197685       
19.7324        0.315789       0.262207       
19.7324        0.394737       0.32605        
19.7324        0.473684       0.389218       
19.7324        0.552632       0.451717       
19.7324        0.631579       0.513553       
19.7324        0.710526       0.574729       
19.7324        0.789474       0.635251       
19.7324        0.868421       0.695126       
19.7324        0.947368       0.754357       
19.7324        1.02632        0.81295        
19.7324        1.10526        0.870912       
19.7324        1.18421        0.928247       
19.7324        1.26316        0.984961       
19.7324        1.34211        1.04106        
19.7324        1.42105        1.09655        
19.7324        1.5            1.15143        
19.9215        0              0              
19.9215        0.0789474      0.0667906      
19.9215        0.157895       0.13289        
19.9215        0.236842       0.198304       
19.9215        0.315789       0.263035       
19.9215        0.394737       0.327089       
19.9215        0.473684       0.390471       
19.9215        0.552632       0.453186       
19.9215        0.631579       0.515238       
19.9215        0.710526       0.576633       
19.9215        0.789474       0.637376       
19.9215        0.868421       0.697473       
19.9215        0.947368       0.756927       
19.9215        1.02632        0.815746       
19.9215        1.10526        0.873934       
19.9215        1.18421        0.931498       
19.9215        1.26316        0.988441       
19.9215        1.34211        1.04477        
19.9215        1.42105        1.10049        
19.9215        1.5            1.15561        
20.1107        0              0              
20.1107        0.0789474      0.0669747      
20.1107        0.157895       0.133261       
20.1107        0.236842       0.198862       
20.1107        0.315789       0.263784       
20.1107        0.394737       0.328031       
20.1107        0.473684       0.391607       
20.1107        0.552632       0.454518       
20.1107        0.631579       0.516768       
20.1107        0.710526       0.578364       
20.1107        0.789474       0.639309       
20.1107        0.868421       0.699609       
20.1107        0.947368       0.759269       
20.1107        1.02632        0.818295       
20.1107        1.10526        0.876693       
20.1107        1.18421        0.934467       
20.1107        1.26316        0.991623       
20.1107        1.34211        1.04817        
20.1107        1.42105        1.1041         
20.1107        1.5            1.15944        
20.2999        0              0              
20.2999        0.0789474      0.0671408      
20.2999        0.157895       0.133595       
20.2999        0.236842       0.199367       
20.2999        0.315789       0.264462       
20.2999        0.394737       0.328884       
20.2999        0.473684       0.392637       
20.2999        0.552632       0.455728       
20.2999        0.631579       0.51816        
20.2999        0.710526       0.579938       
20.2999        0.789474       0.641069       
20.2999        0.868421       0.701557       
20.2999        0.947368       0.761407       
20.2999        1.02632        0.820624       
20.2999        1.10526        0.879215       
20.2999        1.18421        0.937184       
20.2999        1.26316        0.994537       
20.2999        1.34211        1.05128        
20.2999        1.42105        1.10742        
20.2999        1.5            1.16295        
20.489         0              0              
20.489         0.0789474      0.0672907      
20.489         0.157895       0.133897       
20.489         0.236842       0.199824       
20.489         0.315789       0.265076       
20.489         0.394737       0.329657       
20.489         0.473684       0.393573       
20.489         0.552632       0.456827       
20.489         0.631579       0.519426       
20.489         0.710526       0.581373       
20.489         0.789474       0.642674       
20.489         0.868421       0.703335       
20.489         0.947368       0.76336        
20.489         1.02632        0.822754       
20.489         1.10526        0.881524       
20.489         1.18421        0.939674       
20.489         1.26316        0.99721        
20.489         1.34211        1.05414        
20.489         1.42105        1.11046        
20.489         1.5            1.16619        
20.6782        0              0              
20.6782        0.0789474      0.067426       
20.6782        0.157895       0.134171       
20.6782        0.236842       0.200238       
20.6782        0.315789       0.265633       
20.6782        0.394737       0.33036        
20.6782        0.473684       0.394423       
20.6782        0.552632       0.457828       
20.6782        0.631579       0.520579       
20.6782        0.710526       0.582681       
20.6782        0.789474       0.64414        
20.6782        0.868421       0.70496        
20.6782        0.947368       0.765147       
20.6782        1.02632        0.824705       
20.6782        1.10526        0.883641       
20.6782        1.18421        0.941959       
20.6782        1.26316        0.999665       
20.6782        1.34211        1.05676        
20.6782        1.42105        1.11326        
20.6782        1.5            1.16916        
20.8673        0              0              
20.8673        0.0789474      0.0675482      
20.8673        0.157895       0.134418       
20.8673        0.236842       0.200613       
20.8673        0.315789       0.266137       
20.8673        0.394737       0.330997       
20.8673        0.473684       0.395195       
20.8673        0.552632       0.458738       
20.8673        0.631579       0.521629       
20.8673        0.710526       0.583874       
20.8673        0.789474       0.645478       
20.8673        0.868421       0.706446       
20.8673        0.947368       0.766782       
20.8673        1.02632        0.826493       
20.8673        1.10526        0.885583       
20.8673        1.18421        0.944057       
20.8673        1.26316        1.00192        
20.8673        1.34211        1.05918        
20.8673        1.42105        1.11584        
20.8673        1.5            1.17191        
21.0565        0              0              
21.0565        0.0789474      0.0676583      
21.0565        0.157895       0.134641       
21.0565        0.236842       0.200951       
21.0565        0.315789       0.266595       
21.0565        0.394737       0.331575       
21.0565        0.473684       0.395897       
21.0565        0.552632       0.459566       
21.0565        0.631579       0.522587       
21.0565        0.710526       0.584963       
21.0565        0.789474       0.646701       
21.0565        0.868421       0.707805       
21.0565        0.947368       0.76828        
21.0565        1.02632        0.828131       
21.0565        1.10526        0.887365       
21.0565        1.18421        0.945985       
21.0565        1.26316        1.004          
21.0565        1.34211        1.06141        
21.0565        1.42105        1.11822        
21.0565        1.5            1.17444        
21.2457        0              0              
21.2457        0.0789474      0.0677575      
21.2457        0.157895       0.134842       
21.2457        0.236842       0.201257       
21.2457        0.315789       0.267008       
21.2457        0.394737       0.332099       
21.2457        0.473684       0.396535       
21.2457        0.552632       0.460319       
21.2457        0.631579       0.523458       
21.2457        0.710526       0.585956       
21.2457        0.789474       0.647817       
21.2457        0.868421       0.709047       
21.2457        0.947368       0.769651       
21.2457        1.02632        0.829634       
21.2457        1.10526        0.889          
21.2457        1.18421        0.947756       
21.2457        1.26316        1.00591        
21.2457        1.34211        1.06346        
21.2457        1.42105        1.12041        
21.2457        1.5            1.17678        
21.4348        0              0              
21.4348        0.0789474      0.0678466      
21.4348        0.157895       0.135023       
21.4348        0.236842       0.201533       
21.4348        0.315789       0.267382       
21.4348        0.394737       0.332574       
21.4348        0.473684       0.397113       
21.4348        0.552632       0.461004       
21.4348        0.631579       0.524251       
21.4348        0.710526       0.58686        
21.4348        0.789474       0.648836       
21.4348        0.868421       0.710183       
21.4348        0.947368       0.770906       
21.4348        1.02632        0.831011       
21.4348        1.10526        0.890502       
21.4348        1.18421        0.949384       
21.4348        1.26316        1.00766        
21.4348        1.34211        1.06535        
21.4348        1.42105        1.12243        
21.4348        1.5            1.17893        
21.624         0              0              
21.624         0.0789474      0.0679265      
21.624         0.157895       0.135186       
21.624         0.236842       0.201782       
21.624         0.315789       0.267719       
21.624         0.394737       0.333003       
21.624         0.473684       0.397636       
21.624         0.552632       0.461624       
21.624         0.631579       0.524972       
21.624         0.710526       0.587684       
21.624         0.789474       0.649765       
21.624         0.868421       0.71122        
21.624         0.947368       0.772054       
21.624         1.02632        0.832272       
21.624         1.10526        0.891879       
21.624         1.18421        0.95088        
21.624         1.26316        1.00928        
21.624         1.34211        1.06708        
21.624         1.42105        1.1243         
21.624         1.5            1.18093        
21.8131        0              0              
21.8131        0.0789474      0.0679979      
21.8131        0.157895       0.135332       
21.8131        0.236842       0.202005       
21.8131        0.315789       0.268023       
21.8131        0.394737       0.33339        
21.8131        0.473684       0.398109       
21.8131        0.552632       0.462187       
21.8131        0.631579       0.525626       
21.8131        0.710526       0.588433       
21.8131        0.789474       0.650612       
21.8131        0.868421       0.712167       
21.8131        0.947368       0.773104       
21.8131        1.02632        0.833427       
21.8131        1.10526        0.893142       
21.8131        1.18421        0.952253       
21.8131        1.26316        1.01077        
21.8131        1.34211        1.06869        
21.8131        1.42105        1.12602        
21.8131        1.5            1.18277        
22.0023        0              0              
22.0023        0.0789474      0.0680613      
22.0023        0.157895       0.135462       
22.0023        0.236842       0.202205       
22.0023        0.315789       0.268295       
22.0023        0.394737       0.333738       
22.0023        0.473684       0.398536       
22.0023        0.552632       0.462695       
22.0023        0.631579       0.526219       
22.0023        0.710526       0.589113       
22.0023        0.789474       0.651381       
22.0023        0.868421       0.713029       
22.0023        0.947368       0.774062       
22.0023        1.02632        0.834483       
22.0023        1.10526        0.894299       
22.0023        1.18421        0.953513       
22.0023        1.26316        1.01213        
22.0023        1.34211        1.07016        
22.0023        1.42105        1.1276         
22.0023        1.5            1.18446        
22.1914        0              0              
22.1914        0.0789474      0.0681175      
22.1914        0.157895       0.135577       
22.1914        0.236842       0.202383       
22.1914        0.315789       0.268539       
22.1914        0.394737       0.334049       
22.1914        0.473684       0.398919       
22.1914        0.552632       0.463153       
22.1914        0.631579       0.526754       
22.1914        0.710526       0.589728       
22.1914        0.789474       0.65208        
22.1914        0.868421       0.713814       
22.1914        0.947368       0.774934       
22.1914        1.02632        0.835447       
22.1914        1.10526        0.895357       
22.1914        1.18421        0.954668       
22.1914        1.26316        1.01339        
22.1914        1.34211        1.07152        
22.1914        1.42105        1.12906        
22.1914        1.5            1.18603        
22.3806        0              0              
22.3806        0.0789474      0.068167       
22.3806        0.157895       0.135679       
22.3806        0.236842       0.202541       
22.3806        0.315789       0.268755       
22.3806        0.394737       0.334328       
22.3806        0.473684       0.399263       
22.3806        0.552632       0.463564       
22.3806        0.631579       0.527236       
22.3806        0.710526       0.590284       
22.3806        0.789474       0.652712       
22.3806        0.868421       0.714525       
22.3806        0.947368       0.775728       
22.3806        1.02632        0.836326       
22.3806        1.10526        0.896323       
22.3806        1.18421        0.955724       
22.3806        1.26316        1.01453        
22.3806        1.34211        1.07276        
22.3806        1.42105        1.1304         
22.3806        1.5            1.18747        
22.5698        0              0              
22.5698        0.0789474      0.0682102      
22.5698        0.157895       0.135769       
22.5698        0.236842       0.20268        
22.5698        0.315789       0.268947       
22.5698        0.394737       0.334575       
22.5698        0.473684       0.399569       
22.5698        0.552632       0.463932       
22.5698        0.631579       0.527668       
22.5698        0.710526       0.590784       
22.5698        0.789474       0.653283       
22.5698        0.868421       0.715169       
22.5698        0.947368       0.776448       
22.5698        1.02632        0.837125       
22.5698        1.10526        0.897204       
22.5698        1.18421        0.956689       
22.5698        1.26316        1.01559        
22.5698        1.34211        1.0739         
22.5698        1.42105        1.13164        
22.5698        1.5            1.1888         
22.7589        0              0              
22.7589        0.0789474      0.0682475      
22.7589        0.157895       0.135847       
22.7589        0.236842       0.202801       
22.7589        0.315789       0.269115       
22.7589        0.394737       0.334794       
22.7589        0.473684       0.39984        
22.7589        0.552632       0.464259       
22.7589        0.631579       0.528055       
22.7589        0.710526       0.591232       
22.7589        0.789474       0.653796       
22.7589        0.868421       0.71575        
22.7589        0.947368       0.7771         
22.7589        1.02632        0.83785        
22.7589        1.10526        0.898004       
22.7589        1.18421        0.957569       
22.7589        1.26316        1.01655        
22.7589        1.34211        1.07495        
22.7589        1.42105        1.13277        
22.7589        1.5            1.19002        
22.9481        0              0              
22.9481        0.0789474      0.0682794      
22.9481        0.157895       0.135914       
22.9481        0.236842       0.202906       
22.9481        0.315789       0.269262       
22.9481        0.394737       0.334985       
22.9481        0.473684       0.400079       
22.9481        0.552632       0.464548       
22.9481        0.631579       0.528398       
22.9481        0.710526       0.591632       
22.9481        0.789474       0.654255       
22.9481        0.868421       0.716272       
22.9481        0.947368       0.777687       
22.9481        1.02632        0.838505       
22.9481        1.10526        0.89873        
22.9481        1.18421        0.958368       
22.9481        1.26316        1.01742        
22.9481        1.34211        1.0759         
22.9481        1.42105        1.1338         
22.9481        1.5            1.19114        
23.1372        0              0              
23.1372        0.0789474      0.0683062      
23.1372        0.157895       0.13597        
23.1372        0.236842       0.202996       
23.1372        0.315789       0.269388       
23.1372        0.394737       0.335151       
23.1372        0.473684       0.400287       
23.1372        0.552632       0.464803       
23.1372        0.631579       0.528701       
23.1372        0.710526       0.591987       
23.1372        0.789474       0.654664       
23.1372        0.868421       0.716739       
23.1372        0.947368       0.778214       
23.1372        1.02632        0.839095       
23.1372        1.10526        0.899386       
23.1372        1.18421        0.959092       
23.1372        1.26316        1.01822        
23.1372        1.34211        1.07677        
23.1372        1.42105        1.13475        
23.1372        1.5            1.19216        
23.3264        0              0              
23.3264        0.0789474      0.0683282      
23.3264        0.157895       0.136018       
23.3264        0.236842       0.203072       
23.3264        0.315789       0.269496       
23.3264        0.394737       0.335293       
23.3264        0.473684       0.400467       
23.3264        0.552632       0.465024       
23.3264        0.631579       0.528966       
23.3264        0.710526       0.592299       
23.3264        0.789474       0.655026       
23.3264        0.868421       0.717153       
23.3264        0.947368       0.778684       
23.3264        1.02632        0.839624       
23.3264        1.10526        0.899976       
23.3264        1.18421        0.959747       
23.3264        1.26316        1.01894        
23.3264        1.34211        1.07756        
23.3264        1.42105        1.13561        
23.3264        1.5            1.1931         
23.5156        0              0              
23.5156        0.0789474      0.0683458      
23.5156        0.157895       0.136056       
23.5156        0.236842       0.203135       
23.5156        0.315789       0.269586       
23.5156        0.394737       0.335413       
23.5156        0.473684       0.400621       
23.5156        0.552632       0.465214       
23.5156        0.631579       0.529195       
23.5156        0.710526       0.592571       
23.5156        0.789474       0.655344       
23.5156        0.868421       0.717519       
23.5156        0.947368       0.779102       
23.5156        1.02632        0.840095       
23.5156        1.10526        0.900505       
23.5156        1.18421        0.960335       
23.5156        1.26316        1.01959        
23.5156        1.34211        1.07827        
23.5156        1.42105        1.13639        
23.5156        1.5            1.19395        
23.7047        0              0              
23.7047        0.0789474      0.0683592      
23.7047        0.157895       0.136086       
23.7047        0.236842       0.203185       
23.7047        0.315789       0.269659       
23.7047        0.394737       0.335512       
23.7047        0.473684       0.400749       
23.7047        0.552632       0.465375       
23.7047        0.631579       0.529392       
23.7047        0.710526       0.592806       
23.7047        0.789474       0.65562        
23.7047        0.868421       0.71784        
23.7047        0.947368       0.779469       
23.7047        1.02632        0.840513       
23.7047        1.10526        0.900975       
23.7047        1.18421        0.96086        
23.7047        1.26316        1.02017        
23.7047        1.34211        1.07892        
23.7047        1.42105        1.1371         
23.7047        1.5            1.19473        
23.8939        0              0              
23.8939        0.0789474      0.0683687      
23.8939        0.157895       0.136108       
23.8939        0.236842       0.203223       
23.8939        0.315789       0.269716       
23.8939        0.394737       0.335592       
23.8939        0.473684       0.400854       
23.8939        0.552632       0.465508       
23.8939        0.631579       0.529557       
23.8939        0.710526       0.593005       
23.8939        0.789474       0.655857       
23.8939        0.868421       0.718117       
23.8939        0.947368       0.77979        
23.8939        1.02632        0.840879       
23.8939        1.10526        0.901391       
23.8939        1.18421        0.961328       
23.8939        1.26316        1.0207         
23.8939        1.34211        1.0795         
23.8939        1.42105        1.13774        
23.8939        1.5            1.19543        
24.083         0              0              
24.083         0.0789474      0.0683746      
24.083         0.157895       0.136123       
24.083         0.236842       0.20325        
24.083         0.315789       0.269759       
24.083         0.394737       0.335653       
24.083         0.473684       0.400937       
24.083         0.552632       0.465616       
24.083         0.631579       0.529692       
24.083         0.710526       0.593171       
24.083         0.789474       0.656057       
24.083         0.868421       0.718354       
24.083         0.947368       0.780066       
24.083         1.02632        0.841198       
24.083         1.10526        0.901755       
24.083         1.18421        0.96174        
24.083         1.26316        1.02116        
24.083         1.34211        1.08001        
24.083         1.42105        1.13831        
24.083         1.5            1.19606        
24.2722        0              0              
24.2722        0.0789474      0.068377       
24.2722        0.157895       0.136131       
24.2722        0.236842       0.203267       
24.2722        0.315789       0.269787       
24.2722        0.394737       0.335697       
24.2722        0.473684       0.401          
24.2722        0.552632       0.465699       
24.2722        0.631579       0.5298         
24.2722        0.710526       0.593307       
24.2722        0.789474       0.656223       
24.2722        0.868421       0.718553       
24.2722        0.947368       0.780301       
24.2722        1.02632        0.841472       
24.2722        1.10526        0.90207        
24.2722        1.18421        0.9621         
24.2722        1.26316        1.02157        
24.2722        1.34211        1.08047        
24.2722        1.42105        1.13882        
24.2722        1.5            1.19662        
24.4613        0              0              
24.4613        0.0789474      0.0683761      
24.4613        0.157895       0.136133       
24.4613        0.236842       0.203274       
24.4613        0.315789       0.269803       
24.4613        0.394737       0.335725       
24.4613        0.473684       0.401042       
24.4613        0.552632       0.46576        
24.4613        0.631579       0.529882       
24.4613        0.710526       0.593412       
24.4613        0.789474       0.656356       
24.4613        0.868421       0.718715       
24.4613        0.947368       0.780497       
24.4613        1.02632        0.841703       
24.4613        1.10526        0.90234        
24.4613        1.18421        0.96241        
24.4613        1.26316        1.02192        
24.4613        1.34211        1.08087        
24.4613        1.42105        1.13927        
24.4613        1.5            1.19712        
24.6505        0              0              
24.6505        0.0789474      0.0683722      
24.6505        0.157895       0.136128       
24.6505        0.236842       0.203272       
24.6505        0.315789       0.269807       
24.6505        0.394737       0.335737       
24.6505        0.473684       0.401066       
24.6505        0.552632       0.465799       
24.6505        0.631579       0.529939       
24.6505        0.710526       0.59349        
24.6505        0.789474       0.656457       
24.6505        0.868421       0.718844       
24.6505        0.947368       0.780655       
24.6505        1.02632        0.841894       
24.6505        1.10526        0.902566       
24.6505        1.18421        0.962675       
24.6505        1.26316        1.02222        
24.6505        1.34211        1.08122        
24.6505        1.42105        1.13967        
24.6505        1.5            1.19757        
24.8397        0              0              
24.8397        0.0789474      0.0683654      
24.8397        0.157895       0.136118       
24.8397        0.236842       0.203261       
24.8397        0.315789       0.269799       
24.8397        0.394737       0.335735       
24.8397        0.473684       0.401073       
24.8397        0.552632       0.465818       
24.8397        0.631579       0.529973       
24.8397        0.710526       0.593542       
24.8397        0.789474       0.65653        
24.8397        0.868421       0.718941       
24.8397        0.947368       0.780778       
24.8397        1.02632        0.842047       
24.8397        1.10526        0.902751       
24.8397        1.18421        0.962895       
24.8397        1.26316        1.02248        
24.8397        1.34211        1.08152        
24.8397        1.42105        1.14001        
24.8397        1.5            1.19795        
25.0288        0              0              
25.0288        0.0789474      0.0683558      
25.0288        0.157895       0.136102       
25.0288        0.236842       0.203242       
25.0288        0.315789       0.26978        
25.0288        0.394737       0.335719       
25.0288        0.473684       0.401063       
25.0288        0.552632       0.465817       
25.0288        0.631579       0.529984       
25.0288        0.710526       0.593569       
25.0288        0.789474       0.656575       
25.0288        0.868421       0.719007       
25.0288        0.947368       0.780868       
25.0288        1.02632        0.842163       
25.0288        1.10526        0.902897       
25.0288        1.18421        0.963073       
25.0288        1.26316        1.0227         
25.0288        1.34211        1.08177        
25.0288        1.42105        1.1403         
25.0288        1.5            1.19829        
25.218         0              0              
25.218         0.0789474      0.0683438      
25.218         0.157895       0.136081       
25.218         0.236842       0.203215       
25.218         0.315789       0.26975        
25.218         0.394737       0.33569        
25.218         0.473684       0.401038       
25.218         0.552632       0.465799       
25.218         0.631579       0.529975       
25.218         0.710526       0.593573       
25.218         0.789474       0.656594       
25.218         0.868421       0.719044       
25.218         0.947368       0.780927       
25.218         1.02632        0.842246       
25.218         1.10526        0.903006       
25.218         1.18421        0.963212       
25.218         1.26316        1.02287        
25.218         1.34211        1.08198        
25.218         1.42105        1.14054        
25.218         1.5            1.19857        
25.4071        0              0              
25.4071        0.0789474      0.0683293      
25.4071        0.157895       0.136055       
25.4071        0.236842       0.203181       
25.4071        0.315789       0.269711       
25.4071        0.394737       0.335649       
25.4071        0.473684       0.400998       
25.4071        0.552632       0.465763       
25.4071        0.631579       0.529947       
25.4071        0.710526       0.593554       
25.4071        0.789474       0.656588       
25.4071        0.868421       0.719054       
25.4071        0.947368       0.780955       
25.4071        1.02632        0.842296       
25.4071        1.10526        0.903081       
25.4071        1.18421        0.963313       
25.4071        1.26316        1.023          
25.4071        1.34211        1.08214        
25.4071        1.42105        1.14074        
25.4071        1.5            1.19881        
25.5963        0              0              
25.5963        0.0789474      0.0683125      
25.5963        0.157895       0.136025       
25.5963        0.236842       0.20314        
25.5963        0.315789       0.269663       
25.5963        0.394737       0.335596       
25.5963        0.473684       0.400944       
25.5963        0.552632       0.465711       
25.5963        0.631579       0.529899       
25.5963        0.710526       0.593514       
25.5963        0.789474       0.656559       
25.5963        0.868421       0.719038       
25.5963        0.947368       0.780956       
25.5963        1.02632        0.842316       
25.5963        1.10526        0.903122       
25.5963        1.18421        0.963379       
25.5963        1.26316        1.02309        
25.5963        1.34211        1.08226        
25.5963        1.42105        1.14089        
25.5963        1.5            1.199          
25.7855        0              0              
25.7855        0.0789474      0.0682936      
25.7855        0.157895       0.13599        
25.7855        0.236842       0.203093       
25.7855        0.315789       0.269606       
25.7855        0.394737       0.335533       
25.7855        0.473684       0.400877       
25.7855        0.552632       0.465643       
25.7855        0.631579       0.529834       
25.7855        0.710526       0.593454       
25.7855        0.789474       0.656508       
25.7855        0.868421       0.718998       
25.7855        0.947368       0.780929       
25.7855        1.02632        0.842306       
25.7855        1.10526        0.903132       
25.7855        1.18421        0.963411       
25.7855        1.26316        1.02315        
25.7855        1.34211        1.08235        
25.7855        1.42105        1.14101        
25.7855        1.5            1.19914        
25.9746        0              0              
25.9746        0.0789474      0.0682726      
25.9746        0.157895       0.135951       
25.9746        0.236842       0.203039       
25.9746        0.315789       0.269541       
25.9746        0.394737       0.335459       
25.9746        0.473684       0.400798       
25.9746        0.552632       0.465561       
25.9746        0.631579       0.529752       
25.9746        0.710526       0.593376       
25.9746        0.789474       0.656435       
25.9746        0.868421       0.718934       
25.9746        0.947368       0.780878       
25.9746        1.02632        0.842269       
25.9746        1.10526        0.903112       
25.9746        1.18421        0.963411       
25.9746        1.26316        1.02317        
25.9746        1.34211        1.08239        
25.9746        1.42105        1.14108        
25.9746        1.5            1.19925        
26.1638        0              0              
26.1638        0.0789474      0.0682497      
26.1638        0.157895       0.135908       
26.1638        0.236842       0.20298        
26.1638        0.315789       0.269468       
26.1638        0.394737       0.335375       
26.1638        0.473684       0.400706       
26.1638        0.552632       0.465465       
26.1638        0.631579       0.529655       
26.1638        0.710526       0.593279       
26.1638        0.789474       0.656343       
26.1638        0.868421       0.718849       
26.1638        0.947368       0.780802       
26.1638        1.02632        0.842205       
26.1638        1.10526        0.903063       
26.1638        1.18421        0.96338        
26.1638        1.26316        1.02316        
26.1638        1.34211        1.08241        
26.1638        1.42105        1.14112        
26.1638        1.5            1.19932        
26.3529        0              0              
26.3529        0.0789474      0.0682249      
26.3529        0.157895       0.135862       
26.3529        0.236842       0.202915       
26.3529        0.315789       0.269387       
26.3529        0.394737       0.335282       
26.3529        0.473684       0.400604       
26.3529        0.552632       0.465356       
26.3529        0.631579       0.529542       
26.3529        0.710526       0.593166       
26.3529        0.789474       0.656231       
26.3529        0.868421       0.718742       
26.3529        0.947368       0.780703       
26.3529        1.02632        0.842116       
26.3529        1.10526        0.902988       
26.3529        1.18421        0.96332        
26.3529        1.26316        1.02312        
26.3529        1.34211        1.08239        
26.3529        1.42105        1.14113        
26.3529        1.5            1.19934        
26.5421        0              0              
26.5421        0.0789474      0.0681985      
26.5421        0.157895       0.135812       
26.5421        0.236842       0.202845       
26.5421        0.315789       0.2693         
26.5421        0.394737       0.33518        
26.5421        0.473684       0.400491       
26.5421        0.552632       0.465234       
26.5421        0.631579       0.529415       
26.5421        0.710526       0.593036       
26.5421        0.789474       0.656102       
26.5421        0.868421       0.718616       
26.5421        0.947368       0.780582       
26.5421        1.02632        0.842004       
26.5421        1.10526        0.902887       
26.5421        1.18421        0.963233       
26.5421        1.26316        1.02305        
26.5421        1.34211        1.08233        
26.5421        1.42105        1.1411         
26.5421        1.5            1.19934        
26.7312        0              0              
26.7312        0.0789474      0.0681704      
26.7312        0.157895       0.135759       
26.7312        0.236842       0.20277        
26.7312        0.315789       0.269206       
26.7312        0.394737       0.33507        
26.7312        0.473684       0.400368       
26.7312        0.552632       0.465101       
26.7312        0.631579       0.529274       
26.7312        0.710526       0.592891       
26.7312        0.789474       0.655955       
26.7312        0.868421       0.71847        
26.7312        0.947368       0.78044        
26.7312        1.02632        0.841869       
26.7312        1.10526        0.902761       
26.7312        1.18421        0.963119       
26.7312        1.26316        1.02295        
26.7312        1.34211        1.08225        
26.7312        1.42105        1.14103        
26.7312        1.5            1.1993         
26.9204        0              0              
26.9204        0.0789474      0.0681408      
26.9204        0.157895       0.135703       
26.9204        0.236842       0.20269        
26.9204        0.315789       0.269105       
26.9204        0.394737       0.334952       
26.9204        0.473684       0.400235       
26.9204        0.552632       0.464956       
26.9204        0.631579       0.529121       
26.9204        0.710526       0.592731       
26.9204        0.789474       0.655792       
26.9204        0.868421       0.718307       
26.9204        0.947368       0.780279       
26.9204        1.02632        0.841713       
26.9204        1.10526        0.902612       
26.9204        1.18421        0.962981       
26.9204        1.26316        1.02282        
26.9204        1.34211        1.08214        
26.9204        1.42105        1.14094        
26.9204        1.5            1.19923        
27.1096        0              0              
27.1096        0.0789474      0.0681096      
27.1096        0.157895       0.135644       
27.1096        0.236842       0.202606       
27.1096        0.315789       0.268999       
27.1096        0.394737       0.334827       
27.1096        0.473684       0.400093       
27.1096        0.552632       0.464801       
27.1096        0.631579       0.528955       
27.1096        0.710526       0.592558       
27.1096        0.789474       0.655613       
27.1096        0.868421       0.718126       
27.1096        0.947368       0.780099       
27.1096        1.02632        0.841536       
27.1096        1.10526        0.902441       
27.1096        1.18421        0.962818       
27.1096        1.26316        1.02267        
27.1096        1.34211        1.082          
27.1096        1.42105        1.14082        
27.1096        1.5            1.19912        
27.2987        0              0              
27.2987        0.0789474      0.0680772      
27.2987        0.157895       0.135582       
27.2987        0.236842       0.202517       
27.2987        0.315789       0.268887       
27.2987        0.394737       0.334694       
27.2987        0.473684       0.399942       
27.2987        0.552632       0.464636       
27.2987        0.631579       0.528777       
27.2987        0.710526       0.592371       
27.2987        0.789474       0.65542        
27.2987        0.868421       0.717929       
27.2987        0.947368       0.779901       
27.2987        1.02632        0.84134        
27.2987        1.10526        0.902249       
27.2987        1.18421        0.962633       
27.2987        1.26316        1.0225         
27.2987        1.34211        1.08184        
27.2987        1.42105        1.14067        
27.2987        1.5            1.19899        
27.4879        0              0              
27.4879        0.0789474      0.0680433      
27.4879        0.157895       0.135517       
27.4879        0.236842       0.202425       
27.4879        0.315789       0.268769       
27.4879        0.394737       0.334554       
27.4879        0.473684       0.399784       
27.4879        0.552632       0.464461       
27.4879        0.631579       0.528589       
27.4879        0.710526       0.592172       
27.4879        0.789474       0.655213       
27.4879        0.868421       0.717717       
27.4879        0.947368       0.779686       
27.4879        1.02632        0.841125       
27.4879        1.10526        0.902037       
27.4879        1.18421        0.962426       
27.4879        1.26316        1.0223         
27.4879        1.34211        1.08165        
27.4879        1.42105        1.14049        
27.4879        1.5            1.19883        
27.677         0              0              
27.677         0.0789474      0.0680083      
27.677         0.157895       0.13545        
27.677         0.236842       0.202328       
27.677         0.315789       0.268647       
27.677         0.394737       0.334408       
27.677         0.473684       0.399617       
27.677         0.552632       0.464276       
27.677         0.631579       0.52839        
27.677         0.710526       0.591961       
27.677         0.789474       0.654993       
27.677         0.868421       0.717489       
27.677         0.947368       0.779455       
27.677         1.02632        0.840892       
27.677         1.10526        0.901806       
27.677         1.18421        0.962199       
27.677         1.26316        1.02208        
27.677         1.34211        1.08144        
27.677         1.42105        1.14029        
27.677         1.5            1.19864        
27.8662        0              0              
27.8662        0.0789474      0.067972       
27.8662        0.157895       0.13538        
27.8662        0.236842       0.202228       
27.8662        0.315789       0.268519       
27.8662        0.394737       0.334256       
27.8662        0.473684       0.399443       
27.8662        0.552632       0.464084       
27.8662        0.631579       0.528181       
27.8662        0.710526       0.591738       
27.8662        0.789474       0.654759       
27.8662        0.868421       0.717248       
27.8662        0.947368       0.779208       
27.8662        1.02632        0.840643       
27.8662        1.10526        0.901556       
27.8662        1.18421        0.961952       
27.8662        1.26316        1.02183        
27.8662        1.34211        1.0812         
27.8662        1.42105        1.14007        
27.8662        1.5            1.19843        
28.0554        0              0              
28.0554        0.0789474      0.0679347      
28.0554        0.157895       0.135309       
28.0554        0.236842       0.202125       
28.0554        0.315789       0.268387       
28.0554        0.394737       0.334098       
28.0554        0.473684       0.399262       
28.0554        0.552632       0.463882       
28.0554        0.631579       0.527962       
28.0554        0.710526       0.591505       
28.0554        0.789474       0.654514       
28.0554        0.868421       0.716993       
28.0554        0.947368       0.778947       
28.0554        1.02632        0.840377       
28.0554        1.10526        0.901289       
28.0554        1.18421        0.961686       
28.0554        1.26316        1.02157        
28.0554        1.34211        1.08095        
28.0554        1.42105        1.13982        
28.0554        1.5            1.19819        
28.2445        0              0              
28.2445        0.0789474      0.0678962      
28.2445        0.157895       0.135235       
28.2445        0.236842       0.202018       
28.2445        0.315789       0.268251       
28.2445        0.394737       0.333935       
28.2445        0.473684       0.399075       
28.2445        0.552632       0.463673       
28.2445        0.631579       0.527734       
28.2445        0.710526       0.591261       
28.2445        0.789474       0.654257       
28.2445        0.868421       0.716726       
28.2445        0.947368       0.778671       
28.2445        1.02632        0.840097       
28.2445        1.10526        0.901005       
28.2445        1.18421        0.961402       
28.2445        1.26316        1.02129        
28.2445        1.34211        1.08067        
28.2445        1.42105        1.13955        
28.2445        1.5            1.19793        
28.4337        0              0              
28.4337        0.0789474      0.0678568      
28.4337        0.157895       0.135159       
28.4337        0.236842       0.201909       
28.4337        0.315789       0.26811        
28.4337        0.394737       0.333766       
28.4337        0.473684       0.398881       
28.4337        0.552632       0.463457       
28.4337        0.631579       0.527498       
28.4337        0.710526       0.591008       
28.4337        0.789474       0.653989       
28.4337        0.868421       0.716446       
28.4337        0.947368       0.778382       
28.4337        1.02632        0.839801       
28.4337        1.10526        0.900706       
28.4337        1.18421        0.961101       
28.4337        1.26316        1.02099        
28.4337        1.34211        1.08037        
28.4337        1.42105        1.13926        
28.4337        1.5            1.19765        
28.6228        0              0              
28.6228        0.0789474      0.0678164      
28.6228        0.157895       0.135081       
28.6228        0.236842       0.201796       
28.6228        0.315789       0.267966       
28.6228        0.394737       0.333593       
28.6228        0.473684       0.398681       
28.6228        0.552632       0.463233       
28.6228        0.631579       0.527254       
28.6228        0.710526       0.590745       
28.6228        0.789474       0.653711       
28.6228        0.868421       0.716155       
28.6228        0.947368       0.778081       
28.6228        1.02632        0.839492       
28.6228        1.10526        0.900391       
28.6228        1.18421        0.960783       
28.6228        1.26316        1.02067        
28.6228        1.34211        1.08006        
28.6228        1.42105        1.13895        
28.6228        1.5            1.19735        
28.812         0              0              
28.812         0.0789474      0.0677751      
28.812         0.157895       0.135001       
28.812         0.236842       0.20168        
28.812         0.315789       0.267817       
28.812         0.394737       0.333414       
28.812         0.473684       0.398475       
28.812         0.552632       0.463003       
28.812         0.631579       0.527001       
28.812         0.710526       0.590473       
28.812         0.789474       0.653423       
28.812         0.868421       0.715853       
28.812         0.947368       0.777767       
28.812         1.02632        0.839169       
28.812         1.10526        0.900062       
28.812         1.18421        0.96045        
28.812         1.26316        1.02034        
28.812         1.34211        1.07972        
28.812         1.42105        1.13862        
28.812         1.5            1.19702        
29.0011        0              0              
29.0011        0.0789474      0.0677329      
29.0011        0.157895       0.134919       
29.0011        0.236842       0.201562       
29.0011        0.315789       0.267665       
29.0011        0.394737       0.333231       
29.0011        0.473684       0.398264       
29.0011        0.552632       0.462766       
29.0011        0.631579       0.526742       
29.0011        0.710526       0.590193       
29.0011        0.789474       0.653125       
29.0011        0.868421       0.71554        
29.0011        0.947368       0.777442       
29.0011        1.02632        0.838833       
29.0011        1.10526        0.899719       
29.0011        1.18421        0.960102       
29.0011        1.26316        1.01999        
29.0011        1.34211        1.07937        
29.0011        1.42105        1.13827        
29.0011        1.5            1.19668        
29.1903        0              0              
29.1903        0.0789474      0.0676899      
29.1903        0.157895       0.134836       
29.1903        0.236842       0.201442       
29.1903        0.315789       0.26751        
29.1903        0.394737       0.333044       
29.1903        0.473684       0.398048       
29.1903        0.552632       0.462523       
29.1903        0.631579       0.526475       
29.1903        0.710526       0.589905       
29.1903        0.789474       0.652818       
29.1903        0.868421       0.715217       
29.1903        0.947368       0.777105       
29.1903        1.02632        0.838486       
29.1903        1.10526        0.899363       
29.1903        1.18421        0.95974        
29.1903        1.26316        1.01962        
29.1903        1.34211        1.07901        
29.1903        1.42105        1.1379         
29.1903        1.5            1.19631        
29.3795        0              0              
29.3795        0.0789474      0.0676462      
29.3795        0.157895       0.134751       
29.3795        0.236842       0.201319       
29.3795        0.315789       0.267352       
29.3795        0.394737       0.332853       
29.3795        0.473684       0.397826       
29.3795        0.552632       0.462274       
29.3795        0.631579       0.526201       
29.3795        0.710526       0.589609       
29.3795        0.789474       0.652503       
29.3795        0.868421       0.714884       
29.3795        0.947368       0.776758       
29.3795        1.02632        0.838127       
29.3795        1.10526        0.898994       
29.3795        1.18421        0.959364       
29.3795        1.26316        1.01924        
29.3795        1.34211        1.07862        
29.3795        1.42105        1.13752        
29.3795        1.5            1.19593        
29.5686        0              0              
29.5686        0.0789474      0.0676017      
29.5686        0.157895       0.134665       
29.5686        0.236842       0.201194       
29.5686        0.315789       0.26719        
29.5686        0.394737       0.332658       
29.5686        0.473684       0.3976         
29.5686        0.552632       0.46202        
29.5686        0.631579       0.525921       
29.5686        0.710526       0.589306       
29.5686        0.789474       0.652179       
29.5686        0.868421       0.714543       
29.5686        0.947368       0.776401       
29.5686        1.02632        0.837756       
29.5686        1.10526        0.898613       
29.5686        1.18421        0.958975       
29.5686        1.26316        1.01884        
29.5686        1.34211        1.07822        
29.5686        1.42105        1.13712        
29.5686        1.5            1.19553        
29.7578        0              0              
29.7578        0.0789474      0.0675565      
29.7578        0.157895       0.134578       
29.7578        0.236842       0.201066       
29.7578        0.315789       0.267026       
29.7578        0.394737       0.332459       
29.7578        0.473684       0.39737        
29.7578        0.552632       0.46176        
29.7578        0.631579       0.525635       
29.7578        0.710526       0.588996       
29.7578        0.789474       0.651847       
29.7578        0.868421       0.714192       
29.7578        0.947368       0.776034       
29.7578        1.02632        0.837376       
29.7578        1.10526        0.898221       
29.7578        1.18421        0.958573       
29.7578        1.26316        1.01844        
29.7578        1.34211        1.07781        
29.7578        1.42105        1.1367         
29.7578        1.5            1.19512        
29.9469        0              0              
29.9469        0.0789474      0.0675107      
29.9469        0.157895       0.134489       
29.9469        0.236842       0.200937       
29.9469        0.315789       0.266859       
29.9469        0.394737       0.332257       
29.9469        0.473684       0.397135       
29.9469        0.552632       0.461496       
29.9469        0.631579       0.525343       
29.9469        0.710526       0.588679       
29.9469        0.789474       0.651508       
29.9469        0.868421       0.713833       
29.9469        0.947368       0.775658       
29.9469        1.02632        0.836985       
29.9469        1.10526        0.897817       
29.9469        1.18421        0.95816        
29.9469        1.26316        1.01801        
29.9469        1.34211        1.07739        
29.9469        1.42105        1.13628        
29.9469        1.5            1.19469        
30.1361        0              0              
30.1361        0.0789474      0.0674642      
30.1361        0.157895       0.134398       
30.1361        0.236842       0.200806       
30.1361        0.315789       0.266689       
30.1361        0.394737       0.332051       
30.1361        0.473684       0.396896       
30.1361        0.552632       0.461226       
30.1361        0.631579       0.525045       
30.1361        0.710526       0.588356       
30.1361        0.789474       0.651162       
30.1361        0.868421       0.713467       
30.1361        0.947368       0.775273       
30.1361        1.02632        0.836584       
30.1361        1.10526        0.897404       
30.1361        1.18421        0.957735       
30.1361        1.26316        1.01758        
30.1361        1.34211        1.07695        
30.1361        1.42105        1.13583        
30.1361        1.5            1.19424        
30.3253        0              0              
30.3253        0.0789474      0.0674171      
30.3253        0.157895       0.134307       
30.3253        0.236842       0.200672       
30.3253        0.315789       0.266517       
30.3253        0.394737       0.331842       
30.3253        0.473684       0.396653       
30.3253        0.552632       0.460952       
30.3253        0.631579       0.524742       
30.3253        0.710526       0.588027       
30.3253        0.789474       0.650809       
30.3253        0.868421       0.713092       
30.3253        0.947368       0.77488        
30.3253        1.02632        0.836174       
30.3253        1.10526        0.89698        
30.3253        1.18421        0.957299       
30.3253        1.26316        1.01714        
30.3253        1.34211        1.07649        
30.3253        1.42105        1.13537        
30.3253        1.5            1.19378        
30.5144        0              0              
30.5144        0.0789474      0.0673695      
30.5144        0.157895       0.134214       
30.5144        0.236842       0.200537       
30.5144        0.315789       0.266342       
30.5144        0.394737       0.331631       
30.5144        0.473684       0.396407       
30.5144        0.552632       0.460674       
30.5144        0.631579       0.524435       
30.5144        0.710526       0.587692       
30.5144        0.789474       0.65045        
30.5144        0.868421       0.712711       
30.5144        0.947368       0.774478       
30.5144        1.02632        0.835756       
30.5144        1.10526        0.896546       
30.5144        1.18421        0.956853       
30.5144        1.26316        1.01668        
30.5144        1.34211        1.07603        
30.5144        1.42105        1.1349         
30.5144        1.5            1.19331        
30.7036        0              0              
30.7036        0.0789474      0.0673214      
30.7036        0.157895       0.134121       
30.7036        0.236842       0.200401       
30.7036        0.315789       0.266165       
30.7036        0.394737       0.331416       
30.7036        0.473684       0.396157       
30.7036        0.552632       0.460391       
30.7036        0.631579       0.524122       
30.7036        0.710526       0.587352       
30.7036        0.789474       0.650084       
30.7036        0.868421       0.712322       
30.7036        0.947368       0.77407        
30.7036        1.02632        0.835329       
30.7036        1.10526        0.896104       
30.7036        1.18421        0.956397       
30.7036        1.26316        1.01621        
30.7036        1.34211        1.07555        
30.7036        1.42105        1.13442        
30.7036        1.5            1.19282        
30.8927        0              0              
30.8927        0.0789474      0.0672727      
30.8927        0.157895       0.134026       
30.8927        0.236842       0.200263       
30.8927        0.315789       0.265986       
30.8927        0.394737       0.331199       
30.8927        0.473684       0.395904       
30.8927        0.552632       0.460105       
30.8927        0.631579       0.523805       
30.8927        0.710526       0.587006       
30.8927        0.789474       0.649713       
30.8927        0.868421       0.711927       
30.8927        0.947368       0.773653       
30.8927        1.02632        0.834894       
30.8927        1.10526        0.895652       
30.8927        1.18421        0.955931       
30.8927        1.26316        1.01573        
30.8927        1.34211        1.07507        
30.8927        1.42105        1.13393        
30.8927        1.5            1.19232        
31.0819        0              0              
31.0819        0.0789474      0.0672236      
31.0819        0.157895       0.13393        
31.0819        0.236842       0.200123       
31.0819        0.315789       0.265805       
31.0819        0.394737       0.330979       
31.0819        0.473684       0.395648       
31.0819        0.552632       0.459815       
31.0819        0.631579       0.523483       
31.0819        0.710526       0.586656       
31.0819        0.789474       0.649336       
31.0819        0.868421       0.711526       
31.0819        0.947368       0.77323        
31.0819        1.02632        0.834451       
31.0819        1.10526        0.895192       
31.0819        1.18421        0.955457       
31.0819        1.26316        1.01525        
31.0819        1.34211        1.07457        
31.0819        1.42105        1.13342        
31.0819        1.5            1.19181        
31.271         0              0              
31.271         0.0789474      0.067174       
31.271         0.157895       0.133834       
31.271         0.236842       0.199982       
31.271         0.315789       0.265622       
31.271         0.394737       0.330756       
31.271         0.473684       0.395389       
31.271         0.552632       0.459521       
31.271         0.631579       0.523157       
31.271         0.710526       0.5863         
31.271         0.789474       0.648953       
31.271         0.868421       0.711119       
31.271         0.947368       0.7728         
31.271         1.02632        0.834001       
31.271         1.10526        0.894725       
31.271         1.18421        0.954973       
31.271         1.26316        1.01475        
31.271         1.34211        1.07406        
31.271         1.42105        1.1329         
31.271         1.5            1.19129        
31.4602        0              0              
31.4602        0.0789474      0.0671241      
31.4602        0.157895       0.133736       
31.4602        0.236842       0.19984        
31.4602        0.315789       0.265437       
31.4602        0.394737       0.330532       
31.4602        0.473684       0.395126       
31.4602        0.552632       0.459224       
31.4602        0.631579       0.522828       
31.4602        0.710526       0.58594        
31.4602        0.789474       0.648565       
31.4602        0.868421       0.710706       
31.4602        0.947368       0.772364       
31.4602        1.02632        0.833544       
31.4602        1.10526        0.894249       
31.4602        1.18421        0.954482       
31.4602        1.26316        1.01424        
31.4602        1.34211        1.07354        
31.4602        1.42105        1.13238        
31.4602        1.5            1.19075        
31.6494        0              0              
31.6494        0.0789474      0.0670737      
31.6494        0.157895       0.133638       
31.6494        0.236842       0.199696       
31.6494        0.315789       0.265251       
31.6494        0.394737       0.330305       
31.6494        0.473684       0.394862       
31.6494        0.552632       0.458924       
31.6494        0.631579       0.522494       
31.6494        0.710526       0.585576       
31.6494        0.789474       0.648173       
31.6494        0.868421       0.710287       
31.6494        0.947368       0.771922       
31.6494        1.02632        0.833081       
31.6494        1.10526        0.893766       
31.6494        1.18421        0.953982       
31.6494        1.26316        1.01373        
31.6494        1.34211        1.07302        
31.6494        1.42105        1.13184        
31.6494        1.5            1.19021        
31.8385        0              0              
31.8385        0.0789474      0.0670229      
31.8385        0.157895       0.133539       
31.8385        0.236842       0.199551       
31.8385        0.315789       0.265063       
31.8385        0.394737       0.330076       
31.8385        0.473684       0.394594       
31.8385        0.552632       0.45862        
31.8385        0.631579       0.522157       
31.8385        0.710526       0.585208       
31.8385        0.789474       0.647776       
31.8385        0.868421       0.709864       
31.8385        0.947368       0.771474       
31.8385        1.02632        0.832611       
31.8385        1.10526        0.893277       
31.8385        1.18421        0.953475       
31.8385        1.26316        1.01321        
31.8385        1.34211        1.07248        
31.8385        1.42105        1.13129        
31.8385        1.5            1.18965        
32.0277        0              0              
32.0277        0.0789474      0.0669718      
32.0277        0.157895       0.133439       
32.0277        0.236842       0.199405       
32.0277        0.315789       0.264873       
32.0277        0.394737       0.329845       
32.0277        0.473684       0.394325       
32.0277        0.552632       0.458314       
32.0277        0.631579       0.521817       
32.0277        0.710526       0.584836       
32.0277        0.789474       0.647374       
32.0277        0.868421       0.709435       
32.0277        0.947368       0.771021       
32.0277        1.02632        0.832135       
32.0277        1.10526        0.89278        
32.0277        1.18421        0.95296        
32.0277        1.26316        1.01268        
32.0277        1.34211        1.07194        
32.0277        1.42105        1.13074        
32.0277        1.5            1.18908        
32.2168        0              0              
32.2168        0.0789474      0.0669203      
32.2168        0.157895       0.133339       
32.2168        0.236842       0.199259       
32.2168        0.315789       0.264682       
32.2168        0.394737       0.329612       
32.2168        0.473684       0.394053       
32.2168        0.552632       0.458005       
32.2168        0.631579       0.521474       
32.2168        0.710526       0.58446        
32.2168        0.789474       0.646969       
32.2168        0.868421       0.709002       
32.2168        0.947368       0.770562       
32.2168        1.02632        0.831653       
32.2168        1.10526        0.892277       
32.2168        1.18421        0.952439       
32.2168        1.26316        1.01214        
32.2168        1.34211        1.07138        
32.2168        1.42105        1.13017        
32.2168        1.5            1.18851        
32.406         0              0              
32.406         0.0789474      0.0668686      
32.406         0.157895       0.133238       
32.406         0.236842       0.199111       
32.406         0.315789       0.26449        
32.406         0.394737       0.329378       
32.406         0.473684       0.393778       
32.406         0.552632       0.457694       
32.406         0.631579       0.521127       
32.406         0.710526       0.584081       
32.406         0.789474       0.646559       
32.406         0.868421       0.708564       
32.406         0.947368       0.770098       
32.406         1.02632        0.831166       
32.406         1.10526        0.891769       
32.406         1.18421        0.95191        
32.406         1.26316        1.01159        
32.406         1.34211        1.07082        
32.406         1.42105        1.1296         
32.406         1.5            1.18793        
32.5952        0              0              
32.5952        0.0789474      0.0668165      
32.5952        0.157895       0.133136       
32.5952        0.236842       0.198962       
32.5952        0.315789       0.264296       
32.5952        0.394737       0.329142       
32.5952        0.473684       0.393502       
32.5952        0.552632       0.45738        
32.5952        0.631579       0.520778       
32.5952        0.710526       0.583699       
32.5952        0.789474       0.646146       
32.5952        0.868421       0.708122       
32.5952        0.947368       0.76963        
32.5952        1.02632        0.830673       
32.5952        1.10526        0.891254       
32.5952        1.18421        0.951376       
32.5952        1.26316        1.01104        
32.5952        1.34211        1.07025        
32.5952        1.42105        1.12902        
32.5952        1.5            1.18733        
32.7843        0              0              
32.7843        0.0789474      0.0667641      
32.7843        0.157895       0.133034       
32.7843        0.236842       0.198812       
32.7843        0.315789       0.264101       
32.7843        0.394737       0.328904       
32.7843        0.473684       0.393224       
32.7843        0.552632       0.457063       
32.7843        0.631579       0.520425       
32.7843        0.710526       0.583313       
32.7843        0.789474       0.645729       
32.7843        0.868421       0.707676       
32.7843        0.947368       0.769157       
32.7843        1.02632        0.830175       
32.7843        1.10526        0.890734       
32.7843        1.18421        0.950835       
32.7843        1.26316        1.01048        
32.7843        1.34211        1.06968        
32.7843        1.42105        1.12843        
32.7843        1.5            1.18673        
32.9735        0              0              
32.9735        0.0789474      0.0667115      
32.9735        0.157895       0.132931       
32.9735        0.236842       0.198661       
32.9735        0.315789       0.263905       
32.9735        0.394737       0.328665       
32.9735        0.473684       0.392944       
32.9735        0.552632       0.456745       
32.9735        0.631579       0.52007        
32.9735        0.710526       0.582924       
32.9735        0.789474       0.645308       
32.9735        0.868421       0.707226       
32.9735        0.947368       0.768679       
32.9735        1.02632        0.829673       
32.9735        1.10526        0.890208       
32.9735        1.18421        0.950289       
32.9735        1.26316        1.00992        
32.9735        1.34211        1.0691         
32.9735        1.42105        1.12783        
32.9735        1.5            1.18612        
33.1626        0              0              
33.1626        0.0789474      0.0666587      
33.1626        0.157895       0.132828       
33.1626        0.236842       0.19851        
33.1626        0.315789       0.263708       
33.1626        0.394737       0.328424       
33.1626        0.473684       0.392662       
33.1626        0.552632       0.456424       
33.1626        0.631579       0.519713       
33.1626        0.710526       0.582532       
33.1626        0.789474       0.644884       
33.1626        0.868421       0.706772       
33.1626        0.947368       0.768198       
33.1626        1.02632        0.829166       
33.1626        1.10526        0.889678       
33.1626        1.18421        0.949737       
33.1626        1.26316        1.00935        
33.1626        1.34211        1.06851        
33.1626        1.42105        1.12723        
33.1626        1.5            1.18551        
33.3518        0              0              
33.3518        0.0789474      0.0666056      
33.3518        0.157895       0.132724       
33.3518        0.236842       0.198358       
33.3518        0.315789       0.263509       
33.3518        0.394737       0.328182       
33.3518        0.473684       0.392378       
33.3518        0.552632       0.456101       
33.3518        0.631579       0.519354       
33.3518        0.710526       0.582138       
33.3518        0.789474       0.644457       
33.3518        0.868421       0.706315       
33.3518        0.947368       0.767713       
33.3518        1.02632        0.828654       
33.3518        1.10526        0.889142       
33.3518        1.18421        0.94918        
33.3518        1.26316        1.00877        
33.3518        1.34211        1.06791        
33.3518        1.42105        1.12662        
33.3518        1.5            1.18488        
33.5409        0              0              
33.5409        0.0789474      0.0665523      
33.5409        0.157895       0.13262        
33.5409        0.236842       0.198205       
33.5409        0.315789       0.26331        
33.5409        0.394737       0.327939       
33.5409        0.473684       0.392093       
33.5409        0.552632       0.455777       
33.5409        0.631579       0.518992       
33.5409        0.710526       0.581741       
33.5409        0.789474       0.644027       
33.5409        0.868421       0.705854       
33.5409        0.947368       0.767223       
33.5409        1.02632        0.828139       
33.5409        1.10526        0.888602       
33.5409        1.18421        0.948618       
33.5409        1.26316        1.00819        
33.5409        1.34211        1.06731        
33.5409        1.42105        1.126          
33.5409        1.5            1.18425        
33.7301        0              0              
33.7301        0.0789474      0.0664988      
33.7301        0.157895       0.132515       
33.7301        0.236842       0.198051       
33.7301        0.315789       0.26311        
33.7301        0.394737       0.327694       
33.7301        0.473684       0.391807       
33.7301        0.552632       0.45545        
33.7301        0.631579       0.518628       
33.7301        0.710526       0.581342       
33.7301        0.789474       0.643595       
33.7301        0.868421       0.70539        
33.7301        0.947368       0.766731       
33.7301        1.02632        0.827619       
33.7301        1.10526        0.888058       
33.7301        1.18421        0.94805        
33.7301        1.26316        1.0076         
33.7301        1.34211        1.06671        
33.7301        1.42105        1.12538        
33.7301        1.5            1.18361        
33.9193        0              0              
33.9193        0.0789474      0.0664452      
33.9193        0.157895       0.13241        
33.9193        0.236842       0.197897       
33.9193        0.315789       0.262909       
33.9193        0.394737       0.327449       
33.9193        0.473684       0.391519       
33.9193        0.552632       0.455122       
33.9193        0.631579       0.518262       
33.9193        0.710526       0.58094        
33.9193        0.789474       0.64316        
33.9193        0.868421       0.704924       
33.9193        0.947368       0.766235       
33.9193        1.02632        0.827096       
33.9193        1.10526        0.887509       
33.9193        1.18421        0.947479       
33.9193        1.26316        1.00701        
33.9193        1.34211        1.0661         
33.9193        1.42105        1.12475        
33.9193        1.5            1.18297        
34.1084        0              0              
34.1084        0.0789474      0.0663913      
34.1084        0.157895       0.132305       
34.1084        0.236842       0.197742       
34.1084        0.315789       0.262707       
34.1084        0.394737       0.327202       
34.1084        0.473684       0.39123        
34.1084        0.552632       0.454793       
34.1084        0.631579       0.517894       
34.1084        0.710526       0.580536       
34.1084        0.789474       0.642722       
34.1084        0.868421       0.704454       
34.1084        0.947368       0.765735       
34.1084        1.02632        0.826569       
34.1084        1.10526        0.886957       
34.1084        1.18421        0.946903       
34.1084        1.26316        1.00641        
34.1084        1.34211        1.06548        
34.1084        1.42105        1.12411        
34.1084        1.5            1.18232        
34.2976        0              0              
34.2976        0.0789474      0.0663373      
34.2976        0.157895       0.132199       
34.2976        0.236842       0.197587       
34.2976        0.315789       0.262505       
34.2976        0.394737       0.326955       
34.2976        0.473684       0.39094        
34.2976        0.552632       0.454462       
34.2976        0.631579       0.517525       
34.2976        0.710526       0.58013        
34.2976        0.789474       0.642282       
34.2976        0.868421       0.703982       
34.2976        0.947368       0.765233       
34.2976        1.02632        0.826038       
34.2976        1.10526        0.886401       
34.2976        1.18421        0.946323       
34.2976        1.26316        1.00581        
34.2976        1.34211        1.06486        
34.2976        1.42105        1.12347        
34.2976        1.5            1.18166        
34.4867        0              0              
34.4867        0.0789474      0.0662831      
34.4867        0.157895       0.132093       
34.4867        0.236842       0.197431       
34.4867        0.315789       0.262302       
34.4867        0.394737       0.326706       
34.4867        0.473684       0.390648       
34.4867        0.552632       0.454129       
34.4867        0.631579       0.517153       
34.4867        0.710526       0.579722       
34.4867        0.789474       0.641839       
34.4867        0.868421       0.703507       
34.4867        0.947368       0.764728       
34.4867        1.02632        0.825505       
34.4867        1.10526        0.885841       
34.4867        1.18421        0.945738       
34.4867        1.26316        1.0052         
34.4867        1.34211        1.06423        
34.4867        1.42105        1.12283        
34.4867        1.5            1.181          
34.6759        0              0              
34.6759        0.0789474      0.0662289      
34.6759        0.157895       0.131986       
34.6759        0.236842       0.197275       
34.6759        0.315789       0.262098       
34.6759        0.394737       0.326457       
34.6759        0.473684       0.390355       
34.6759        0.552632       0.453796       
34.6759        0.631579       0.516781       
34.6759        0.710526       0.579313       
34.6759        0.789474       0.641395       
34.6759        0.868421       0.70303        
34.6759        0.947368       0.76422        
34.6759        1.02632        0.824968       
34.6759        1.10526        0.885278       
34.6759        1.18421        0.94515        
34.6759        1.26316        1.00459        
34.6759        1.34211        1.0636         
34.6759        1.42105        1.12218        
34.6759        1.5            1.18033        
34.8651        0              0              
34.8651        0.0789474      0.0661744      
34.8651        0.157895       0.13188        
34.8651        0.236842       0.197118       
34.8651        0.315789       0.261893       
34.8651        0.394737       0.326207       
34.8651        0.473684       0.390062       
34.8651        0.552632       0.453461       
34.8651        0.631579       0.516406       
34.8651        0.710526       0.578901       
34.8651        0.789474       0.640948       
34.8651        0.868421       0.70255        
34.8651        0.947368       0.763709       
34.8651        1.02632        0.824429       
34.8651        1.10526        0.884711       
34.8651        1.18421        0.944559       
34.8651        1.26316        1.00398        
34.8651        1.34211        1.06296        
34.8651        1.42105        1.12152        
34.8651        1.5            1.17966        
35.0542        0              0              
35.0542        0.0789474      0.0661199      
35.0542        0.157895       0.131773       
35.0542        0.236842       0.196961       
35.0542        0.315789       0.261688       
35.0542        0.394737       0.325956       
35.0542        0.473684       0.389767       
35.0542        0.552632       0.453125       
35.0542        0.631579       0.516031       
35.0542        0.710526       0.578488       
35.0542        0.789474       0.6405         
35.0542        0.868421       0.702068       
35.0542        0.947368       0.763196       
35.0542        1.02632        0.823886       
35.0542        1.10526        0.884141       
35.0542        1.18421        0.943964       
35.0542        1.26316        1.00336        
35.0542        1.34211        1.06232        
35.0542        1.42105        1.12086        
35.0542        1.5            1.17898        
35.2434        0              0              
35.2434        0.0789474      0.0660653      
35.2434        0.157895       0.131666       
35.2434        0.236842       0.196804       
35.2434        0.315789       0.261483       
35.2434        0.394737       0.325704       
35.2434        0.473684       0.389472       
35.2434        0.552632       0.452787       
35.2434        0.631579       0.515654       
35.2434        0.710526       0.578074       
35.2434        0.789474       0.64005        
35.2434        0.868421       0.701585       
35.2434        0.947368       0.762681       
35.2434        1.02632        0.823341       
35.2434        1.10526        0.883569       
35.2434        1.18421        0.943366       
35.2434        1.26316        1.00273        
35.2434        1.34211        1.06168        
35.2434        1.42105        1.1202         
35.2434        1.5            1.1783         
35.4325        0              0              
35.4325        0.0789474      0.0660106      
35.4325        0.157895       0.131558       
35.4325        0.236842       0.196646       
35.4325        0.315789       0.261277       
35.4325        0.394737       0.325452       
35.4325        0.473684       0.389176       
35.4325        0.552632       0.452449       
35.4325        0.631579       0.515276       
35.4325        0.710526       0.577658       
35.4325        0.789474       0.639598       
35.4325        0.868421       0.701099       
35.4325        0.947368       0.762163       
35.4325        1.02632        0.822794       
35.4325        1.10526        0.882993       
35.4325        1.18421        0.942764       
35.4325        1.26316        1.00211        
35.4325        1.34211        1.06103        
35.4325        1.42105        1.11953        
35.4325        1.5            1.17762        
35.6217        0              0              
35.6217        0.0789474      0.0659557      
35.6217        0.157895       0.131451       
35.6217        0.236842       0.196488       
35.6217        0.315789       0.26107        
35.6217        0.394737       0.3252         
35.6217        0.473684       0.388879       
35.6217        0.552632       0.45211        
35.6217        0.631579       0.514896       
35.6217        0.710526       0.57724        
35.6217        0.789474       0.639144       
35.6217        0.868421       0.700611       
35.6217        0.947368       0.761644       
35.6217        1.02632        0.822244       
35.6217        1.10526        0.882415       
35.6217        1.18421        0.94216        
35.6217        1.26316        1.00148        
35.6217        1.34211        1.06038        
35.6217        1.42105        1.11886        
35.6217        1.5            1.17692        
35.8108        0              0              
35.8108        0.0789474      0.0659009      
35.8108        0.157895       0.131343       
35.8108        0.236842       0.19633        
35.8108        0.315789       0.260864       
35.8108        0.394737       0.324946       
35.8108        0.473684       0.388581       
35.8108        0.552632       0.45177        
35.8108        0.631579       0.514516       
35.8108        0.710526       0.576822       
35.8108        0.789474       0.638689       
35.8108        0.868421       0.700122       
35.8108        0.947368       0.761122       
35.8108        1.02632        0.821692       
35.8108        1.10526        0.881835       
35.8108        1.18421        0.941553       
35.8108        1.26316        1.00085        
35.8108        1.34211        1.05973        
35.8108        1.42105        1.11818        
35.8108        1.5            1.17623        
36             0              0              
36             0.0789474      0.0658459      
36             0.157895       0.131236       
36             0.236842       0.196172       
36             0.315789       0.260656       
36             0.394737       0.324692       
36             0.473684       0.388282       
36             0.552632       0.451429       
36             0.631579       0.514135       
36             0.710526       0.576402       
36             0.789474       0.638233       
36             0.868421       0.699631       
36             0.947368       0.760599       
36             1.02632        0.821138       
36             1.10526        0.881252       
36             1.18421        0.940943       
36             1.26316        1.00021        
36             1.34211        1.05907        
36             1.42105        1.11751        
36             1.5            1.17553        
