17.2741   36        100       0         1.5       20        
17.2741        0              0              
17.2741        0.0789474      0.436985       
17.2741        0.157895       0.862701       
17.2741        0.236842       1.27749        
17.2741        0.315789       1.68168        
17.2741        0.394737       2.0756         
17.2741        0.473684       2.45958        
17.2741        0.552632       2.8339         
17.2741        0.631579       3.19889        
17.2741        0.710526       3.55482        
17.2741        0.789474       3.90198        
17.2741        0.868421       4.24063        
17.2741        0.947368       4.57105        
17.2741        1.02632        4.89348        
17.2741        1.10526        5.20818        
17.2741        1.18421        5.51537        
17.2741        1.26316        5.8153         
17.2741        1.34211        6.10817        
17.2741        1.42105        6.3942         
17.2741        1.5            6.67361        
17.4632        0              0              
17.4632        0.0789474      0.339868       
17.4632        0.157895       0.673919       
17.4632        0.236842       1.00208        
17.4632        0.315789       1.32432        
17.4632        0.394737       1.64062        
17.4632        0.473684       1.95099        
17.4632        0.552632       2.25546        
17.4632        0.631579       2.55408        
17.4632        0.710526       2.8469         
17.4632        0.789474       3.134          
17.4632        0.868421       3.41545        
17.4632        0.947368       3.69134        
17.4632        1.02632        3.96174        
17.4632        1.10526        4.22677        
17.4632        1.18421        4.48651        
17.4632        1.26316        4.74106        
17.4632        1.34211        4.99053        
17.4632        1.42105        5.23501        
17.4632        1.5            5.47462        
17.6524        0              0              
17.6524        0.0789474      0.277639       
17.6524        0.157895       0.552439       
17.6524        0.236842       0.824143       
17.6524        0.315789       1.09254        
17.6524        0.394737       1.35746        
17.6524        0.473684       1.61877        
17.6524        0.552632       1.87636        
17.6524        0.631579       2.13015        
17.6524        0.710526       2.38008        
17.6524        0.789474       2.62612        
17.6524        0.868421       2.86823        
17.6524        0.947368       3.10641        
17.6524        1.02632        3.34066        
17.6524        1.10526        3.57099        
17.6524        1.18421        3.79743        
17.6524        1.26316        4.01999        
17.6524        1.34211        4.23871        
17.6524        1.42105        4.45364        
17.6524        1.5            4.66481        
17.8415        0              0              
17.8415        0.0789474      0.226339       
17.8415        0.157895       0.45204        
17.8415        0.236842       0.676728       
17.8415        0.315789       0.900083       
17.8415        0.394737       1.12183        
17.8415        0.473684       1.34174        
17.8415        0.552632       1.55961        
17.8415        0.631579       1.77527        
17.8415        0.710526       1.9886         
17.8415        0.789474       2.19946        
17.8415        0.868421       2.40777        
17.8415        0.947368       2.61344        
17.8415        1.02632        2.81643        
17.8415        1.10526        3.01667        
17.8415        1.18421        3.21413        
17.8415        1.26316        3.40879        
17.8415        1.34211        3.60063        
17.8415        1.42105        3.78964        
17.8415        1.5            3.97583        
18.0307        0              0              
18.0307        0.0789474      0.182593       
18.0307        0.157895       0.366241       
18.0307        0.236842       0.550494       
18.0307        0.315789       0.734957       
18.0307        0.394737       0.919288       
18.0307        0.473684       1.10319        
18.0307        0.552632       1.28639        
18.0307        0.631579       1.46867        
18.0307        0.710526       1.64984        
18.0307        0.789474       1.82972        
18.0307        0.868421       2.00816        
18.0307        0.947368       2.18504        
18.0307        1.02632        2.36025        
18.0307        1.10526        2.5337         
18.0307        1.18421        2.7053         
18.0307        1.26316        2.875          
18.0307        1.34211        3.04274        
18.0307        1.42105        3.20847        
18.0307        1.5            3.37215        
18.2198        0              0              
18.2198        0.0789474      0.144688       
18.2198        0.157895       0.291756       
18.2198        0.236842       0.440706       
18.2198        0.315789       0.591094       
18.2198        0.394737       0.742532       
18.2198        0.473684       0.894673       
18.2198        0.552632       1.04721        
18.2198        0.631579       1.19988        
18.2198        0.710526       1.35244        
18.2198        0.789474       1.50468        
18.2198        0.868421       1.65641        
18.2198        0.947368       1.80748        
18.2198        1.02632        1.95773        
18.2198        1.10526        2.10704        
18.2198        1.18421        2.2553         
18.2198        1.26316        2.40242        
18.2198        1.34211        2.54831        
18.2198        1.42105        2.69289        
18.2198        1.5            2.8361         
18.409         0              0              
18.409         0.0789474      0.111508       
18.409         0.157895       0.226442       
18.409         0.236842       0.344275       
18.409         0.315789       0.464533       
18.409         0.394737       0.586795       
18.409         0.473684       0.710687       
18.409         0.552632       0.835873       
18.409         0.631579       0.962052       
18.409         0.710526       1.08896        
18.409         0.789474       1.21635        
18.409         0.868421       1.34402        
18.409         0.947368       1.47177        
18.409         1.02632        1.59943        
18.409         1.10526        1.72686        
18.409         1.18421        1.85391        
18.409         1.26316        1.98046        
18.409         1.34211        2.10641        
18.409         1.42105        2.23166        
18.409         1.5            2.35613        
18.5981        0              0              
18.5981        0.0789474      0.0822439      
18.5981        0.157895       0.168745       
18.5981        0.236842       0.258958       
18.5981        0.315789       0.352392       
18.5981        0.394737       0.448609       
18.5981        0.473684       0.547213       
18.5981        0.552632       0.647848       
18.5981        0.631579       0.750195       
18.5981        0.710526       0.853966       
18.5981        0.789474       0.958902       
18.5981        0.868421       1.06477        
18.5981        0.947368       1.17135        
18.5981        1.02632        1.27847        
18.5981        1.10526        1.38594        
18.5981        1.18421        1.49362        
18.5981        1.26316        1.60136        
18.5981        1.34211        1.70904        
18.5981        1.42105        1.81654        
18.5981        1.5            1.92378        
18.7873        0              0              
18.7873        0.0789474      0.0562784      
18.7873        0.157895       0.117474       
18.7873        0.236842       0.183034       
18.7873        0.315789       0.25246        
18.7873        0.394737       0.325302       
18.7873        0.473684       0.401154       
18.7873        0.552632       0.479649       
18.7873        0.631579       0.560453       
18.7873        0.710526       0.643264       
18.7873        0.789474       0.727809       
18.7873        0.868421       0.81384        
18.7873        0.947368       0.901131       
18.7873        1.02632        0.989479       
18.7873        1.10526        1.0787         
18.7873        1.18421        1.16862        
18.7873        1.26316        1.25908        
18.7873        1.34211        1.34996        
18.7873        1.42105        1.44112        
18.7873        1.5            1.53244        
18.9764        0              0              
18.9764        0.0789474      0.0331227      
18.9764        0.157895       0.0716858      
18.9764        0.236842       0.115137       
18.9764        0.315789       0.162977       
18.9764        0.394737       0.214751       
18.9764        0.473684       0.270048       
18.9764        0.552632       0.328493       
18.9764        0.631579       0.389745       
18.9764        0.710526       0.453494       
18.9764        0.789474       0.519459       
18.9764        0.868421       0.58738        
18.9764        0.947368       0.657022       
18.9764        1.02632        0.728171       
18.9764        1.10526        0.80063        
18.9764        1.18421        0.87422        
18.9764        1.26316        0.948777       
18.9764        1.34211        1.02415        
18.9764        1.42105        1.10021        
18.9764        1.5            1.17681        
19.1656        0              0              
19.1656        0.0789474      0.0123823      
19.1656        0.157895       0.0306189      
19.1656        0.236842       0.0541632      
19.1656        0.315789       0.0825179      
19.1656        0.394737       0.11523        
19.1656        0.473684       0.151887       
19.1656        0.552632       0.192111       
19.1656        0.631579       0.23556        
19.1656        0.710526       0.281917       
19.1656        0.789474       0.330894       
19.1656        0.868421       0.382229       
19.1656        0.947368       0.435678       
19.1656        1.02632        0.49102        
19.1656        1.10526        0.548051       
19.1656        1.18421        0.606585       
19.1656        1.26316        0.66645        
19.1656        1.34211        0.727487       
19.1656        1.42105        0.789551       
19.1656        1.5            0.85251        
19.3547        0              0              
19.3547        0.0789474      -0.00626649    
19.3547        0.157895       -0.00635336    
19.3547        0.236842       -0.00079856    
19.3547        0.315789       0.00990696     
19.3547        0.394737       0.0253146      
19.3547        0.473684       0.0450138      
19.3547        0.552632       0.0686288      
19.3547        0.631579       0.0958147      
19.3547        0.710526       0.126255       
19.3547        0.789474       0.15966        
19.3547        0.868421       0.195761       
19.3547        0.947368       0.234314       
19.3547        1.02632        0.275091       
19.3547        1.10526        0.317884       
19.3547        1.18421        0.362501       
19.3547        1.26316        0.408765       
19.3547        1.34211        0.456511       
19.3547        1.42105        0.505589       
19.3547        1.5            0.55586        
19.5439        0              0              
19.5439        0.0789474      -0.0230922     
19.5439        0.157895       -0.039752      
19.5439        0.236842       -0.0505061     
19.5439        0.315789       -0.0558366     
19.5439        0.394737       -0.0561853     
19.5439        0.473684       -0.0519579     
19.5439        0.552632       -0.0435271     
19.5439        0.631579       -0.0312356     
19.5439        0.710526       -0.015399      
19.5439        0.789474       0.00369183     
19.5439        0.868421       0.0257687      
19.5439        0.947368       0.0505839      
19.5439        1.02632        0.0779087      
19.5439        1.10526        0.107532       
19.5439        1.18421        0.139257       
19.5439        1.26316        0.172904       
19.5439        1.34211        0.208304       
19.5439        1.42105        0.245303       
19.5439        1.5            0.283756       
19.733         0              0              
19.733         0.0789474      -0.0383201     
19.733         0.157895       -0.0700145     
19.733         0.236842       -0.0955968     
19.733         0.315789       -0.115539      
19.733         0.394737       -0.130273      
19.733         0.473684       -0.140199      
19.733         0.552632       -0.145685      
19.733         0.631579       -0.147069      
19.733         0.710526       -0.144664      
19.733         0.789474       -0.13876       
19.733         0.868421       -0.129625      
19.733         0.947368       -0.117505      
19.733         1.02632        -0.102631      
19.733         1.10526        -0.085216      
19.733         1.18421        -0.0654566     
19.733         1.26316        -0.0435365     
19.733         1.34211        -0.0196261     
19.733         1.42105        0.00611629     
19.733         1.5            0.0335435      
19.9222        0              0              
19.9222        0.0789474      -0.0521407     
19.9222        0.157895       -0.0975114     
19.9222        0.236842       -0.136611      
19.9222        0.315789       -0.1699        
19.9222        0.394737       -0.197802      
19.9222        0.473684       -0.220707      
19.9222        0.552632       -0.238977      
19.9222        0.631579       -0.252946      
19.9222        0.710526       -0.262923      
19.9222        0.789474       -0.269193      
19.9222        0.868421       -0.272024      
19.9222        0.947368       -0.271661      
19.9222        1.02632        -0.268334      
19.9222        1.10526        -0.262256      
19.9222        1.18421        -0.253624      
19.9222        1.26316        -0.242623      
19.9222        1.34211        -0.229425      
19.9222        1.42105        -0.214189      
19.9222        1.5            -0.197066      
20.1113        0              0              
20.1113        0.0789474      -0.0647163     
20.1113        0.157895       -0.122559      
20.1113        0.236842       -0.174011      
20.1113        0.315789       -0.219522      
20.1113        0.394737       -0.259502      
20.1113        0.473684       -0.294336      
20.1113        0.552632       -0.324376      
20.1113        0.631579       -0.34995       
20.1113        0.710526       -0.371362      
20.1113        0.789474       -0.388895      
20.1113        0.868421       -0.402812      
20.1113        0.947368       -0.413357      
20.1113        1.02632        -0.420757      
20.1113        1.10526        -0.425225      
20.1113        1.18421        -0.426958      
20.1113        1.26316        -0.426142      
20.1113        1.34211        -0.422947      
20.1113        1.42105        -0.417535      
20.1113        1.5            -0.410056      
20.3005        0              0              
20.3005        0.0789474      -0.0761859     
20.3005        0.157895       -0.145427      
20.3005        0.236842       -0.208193      
20.3005        0.315789       -0.264918      
20.3005        0.394737       -0.316003      
20.3005        0.473684       -0.361821      
20.3005        0.552632       -0.402718      
20.3005        0.631579       -0.439015      
20.3005        0.710526       -0.47101       
20.3005        0.789474       -0.498981      
20.3005        0.868421       -0.523186      
20.3005        0.947368       -0.543869      
20.3005        1.02632        -0.561252      
20.3005        1.10526        -0.575548      
20.3005        1.18421        -0.586952      
20.3005        1.26316        -0.595648      
20.3005        1.34211        -0.601808      
20.3005        1.42105        -0.605594      
20.3005        1.5            -0.607156      
20.4896        0              0              
20.4896        0.0789474      -0.0866693     
20.4896        0.157895       -0.166351      
20.4896        0.236842       -0.2395        
20.4896        0.315789       -0.306536      
20.4896        0.394737       -0.367849      
20.4896        0.473684       -0.423803      
20.4896        0.552632       -0.474733      
20.4896        0.631579       -0.520955      
20.4896        0.710526       -0.56276       
20.4896        0.789474       -0.60042       
20.4896        0.868421       -0.634191      
20.4896        0.947368       -0.664309      
20.4896        1.02632        -0.690998      
20.4896        1.10526        -0.714465      
20.4896        1.18421        -0.734905      
20.4896        1.26316        -0.752501      
20.4896        1.34211        -0.767423      
20.4896        1.42105        -0.779832      
20.4896        1.5            -0.789879      
20.6788        0              0              
20.6788        0.0789474      -0.0962704     
20.6788        0.157895       -0.185534      
20.6788        0.236842       -0.268229      
20.6788        0.315789       -0.344762      
20.6788        0.394737       -0.415514      
20.6788        0.473684       -0.480835      
20.6788        0.552632       -0.541055      
20.6788        0.631579       -0.596478      
20.6788        0.710526       -0.647392      
20.6788        0.789474       -0.694062      
20.6788        0.868421       -0.736738      
20.6788        0.947368       -0.775654      
20.6788        1.02632        -0.811029      
20.6788        1.10526        -0.843067      
20.6788        1.18421        -0.871962      
20.6788        1.26316        -0.897894      
20.6788        1.34211        -0.921033      
20.6788        1.42105        -0.941537      
20.6788        1.5            -0.959558      
20.8679        0              0              
20.8679        0.0789474      -0.105079      
20.8679        0.157895       -0.203151      
20.8679        0.236842       -0.294639      
20.8679        0.315789       -0.379937      
20.8679        0.394737       -0.459412      
20.8679        0.473684       -0.533407      
20.8679        0.552632       -0.602239      
20.8679        0.631579       -0.666207      
20.8679        0.710526       -0.725591      
20.8679        0.789474       -0.78065       
20.8679        0.868421       -0.83163       
20.8679        0.947368       -0.878759      
20.8679        1.02632        -0.922253      
20.8679        1.10526        -0.962313      
20.8679        1.18421        -0.99913       
20.8679        1.26316        -1.03288       
20.8679        1.34211        -1.06373       
20.8679        1.42105        -1.09185       
20.8679        1.5            -1.11737       
21.0571        0              0              
21.0571        0.0789474      -0.113176      
21.0571        0.157895       -0.219359      
21.0571        0.236842       -0.318959      
21.0571        0.315789       -0.412357      
21.0571        0.394737       -0.499908      
21.0571        0.473684       -0.581943      
21.0571        0.552632       -0.658774      
21.0571        0.631579       -0.730688      
21.0571        0.710526       -0.79796       
21.0571        0.789474       -0.860842      
21.0571        0.868421       -0.919575      
21.0571        0.947368       -0.974382      
21.0571        1.02632        -1.02548       
21.0571        1.10526        -1.07305       
21.0571        1.18421        -1.1173        
21.0571        1.26316        -1.15839       
21.0571        1.34211        -1.1965        
21.0571        1.42105        -1.23177       
21.0571        1.5            -1.26436       
21.2462        0              0              
21.2462        0.0789474      -0.120628      
21.2462        0.157895       -0.234293      
21.2462        0.236842       -0.341389      
21.2462        0.315789       -0.442283      
21.2462        0.394737       -0.537321      
21.2462        0.473684       -0.626823      
21.2462        0.552632       -0.711091      
21.2462        0.631579       -0.790405      
21.2462        0.710526       -0.865032      
21.2462        0.789474       -0.935219      
21.2462        0.868421       -1.0012        
21.2462        0.947368       -1.06319       
21.2462        1.02632        -1.12141       
21.2462        1.10526        -1.17604       
21.2462        1.18421        -1.22726       
21.2462        1.26316        -1.27526       
21.2462        1.34211        -1.32019       
21.2462        1.42105        -1.36221       
21.2462        1.5            -1.40147       
21.4354        0              0              
21.4354        0.0789474      -0.127498      
21.4354        0.157895       -0.248073      
21.4354        0.236842       -0.362104      
21.4354        0.315789       -0.469947      
21.4354        0.394737       -0.571935      
21.4354        0.473684       -0.668379      
21.4354        0.552632       -0.759572      
21.4354        0.631579       -0.845786      
21.4354        0.710526       -0.92728       
21.4354        0.789474       -1.0043        
21.4354        0.868421       -1.07706       
21.4354        0.947368       -1.14579       
21.4354        1.02632        -1.21068       
21.4354        1.10526        -1.27193       
21.4354        1.18421        -1.32972       
21.4354        1.26316        -1.38422       
21.4354        1.34211        -1.43558       
21.4354        1.42105        -1.48396       
21.4354        1.5            -1.5295        
21.6245        0              0              
21.6245        0.0789474      -0.13384       
21.6245        0.157895       -0.260804      
21.6245        0.236842       -0.381261      
21.6245        0.315789       -0.495553      
21.6245        0.394737       -0.604001      
21.6245        0.473684       -0.706908      
21.6245        0.552632       -0.804556      
21.6245        0.631579       -0.897212      
21.6245        0.710526       -0.985125      
21.6245        0.789474       -1.06853       
21.6245        0.868421       -1.14765       
21.6245        0.947368       -1.2227        
21.6245        1.02632        -1.29387       
21.6245        1.10526        -1.36135       
21.6245        1.18421        -1.42531       
21.6245        1.26316        -1.48592       
21.6245        1.34211        -1.54335       
21.6245        1.42105        -1.59774       
21.6245        1.5            -1.64922       
21.8137        0              0              
21.8137        0.0789474      -0.1397        
21.8137        0.157895       -0.272582      
21.8137        0.236842       -0.398999      
21.8137        0.315789       -0.519283      
21.8137        0.394737       -0.633744      
21.8137        0.473684       -0.742674      
21.8137        0.552632       -0.846347      
21.8137        0.631579       -0.945022      
21.8137        0.710526       -1.03894       
21.8137        0.789474       -1.12834       
21.8137        0.868421       -1.21342       
21.8137        0.947368       -1.2944        
21.8137        1.02632        -1.37147       
21.8137        1.10526        -1.44481       
21.8137        1.18421        -1.51459       
21.8137        1.26316        -1.58097       
21.8137        1.34211        -1.64412       
21.8137        1.42105        -1.70418       
21.8137        1.5            -1.76129       
22.0028        0              0              
22.0028        0.0789474      -0.145123      
22.0028        0.157895       -0.28349       
22.0028        0.236842       -0.415442      
22.0028        0.315789       -0.541299      
22.0028        0.394737       -0.661361      
22.0028        0.473684       -0.775911      
22.0028        0.552632       -0.885214      
22.0028        0.631579       -0.989521      
22.0028        0.710526       -1.08907       
22.0028        0.789474       -1.18408       
22.0028        0.868421       -1.27476       
22.0028        0.947368       -1.36132       
22.0028        1.02632        -1.44394       
22.0028        1.10526        -1.5228        
22.0028        1.18421        -1.59806       
22.0028        1.26316        -1.6699        
22.0028        1.34211        -1.73846       
22.0028        1.42105        -1.80388       
22.0028        1.5            -1.86631       
22.192         0              0              
22.192         0.0789474      -0.150146      
22.192         0.157895       -0.293603      
22.192         0.236842       -0.430701      
22.192         0.315789       -0.561747      
22.192         0.394737       -0.687033      
22.192         0.473684       -0.806831      
22.192         0.552632       -0.9214        
22.192         0.631579       -1.03098       
22.192         0.710526       -1.1358        
22.192         0.789474       -1.23609       
22.192         0.868421       -1.33203       
22.192         0.947368       -1.42384       
22.192         1.02632        -1.51169       
22.192         1.10526        -1.59575       
22.192         1.18421        -1.67619       
22.192         1.26316        -1.75318       
22.192         1.34211        -1.82685       
22.192         1.42105        -1.89735       
22.192         1.5            -1.96481       
22.3812        0              0              
22.3812        0.0789474      -0.154802      
22.3812        0.157895       -0.302988      
22.3812        0.236842       -0.444874      
22.3812        0.315789       -0.580758      
22.3812        0.394737       -0.71092       
22.3812        0.473684       -0.835625      
22.3812        0.552632       -0.955122      
22.3812        0.631579       -1.06965       
22.3812        0.710526       -1.17942       
22.3812        0.789474       -1.28466       
22.3812        0.868421       -1.38556       
22.3812        0.947368       -1.4823        
22.3812        1.02632        -1.57508       
22.3812        1.10526        -1.66406       
22.3812        1.18421        -1.74939       
22.3812        1.26316        -1.83124       
22.3812        1.34211        -1.90975       
22.3812        1.42105        -1.98506       
22.3812        1.5            -2.0573        
22.5703        0              0              
22.5703        0.0789474      -0.159123      
22.5703        0.157895       -0.311705      
22.5703        0.236842       -0.45805       
22.5703        0.315789       -0.598447      
22.5703        0.394737       -0.733165      
22.5703        0.473684       -0.862461      
22.5703        0.552632       -0.986577      
22.5703        0.631579       -1.10574       
22.5703        0.710526       -1.22017       
22.5703        0.789474       -1.33006       
22.5703        0.868421       -1.43562       
22.5703        0.947368       -1.53703       
22.5703        1.02632        -1.63446       
22.5703        1.10526        -1.72807       
22.5703        1.18421        -1.81803       
22.5703        1.26316        -1.90449       
22.5703        1.34211        -1.98758       
22.5703        1.42105        -2.06745       
22.5703        1.5            -2.14422       
22.7595        0              0              
22.7595        0.0789474      -0.163136      
22.7595        0.157895       -0.319808      
22.7595        0.236842       -0.47031       
22.7595        0.315789       -0.61492       
22.7595        0.394737       -0.753899      
22.7595        0.473684       -0.887495      
22.7595        0.552632       -1.01594       
22.7595        0.631579       -1.13946       
22.7595        0.710526       -1.25826       
22.7595        0.789474       -1.37254       
22.7595        0.868421       -1.48249       
22.7595        0.947368       -1.58829       
22.7595        1.02632        -1.69011       
22.7595        1.10526        -1.78811       
22.7595        1.18421        -1.88245       
22.7595        1.26316        -1.97326       
22.7595        1.34211        -2.0607        
22.7595        1.42105        -2.14489       
22.7595        1.5            -2.22596       
22.9486        0              0              
22.9486        0.0789474      -0.166866      
22.9486        0.157895       -0.327347      
22.9486        0.236842       -0.481726      
22.9486        0.315789       -0.630273      
22.9486        0.394737       -0.773239      
22.9486        0.473684       -0.910865      
22.9486        0.552632       -1.04338       
22.9486        0.631579       -1.17099       
22.9486        0.710526       -1.2939        
22.9486        0.789474       -1.41232       
22.9486        0.868421       -1.52641       
22.9486        0.947368       -1.63636       
22.9486        1.02632        -1.74232       
22.9486        1.10526        -1.84447       
22.9486        1.18421        -1.94295       
22.9486        1.26316        -2.0379        
22.9486        1.34211        -2.12945       
22.9486        1.42105        -2.21775       
22.9486        1.5            -2.30291       
23.1378        0              0              
23.1378        0.0789474      -0.170334      
23.1378        0.157895       -0.334364      
23.1378        0.236842       -0.492364      
23.1378        0.315789       -0.644592      
23.1378        0.394737       -0.791292      
23.1378        0.473684       -0.932697      
23.1378        0.552632       -1.06903       
23.1378        0.631579       -1.20049       
23.1378        0.710526       -1.32728       
23.1378        0.789474       -1.44958       
23.1378        0.868421       -1.56758       
23.1378        0.947368       -1.68145       
23.1378        1.02632        -1.79134       
23.1378        1.10526        -1.89741       
23.1378        1.18421        -1.99981       
23.1378        1.26316        -2.09868       
23.1378        1.34211        -2.19415       
23.1378        1.42105        -2.28634       
23.1378        1.5            -2.37538       
23.3269        0              0              
23.3269        0.0789474      -0.173562      
23.3269        0.157895       -0.340901      
23.3269        0.236842       -0.502282      
23.3269        0.315789       -0.657954      
23.3269        0.394737       -0.808154      
23.3269        0.473684       -0.953106      
23.3269        0.552632       -1.09302       
23.3269        0.631579       -1.2281        
23.3269        0.710526       -1.35854       
23.3269        0.789474       -1.48452       
23.3269        0.868421       -1.60622       
23.3269        0.947368       -1.72379       
23.3269        1.02632        -1.83739       
23.3269        1.10526        -1.94718       
23.3269        1.18421        -2.0533        
23.3269        1.26316        -2.15588       
23.3269        1.34211        -2.25506       
23.3269        1.42105        -2.35096       
23.3269        1.5            -2.4437        
23.5161        0              0              
23.5161        0.0789474      -0.176567      
23.5161        0.157895       -0.346993      
23.5161        0.236842       -0.511534      
23.5161        0.315789       -0.670432      
23.5161        0.394737       -0.823914      
23.5161        0.473684       -0.972197      
23.5161        0.552632       -1.11549       
23.5161        0.631579       -1.25398       
23.5161        0.710526       -1.38786       
23.5161        0.789474       -1.51731       
23.5161        0.868421       -1.64248       
23.5161        0.947368       -1.76356       
23.5161        1.02632        -1.88068       
23.5161        1.10526        -1.99399       
23.5161        1.18421        -2.10364       
23.5161        1.26316        -2.20975       
23.5161        1.34211        -2.31246       
23.5161        1.42105        -2.41188       
23.5161        1.5            -2.50814       
23.7052        0              0              
23.7052        0.0789474      -0.179365      
23.7052        0.157895       -0.352674      
23.7052        0.236842       -0.52017       
23.7052        0.315789       -0.682089      
23.7052        0.394737       -0.83865       
23.7052        0.473684       -0.990063      
23.7052        0.552632       -1.13653       
23.7052        0.631579       -1.27823       
23.7052        0.710526       -1.41536       
23.7052        0.789474       -1.54808       
23.7052        0.868421       -1.67656       
23.7052        0.947368       -1.80095       
23.7052        1.02632        -1.9214        
23.7052        1.10526        -2.03805       
23.7052        1.18421        -2.15105       
23.7052        1.26316        -2.26051       
23.7052        1.34211        -2.36658       
23.7052        1.42105        -2.46935       
23.7052        1.5            -2.56896       
23.8944        0              0              
23.8944        0.0789474      -0.181973      
23.8944        0.157895       -0.357972      
23.8944        0.236842       -0.528234      
23.8944        0.315789       -0.692984      
23.8944        0.394737       -0.852436      
23.8944        0.473684       -1.00679       
23.8944        0.552632       -1.15625       
23.8944        0.631579       -1.30098       
23.8944        0.710526       -1.44117       
23.8944        0.789474       -1.57698       
23.8944        0.868421       -1.70858       
23.8944        0.947368       -1.83611       
23.8944        1.02632        -1.95972       
23.8944        1.10526        -2.07954       
23.8944        1.18421        -2.19572       
23.8944        1.26316        -2.30837       
23.8944        1.34211        -2.41763       
23.8944        1.42105        -2.52359       
23.8944        1.5            -2.62639       
24.0835        0              0              
24.0835        0.0789474      -0.184404      
24.0835        0.157895       -0.362917      
24.0835        0.236842       -0.535767      
24.0835        0.315789       -0.703172      
24.0835        0.394737       -0.865338      
24.0835        0.473684       -1.02246       
24.0835        0.552632       -1.17473       
24.0835        0.631579       -1.32232       
24.0835        0.710526       -1.46541       
24.0835        0.789474       -1.60415       
24.0835        0.868421       -1.73869       
24.0835        0.947368       -1.8692        
24.0835        1.02632        -1.9958        
24.0835        1.10526        -2.11864       
24.0835        1.18421        -2.23783       
24.0835        1.26316        -2.35352       
24.0835        1.34211        -2.46581       
24.0835        1.42105        -2.57482       
24.0835        1.5            -2.68065       
24.2727        0              0              
24.2727        0.0789474      -0.186671      
24.2727        0.157895       -0.367532      
24.2727        0.236842       -0.542806      
24.2727        0.315789       -0.712701      
24.2727        0.394737       -0.877418      
24.2727        0.473684       -1.03715       
24.2727        0.552632       -1.19207       
24.2727        0.631579       -1.34236       
24.2727        0.710526       -1.48817       
24.2727        0.789474       -1.62968       
24.2727        0.868421       -1.76702       
24.2727        0.947368       -1.90035       
24.2727        1.02632        -2.02979       
24.2727        1.10526        -2.15549       
24.2727        1.18421        -2.27756       
24.2727        1.26316        -2.39612       
24.2727        1.34211        -2.51131       
24.2727        1.42105        -2.62321       
24.2727        1.5            -2.73195       
24.4618        0              0              
24.4618        0.0789474      -0.188784      
24.4618        0.157895       -0.371841      
24.4618        0.236842       -0.549385      
24.4618        0.315789       -0.721617      
24.4618        0.394737       -0.888732      
24.4618        0.473684       -1.05091       
24.4618        0.552632       -1.20834       
24.4618        0.631579       -1.36117       
24.4618        0.710526       -1.50957       
24.4618        0.789474       -1.6537        
24.4618        0.868421       -1.79369       
24.4618        0.947368       -1.92969       
24.4618        1.02632        -2.06183       
24.4618        1.10526        -2.19024       
24.4618        1.18421        -2.31504       
24.4618        1.26316        -2.43635       
24.4618        1.34211        -2.55429       
24.4618        1.42105        -2.66896       
24.4618        1.5            -2.78047       
24.651         0              0              
24.651         0.0789474      -0.190756      
24.651         0.157895       -0.375865      
24.651         0.236842       -0.555535      
24.651         0.315789       -0.729961      
24.651         0.394737       -0.899331      
24.651         0.473684       -1.06382       
24.651         0.552632       -1.2236        
24.651         0.631579       -1.37884       
24.651         0.710526       -1.52969       
24.651         0.789474       -1.67629       
24.651         0.868421       -1.81879       
24.651         0.947368       -1.95733       
24.651         1.02632        -2.09203       
24.651         1.10526        -2.22302       
24.651         1.18421        -2.35043       
24.651         1.26316        -2.47435       
24.651         1.34211        -2.59492       
24.651         1.42105        -2.71222       
24.651         1.5            -2.82637       
24.8401        0              0              
24.8401        0.0789474      -0.192594      
24.8401        0.157895       -0.379623      
24.8401        0.236842       -0.561285      
24.8401        0.315789       -0.737771      
24.8401        0.394737       -0.909261      
24.8401        0.473684       -1.07593       
24.8401        0.552632       -1.23794       
24.8401        0.631579       -1.39544       
24.8401        0.710526       -1.5486        
24.8401        0.789474       -1.69755       
24.8401        0.868421       -1.84243       
24.8401        0.947368       -1.98338       
24.8401        1.02632        -2.12052       
24.8401        1.10526        -2.25397       
24.8401        1.18421        -2.38384       
24.8401        1.26316        -2.51026       
24.8401        1.34211        -2.63333       
24.8401        1.42105        -2.75315       
24.8401        1.5            -2.86982       
25.0293        0              0              
25.0293        0.0789474      -0.194309      
25.0293        0.157895       -0.383133      
25.0293        0.236842       -0.566663      
25.0293        0.315789       -0.745083      
25.0293        0.394737       -0.918568      
25.0293        0.473684       -1.08729       
25.0293        0.552632       -1.25139       
25.0293        0.631579       -1.41105       
25.0293        0.710526       -1.56639       
25.0293        0.789474       -1.71757       
25.0293        0.868421       -1.86471       
25.0293        0.947368       -2.00794       
25.0293        1.02632        -2.14739       
25.0293        1.10526        -2.28318       
25.0293        1.18421        -2.41541       
25.0293        1.26316        -2.5442        
25.0293        1.34211        -2.66966       
25.0293        1.42105        -2.79188       
25.0293        1.5            -2.91096       
25.2184        0              0              
25.2184        0.0789474      -0.195909      
25.2184        0.157895       -0.38641       
25.2184        0.236842       -0.571691      
25.2184        0.315789       -0.751927      
25.2184        0.394737       -0.92729       
25.2184        0.473684       -1.09794       
25.2184        0.552632       -1.26403       
25.2184        0.631579       -1.42572       
25.2184        0.710526       -1.58313       
25.2184        0.789474       -1.73642       
25.2184        0.868421       -1.8857        
25.2184        0.947368       -2.0311        
25.2184        1.02632        -2.17275       
25.2184        1.10526        -2.31076       
25.2184        1.18421        -2.44524       
25.2184        1.26316        -2.5763        
25.2184        1.34211        -2.70403       
25.2184        1.42105        -2.82854       
25.2184        1.5            -2.94993       
25.4076        0              0              
25.4076        0.0789474      -0.1974        
25.4076        0.157895       -0.389471      
25.4076        0.236842       -0.576392      
25.4076        0.315789       -0.758336      
25.4076        0.394737       -0.935465      
25.4076        0.473684       -1.10794       
25.4076        0.552632       -1.2759        
25.4076        0.631579       -1.43951       
25.4076        0.710526       -1.59888       
25.4076        0.789474       -1.75416       
25.4076        0.868421       -1.90548       
25.4076        0.947368       -2.05295       
25.4076        1.02632        -2.19669       
25.4076        1.10526        -2.33682       
25.4076        1.18421        -2.47344       
25.4076        1.26316        -2.60665       
25.4076        1.34211        -2.73656       
25.4076        1.42105        -2.86327       
25.4076        1.5            -2.98686       
25.5967        0              0              
25.5967        0.0789474      -0.198791      
25.5967        0.157895       -0.392329      
25.5967        0.236842       -0.580788      
25.5967        0.315789       -0.764335      
25.5967        0.394737       -0.943127      
25.5967        0.473684       -1.11732       
25.5967        0.552632       -1.28705       
25.5967        0.631579       -1.45247       
25.5967        0.710526       -1.6137        
25.5967        0.789474       -1.77088       
25.5967        0.868421       -1.92413       
25.5967        0.947368       -2.07356       
25.5967        1.02632        -2.2193        
25.5967        1.10526        -2.36144       
25.5967        1.18421        -2.5001        
25.5967        1.26316        -2.63537       
25.5967        1.34211        -2.76736       
25.5967        1.42105        -2.89616       
25.5967        1.5            -3.02185       
25.7859        0              0              
25.7859        0.0789474      -0.200087      
25.7859        0.157895       -0.394996      
25.7859        0.236842       -0.584897      
25.7859        0.315789       -0.76995       
25.7859        0.394737       -0.950308      
25.7859        0.473684       -1.12612       
25.7859        0.552632       -1.29752       
25.7859        0.631579       -1.46466       
25.7859        0.710526       -1.62765       
25.7859        0.789474       -1.78663       
25.7859        0.868421       -1.94171       
25.7859        0.947368       -2.09301       
25.7859        1.02632        -2.24064       
25.7859        1.10526        -2.3847        
25.7859        1.18421        -2.5253        
25.7859        1.26316        -2.66254       
25.7859        1.34211        -2.79652       
25.7859        1.42105        -2.92732       
25.7859        1.5            -3.05503       
25.975         0              0              
25.975         0.0789474      -0.201294      
25.975         0.157895       -0.397486      
25.975         0.236842       -0.588737      
25.975         0.315789       -0.775205      
25.975         0.394737       -0.957037      
25.975         0.473684       -1.13438       
25.975         0.552632       -1.30736       
25.975         0.631579       -1.47612       
25.975         0.710526       -1.64078       
25.975         0.789474       -1.80146       
25.975         0.868421       -1.95829       
25.975         0.947368       -2.11136       
25.975         1.02632        -2.26079       
25.975         1.10526        -2.40669       
25.975         1.18421        -2.54915       
25.975         1.26316        -2.68826       
25.975         1.34211        -2.82413       
25.975         1.42105        -2.95684       
25.975         1.5            -3.08648       
26.1642        0              0              
26.1642        0.0789474      -0.202419      
26.1642        0.157895       -0.399808      
26.1642        0.236842       -0.592325      
26.1642        0.315789       -0.780122      
26.1642        0.394737       -0.963342      
26.1642        0.473684       -1.14212       
26.1642        0.552632       -1.3166        
26.1642        0.631579       -1.4869        
26.1642        0.710526       -1.65314       
26.1642        0.789474       -1.81544       
26.1642        0.868421       -1.97392       
26.1642        0.947368       -2.12868       
26.1642        1.02632        -2.27983       
26.1642        1.10526        -2.42747       
26.1642        1.18421        -2.5717        
26.1642        1.26316        -2.71261       
26.1642        1.34211        -2.85029       
26.1642        1.42105        -2.98483       
26.1642        1.5            -3.11632       
26.3533        0              0              
26.3533        0.0789474      -0.203465      
26.3533        0.157895       -0.401973      
26.3533        0.236842       -0.595676      
26.3533        0.315789       -0.784721      
26.3533        0.394737       -0.969247      
26.3533        0.473684       -1.14939       
26.3533        0.552632       -1.32527       
26.3533        0.631579       -1.49703       
26.3533        0.710526       -1.66476       
26.3533        0.789474       -1.8286        
26.3533        0.868421       -1.98865       
26.3533        0.947368       -2.14502       
26.3533        1.02632        -2.29781       
26.3533        1.10526        -2.44711       
26.3533        1.18421        -2.59303       
26.3533        1.26316        -2.73565       
26.3533        1.34211        -2.87507       
26.3533        1.42105        -3.01136       
26.3533        1.5            -3.14462       
26.5425        0              0              
26.5425        0.0789474      -0.204438      
26.5425        0.157895       -0.40399       
26.5425        0.236842       -0.598804      
26.5425        0.315789       -0.789021      
26.5425        0.394737       -0.974776      
26.5425        0.473684       -1.1562        
26.5425        0.552632       -1.33342       
26.5425        0.631579       -1.50655       
26.5425        0.710526       -1.67571       
26.5425        0.789474       -1.841         
26.5425        0.868421       -2.00255       
26.5425        0.947368       -2.16045       
26.5425        1.02632        -2.31479       
26.5425        1.10526        -2.46568       
26.5425        1.18421        -2.61321       
26.5425        1.26316        -2.75747       
26.5425        1.34211        -2.89854       
26.5425        1.42105        -3.03651       
26.5425        1.5            -3.17146       
26.7316        0              0              
26.7316        0.0789474      -0.205342      
26.7316        0.157895       -0.405869      
26.7316        0.236842       -0.601722      
26.7316        0.315789       -0.793039      
26.7316        0.394737       -0.979951      
26.7316        0.473684       -1.16258       
26.7316        0.552632       -1.34106       
26.7316        0.631579       -1.51549       
26.7316        0.710526       -1.686         
26.7316        0.789474       -1.85268       
26.7316        0.868421       -2.01565       
26.7316        0.947368       -2.175         
26.7316        1.02632        -2.33083       
26.7316        1.10526        -2.48324       
26.7316        1.18421        -2.63231       
26.7316        1.26316        -2.77813       
26.7316        1.34211        -2.92078       
26.7316        1.42105        -3.06036       
26.7316        1.5            -3.19693       
26.9208        0              0              
26.9208        0.0789474      -0.206182      
26.9208        0.157895       -0.407617      
26.9208        0.236842       -0.604443      
26.9208        0.315789       -0.796792      
26.9208        0.394737       -0.984793      
26.9208        0.473684       -1.16857       
26.9208        0.552632       -1.34823       
26.9208        0.631579       -1.5239        
26.9208        0.710526       -1.69568       
26.9208        0.789474       -1.86368       
26.9208        0.868421       -2.028         
26.9208        0.947368       -2.18873       
26.9208        1.02632        -2.34598       
26.9208        1.10526        -2.49983       
26.9208        1.18421        -2.65037       
26.9208        1.26316        -2.79768       
26.9208        1.34211        -2.94186       
26.9208        1.42105        -3.08297       
26.9208        1.5            -3.22109       
27.1099        0              0              
27.1099        0.0789474      -0.206961      
27.1099        0.157895       -0.409242      
27.1099        0.236842       -0.606977      
27.1099        0.315789       -0.800296      
27.1099        0.394737       -0.98932       
27.1099        0.473684       -1.17417       
27.1099        0.552632       -1.35496       
27.1099        0.631579       -1.53179       
27.1099        0.710526       -1.70478       
27.1099        0.789474       -1.87403       
27.1099        0.868421       -2.03964       
27.1099        0.947368       -2.20169       
27.1099        1.02632        -2.36029       
27.1099        1.10526        -2.51551       
27.1099        1.18421        -2.66746       
27.1099        1.26316        -2.8162        
27.1099        1.34211        -2.96182       
27.1099        1.42105        -3.10441       
27.1099        1.5            -3.24402       
27.2991        0              0              
27.2991        0.0789474      -0.207682      
27.2991        0.157895       -0.410751      
27.2991        0.236842       -0.609337      
27.2991        0.315789       -0.803563      
27.2991        0.394737       -0.99355       
27.2991        0.473684       -1.17941       
27.2991        0.552632       -1.36126       
27.2991        0.631579       -1.5392        
27.2991        0.710526       -1.71334       
27.2991        0.789474       -1.88378       
27.2991        0.868421       -2.0506        
27.2991        0.947368       -2.21391       
27.2991        1.02632        -2.37379       
27.2991        1.10526        -2.53033       
27.2991        1.18421        -2.68362       
27.2991        1.26316        -2.83373       
27.2991        1.34211        -2.98074       
27.2991        1.42105        -3.12473       
27.2991        1.5            -3.26578       
27.4882        0              0              
27.4882        0.0789474      -0.208349      
27.4882        0.157895       -0.412151      
27.4882        0.236842       -0.61153       
27.4882        0.315789       -0.806608      
27.4882        0.394737       -0.9975        
27.4882        0.473684       -1.18432       
27.4882        0.552632       -1.36717       
27.4882        0.631579       -1.54616       
27.4882        0.710526       -1.72139       
27.4882        0.789474       -1.89295       
27.4882        0.868421       -2.06093       
27.4882        0.947368       -2.22544       
27.4882        1.02632        -2.38654       
27.4882        1.10526        -2.54434       
27.4882        1.18421        -2.69891       
27.4882        1.26316        -2.85032       
27.4882        1.34211        -2.99867       
27.4882        1.42105        -3.14401       
27.4882        1.5            -3.28642       
27.6774        0              0              
27.6774        0.0789474      -0.208966      
27.6774        0.157895       -0.413448      
27.6774        0.236842       -0.613568      
27.6774        0.315789       -0.809443      
27.6774        0.394737       -1.00119       
27.6774        0.473684       -1.1889        
27.6774        0.552632       -1.3727        
27.6774        0.631579       -1.55268       
27.6774        0.710526       -1.72894       
27.6774        0.789474       -1.90157       
27.6774        0.868421       -2.07066       
27.6774        0.947368       -2.2363        
27.6774        1.02632        -2.39858       
27.6774        1.10526        -2.55757       
27.6774        1.18421        -2.71336       
27.6774        1.26316        -2.86603       
27.6774        1.34211        -3.01564       
27.6774        1.42105        -3.16228       
27.6774        1.5            -3.30601       
27.8665        0              0              
27.8665        0.0789474      -0.209534      
27.8665        0.157895       -0.414647      
27.8665        0.236842       -0.615458      
27.8665        0.315789       -0.812079      
27.8665        0.394737       -1.00462       
27.8665        0.473684       -1.19319       
27.8665        0.552632       -1.37788       
27.8665        0.631579       -1.55879       
27.8665        0.710526       -1.73603       
27.8665        0.789474       -1.90967       
27.8665        0.868421       -2.07982       
27.8665        0.947368       -2.24654       
27.8665        1.02632        -2.40993       
27.8665        1.10526        -2.57007       
27.8665        1.18421        -2.72703       
27.8665        1.26316        -2.88089       
27.8665        1.34211        -3.03173       
27.8665        1.42105        -3.1796        
27.8665        1.5            -3.32459       
28.0557        0              0              
28.0557        0.0789474      -0.210057      
28.0557        0.157895       -0.415755      
28.0557        0.236842       -0.617209      
28.0557        0.315789       -0.814528      
28.0557        0.394737       -1.00782       
28.0557        0.473684       -1.19718       
28.0557        0.552632       -1.38272       
28.0557        0.631579       -1.56452       
28.0557        0.710526       -1.74268       
28.0557        0.789474       -1.91729       
28.0557        0.868421       -2.08843       
28.0557        0.947368       -2.25619       
28.0557        1.02632        -2.42064       
28.0557        1.10526        -2.58187       
28.0557        1.18421        -2.73995       
28.0557        1.26316        -2.89496       
28.0557        1.34211        -3.04696       
28.0557        1.42105        -3.19602       
28.0557        1.5            -3.34222       
28.2448        0              0              
28.2448        0.0789474      -0.210537      
28.2448        0.157895       -0.416776      
28.2448        0.236842       -0.618828      
28.2448        0.315789       -0.816799      
28.2448        0.394737       -1.01079       
28.2448        0.473684       -1.20091       
28.2448        0.552632       -1.38724       
28.2448        0.631579       -1.56988       
28.2448        0.710526       -1.74892       
28.2448        0.789474       -1.92444       
28.2448        0.868421       -2.09653       
28.2448        0.947368       -2.26527       
28.2448        1.02632        -2.43074       
28.2448        1.10526        -2.59301       
28.2448        1.18421        -2.75216       
28.2448        1.26316        -2.90826       
28.2448        1.34211        -3.06137       
28.2448        1.42105        -3.21158       
28.2448        1.5            -3.35893       
28.434         0              0              
28.434         0.0789474      -0.210977      
28.434         0.157895       -0.417715      
28.434         0.236842       -0.620323      
28.434         0.315789       -0.818903      
28.434         0.394737       -1.01355       
28.434         0.473684       -1.20438       
28.434         0.552632       -1.39146       
28.434         0.631579       -1.57489       
28.434         0.710526       -1.75476       
28.434         0.789474       -1.93115       
28.434         0.868421       -2.10414       
28.434         0.947368       -2.27382       
28.434         1.02632        -2.44025       
28.434         1.10526        -2.60352       
28.434         1.18421        -2.76369       
28.434         1.26316        -2.92084       
28.434         1.34211        -3.07502       
28.434         1.42105        -3.22632       
28.434         1.5            -3.37478       
28.6231        0              0              
28.6231        0.0789474      -0.211378      
28.6231        0.157895       -0.418576      
28.6231        0.236842       -0.621699      
28.6231        0.315789       -0.820847      
28.6231        0.394737       -1.01612       
28.6231        0.473684       -1.2076        
28.6231        0.552632       -1.39539       
28.6231        0.631579       -1.57957       
28.6231        0.710526       -1.76023       
28.6231        0.789474       -1.93744       
28.6231        0.868421       -2.11129       
28.6231        0.947368       -2.28186       
28.6231        1.02632        -2.44921       
28.6231        1.10526        -2.61343       
28.6231        1.18421        -2.77458       
28.6231        1.26316        -2.93272       
28.6231        1.34211        -3.08794       
28.6231        1.42105        -3.24028       
28.6231        1.5            -3.38981       
28.8123        0              0              
28.8123        0.0789474      -0.211743      
28.8123        0.157895       -0.419364      
28.8123        0.236842       -0.622964      
28.8123        0.315789       -0.822641      
28.8123        0.394737       -1.01849       
28.8123        0.473684       -1.21059       
28.8123        0.552632       -1.39905       
28.8123        0.631579       -1.58393       
28.8123        0.710526       -1.76534       
28.8123        0.789474       -1.94333       
28.8123        0.868421       -2.118         
28.8123        0.947368       -2.28942       
28.8123        1.02632        -2.45765       
28.8123        1.10526        -2.62277       
28.8123        1.18421        -2.78485       
28.8123        1.26316        -2.94396       
28.8123        1.34211        -3.10015       
28.8123        1.42105        -3.2535        
28.8123        1.5            -3.40406       
29.0014        0              0              
29.0014        0.0789474      -0.212074      
29.0014        0.157895       -0.420083      
29.0014        0.236842       -0.624124      
29.0014        0.315789       -0.824291      
29.0014        0.394737       -1.02068       
29.0014        0.473684       -1.21337       
29.0014        0.552632       -1.40245       
29.0014        0.631579       -1.588         
29.0014        0.710526       -1.77011       
29.0014        0.789474       -1.94885       
29.0014        0.868421       -2.12429       
29.0014        0.947368       -2.29652       
29.0014        1.02632        -2.46559       
29.0014        1.10526        -2.63157       
29.0014        1.18421        -2.79455       
29.0014        1.26316        -2.95457       
29.0014        1.34211        -3.1117        
29.0014        1.42105        -3.26601       
29.0014        1.5            -3.41755       
29.1906        0              0              
29.1906        0.0789474      -0.212372      
29.1906        0.157895       -0.420735      
29.1906        0.236842       -0.625183      
29.1906        0.315789       -0.825807      
29.1906        0.394737       -1.0227        
29.1906        0.473684       -1.21593       
29.1906        0.552632       -1.40561       
29.1906        0.631579       -1.59179       
29.1906        0.710526       -1.77457       
29.1906        0.789474       -1.95401       
29.1906        0.868421       -2.13019       
29.1906        0.947368       -2.30318       
29.1906        1.02632        -2.47305       
29.1906        1.10526        -2.63986       
29.1906        1.18421        -2.80368       
29.1906        1.26316        -2.96458       
29.1906        1.34211        -3.12262       
29.1906        1.42105        -3.27785       
29.1906        1.5            -3.43034       
29.3797        0              0              
29.3797        0.0789474      -0.21264       
29.3797        0.157895       -0.421325      
29.3797        0.236842       -0.626147      
29.3797        0.315789       -0.827194      
29.3797        0.394737       -1.02455       
29.3797        0.473684       -1.2183        
29.3797        0.552632       -1.40853       
29.3797        0.631579       -1.59531       
29.3797        0.710526       -1.77872       
29.3797        0.789474       -1.95882       
29.3797        0.868421       -2.1357        
29.3797        0.947368       -2.30942       
29.3797        1.02632        -2.48005       
29.3797        1.10526        -2.64765       
29.3797        1.18421        -2.81229       
29.3797        1.26316        -2.97403       
29.3797        1.34211        -3.13293       
29.3797        1.42105        -3.28905       
29.3797        1.5            -3.44244       
29.5689        0              0              
29.5689        0.0789474      -0.212879      
29.5689        0.157895       -0.421856      
29.5689        0.236842       -0.627021      
29.5689        0.315789       -0.828459      
29.5689        0.394737       -1.02625       
29.5689        0.473684       -1.22049       
29.5689        0.552632       -1.41123       
29.5689        0.631579       -1.59857       
29.5689        0.710526       -1.78257       
29.5689        0.789474       -1.96331       
29.5689        0.868421       -2.14086       
29.5689        0.947368       -2.31527       
29.5689        1.02632        -2.48663       
29.5689        1.10526        -2.65498       
29.5689        1.18421        -2.8204        
29.5689        1.26316        -2.98294       
29.5689        1.34211        -3.14267       
29.5689        1.42105        -3.29963       
29.5689        1.5            -3.45389       
29.758         0              0              
29.758         0.0789474      -0.21309       
29.758         0.157895       -0.422332      
29.758         0.236842       -0.62781       
29.758         0.315789       -0.829609      
29.758         0.394737       -1.02781       
29.758         0.473684       -1.22249       
29.758         0.552632       -1.41373       
29.758         0.631579       -1.60159       
29.758         0.710526       -1.78616       
29.758         0.789474       -1.96749       
29.758         0.868421       -2.14567       
29.758         0.947368       -2.32075       
29.758         1.02632        -2.49279       
29.758         1.10526        -2.66186       
29.758         1.18421        -2.82802       
29.758         1.26316        -2.99134       
29.758         1.34211        -3.15185       
29.758         1.42105        -3.30963       
29.758         1.5            -3.46472       
29.9472        0              0              
29.9472        0.0789474      -0.213275      
29.9472        0.157895       -0.422753      
29.9472        0.236842       -0.628518      
29.9472        0.315789       -0.830649      
29.9472        0.394737       -1.02923       
29.9472        0.473684       -1.22432       
29.9472        0.552632       -1.41602       
29.9472        0.631579       -1.60438       
29.9472        0.710526       -1.78948       
29.9472        0.789474       -1.97138       
29.9472        0.868421       -2.15015       
29.9472        0.947368       -2.32586       
29.9472        1.02632        -2.49856       
29.9472        1.10526        -2.66832       
29.9472        1.18421        -2.83519       
29.9472        1.26316        -2.99924       
29.9472        1.34211        -3.16051       
29.9472        1.42105        -3.31907       
29.9472        1.5            -3.47496       
30.1363        0              0              
30.1363        0.0789474      -0.213436      
30.1363        0.157895       -0.423125      
30.1363        0.236842       -0.629148      
30.1363        0.315789       -0.831585      
30.1363        0.394737       -1.03051       
30.1363        0.473684       -1.226         
30.1363        0.552632       -1.41812       
30.1363        0.631579       -1.60695       
30.1363        0.710526       -1.79255       
30.1363        0.789474       -1.97499       
30.1363        0.868421       -2.15433       
30.1363        0.947368       -2.33063       
30.1363        1.02632        -2.50396       
30.1363        1.10526        -2.67437       
30.1363        1.18421        -2.84192       
30.1363        1.26316        -3.00667       
30.1363        1.34211        -3.16867       
30.1363        1.42105        -3.32798       
30.1363        1.5            -3.48464       
30.3255        0              0              
30.3255        0.0789474      -0.213573      
30.3255        0.157895       -0.423448      
30.3255        0.236842       -0.629706      
30.3255        0.315789       -0.832421      
30.3255        0.394737       -1.03167       
30.3255        0.473684       -1.22752       
30.3255        0.552632       -1.42004       
30.3255        0.631579       -1.60931       
30.3255        0.710526       -1.79538       
30.3255        0.789474       -1.97833       
30.3255        0.868421       -2.1582        
30.3255        0.947368       -2.33507       
30.3255        1.02632        -2.509         
30.3255        1.10526        -2.68003       
30.3255        1.18421        -2.84823       
30.3255        1.26316        -3.01365       
30.3255        1.34211        -3.17635       
30.3255        1.42105        -3.33637       
30.3255        1.5            -3.49377       
30.5146        0              0              
30.5146        0.0789474      -0.213687      
30.5146        0.157895       -0.423726      
30.5146        0.236842       -0.630194      
30.5146        0.315789       -0.833163      
30.5146        0.394737       -1.03271       
30.5146        0.473684       -1.22889       
30.5146        0.552632       -1.42179       
30.5146        0.631579       -1.61147       
30.5146        0.710526       -1.79799       
30.5146        0.789474       -1.98141       
30.5146        0.868421       -2.1618        
30.5146        0.947368       -2.33921       
30.5146        1.02632        -2.5137        
30.5146        1.10526        -2.68532       
30.5146        1.18421        -2.85414       
30.5146        1.26316        -3.02021       
30.5146        1.34211        -3.18357       
30.5146        1.42105        -3.34428       
30.5146        1.5            -3.50239       
30.7038        0              0              
30.7038        0.0789474      -0.213781      
30.7038        0.157895       -0.423961      
30.7038        0.236842       -0.630616      
30.7038        0.315789       -0.833816      
30.7038        0.394737       -1.03363       
30.7038        0.473684       -1.23013       
30.7038        0.552632       -1.42338       
30.7038        0.631579       -1.61344       
30.7038        0.710526       -1.80038       
30.7038        0.789474       -1.98425       
30.7038        0.868421       -2.16512       
30.7038        0.947368       -2.34304       
30.7038        1.02632        -2.51807       
30.7038        1.10526        -2.69027       
30.7038        1.18421        -2.85968       
30.7038        1.26316        -3.02636       
30.7038        1.34211        -3.19036       
30.7038        1.42105        -3.35173       
30.7038        1.5            -3.51051       
30.8929        0              0              
30.8929        0.0789474      -0.213854      
30.8929        0.157895       -0.424155      
30.8929        0.236842       -0.630975      
30.8929        0.315789       -0.834383      
30.8929        0.394737       -1.03445       
30.8929        0.473684       -1.23124       
30.8929        0.552632       -1.42481       
30.8929        0.631579       -1.61523       
30.8929        0.710526       -1.80256       
30.8929        0.789474       -1.98686       
30.8929        0.868421       -2.16819       
30.8929        0.947368       -2.34659       
30.8929        1.02632        -2.52214       
30.8929        1.10526        -2.69487       
30.8929        1.18421        -2.86484       
30.8929        1.26316        -3.03211       
30.8929        1.34211        -3.19672       
30.8929        1.42105        -3.35872       
30.8929        1.5            -3.51816       
31.0821        0              0              
31.0821        0.0789474      -0.213908      
31.0821        0.157895       -0.42431       
31.0821        0.236842       -0.631274      
31.0821        0.315789       -0.83487       
31.0821        0.394737       -1.03516       
31.0821        0.473684       -1.23221       
31.0821        0.552632       -1.42609       
31.0821        0.631579       -1.61685       
31.0821        0.710526       -1.80455       
31.0821        0.789474       -1.98925       
31.0821        0.868421       -2.17101       
31.0821        0.947368       -2.34987       
31.0821        1.02632        -2.5259        
31.0821        1.10526        -2.69915       
31.0821        1.18421        -2.86966       
31.0821        1.26316        -3.03749       
31.0821        1.34211        -3.20269       
31.0821        1.42105        -3.36529       
31.0821        1.5            -3.52536       
31.2712        0              0              
31.2712        0.0789474      -0.213944      
31.2712        0.157895       -0.424428      
31.2712        0.236842       -0.631517      
31.2712        0.315789       -0.835279      
31.2712        0.394737       -1.03578       
31.2712        0.473684       -1.23307       
31.2712        0.552632       -1.42723       
31.2712        0.631579       -1.6183        
31.2712        0.710526       -1.80635       
31.2712        0.789474       -1.99143       
31.2712        0.868421       -2.17359       
31.2712        0.947368       -2.35289       
31.2712        1.02632        -2.52939       
31.2712        1.10526        -2.70312       
31.2712        1.18421        -2.87415       
31.2712        1.26316        -3.04252       
31.2712        1.34211        -3.20827       
31.2712        1.42105        -3.37145       
31.2712        1.5            -3.53212       
31.4604        0              0              
31.4604        0.0789474      -0.213963      
31.4604        0.157895       -0.42451       
31.4604        0.236842       -0.631706      
31.4604        0.315789       -0.835615      
31.4604        0.394737       -1.0363        
31.4604        0.473684       -1.23382       
31.4604        0.552632       -1.42823       
31.4604        0.631579       -1.6196        
31.4604        0.710526       -1.80797       
31.4604        0.789474       -1.9934        
31.4604        0.868421       -2.17595       
31.4604        0.947368       -2.35567       
31.4604        1.02632        -2.5326        
31.4604        1.10526        -2.7068        
31.4604        1.18421        -2.87832       
31.4604        1.26316        -3.0472        
31.4604        1.34211        -3.21348       
31.4604        1.42105        -3.37723       
31.4604        1.5            -3.53847       
31.6495        0              0              
31.6495        0.0789474      -0.213966      
31.6495        0.157895       -0.424559      
31.6495        0.236842       -0.631843      
31.6495        0.315789       -0.835881      
31.6495        0.394737       -1.03673       
31.6495        0.473684       -1.23445       
31.6495        0.552632       -1.42911       
31.6495        0.631579       -1.62074       
31.6495        0.710526       -1.80942       
31.6495        0.789474       -1.99519       
31.6495        0.868421       -2.1781        
31.6495        0.947368       -2.3582        
31.6495        1.02632        -2.53556       
31.6495        1.10526        -2.7102        
31.6495        1.18421        -2.88218       
31.6495        1.26316        -3.05155       
31.6495        1.34211        -3.21835       
31.6495        1.42105        -3.38262       
31.6495        1.5            -3.54442       
31.8387        0              0              
31.8387        0.0789474      -0.213953      
31.8387        0.157895       -0.424576      
31.8387        0.236842       -0.631932      
31.8387        0.315789       -0.83608       
31.8387        0.394737       -1.03708       
31.8387        0.473684       -1.23499       
31.8387        0.552632       -1.42986       
31.8387        0.631579       -1.62175       
31.8387        0.710526       -1.8107        
31.8387        0.789474       -1.99679       
31.8387        0.868421       -2.18004       
31.8387        0.947368       -2.36052       
31.8387        1.02632        -2.53826       
31.8387        1.10526        -2.71333       
31.8387        1.18421        -2.88575       
31.8387        1.26316        -3.05559       
31.8387        1.34211        -3.22288       
31.8387        1.42105        -3.38766       
31.8387        1.5            -3.54998       
32.0278        0              0              
32.0278        0.0789474      -0.213925      
32.0278        0.157895       -0.424563      
32.0278        0.236842       -0.631974      
32.0278        0.315789       -0.836216      
32.0278        0.394737       -1.03735       
32.0278        0.473684       -1.23542       
32.0278        0.552632       -1.43049       
32.0278        0.631579       -1.62261       
32.0278        0.710526       -1.81183       
32.0278        0.789474       -1.99821       
32.0278        0.868421       -2.18179       
32.0278        0.947368       -2.36261       
32.0278        1.02632        -2.54073       
32.0278        1.10526        -2.7162        
32.0278        1.18421        -2.88905       
32.0278        1.26316        -3.05933       
32.0278        1.34211        -3.22708       
32.0278        1.42105        -3.39235       
32.0278        1.5            -3.55518       
32.217         0              0              
32.217         0.0789474      -0.213883      
32.217         0.157895       -0.424521      
32.217         0.236842       -0.631971      
32.217         0.315789       -0.836291      
32.217         0.394737       -1.03754       
32.217         0.473684       -1.23576       
32.217         0.552632       -1.43101       
32.217         0.631579       -1.62335       
32.217         0.710526       -1.81282       
32.217         0.789474       -1.99947       
32.217         0.868421       -2.18334       
32.217         0.947368       -2.3645        
32.217         1.02632        -2.54298       
32.217         1.10526        -2.71882       
32.217         1.18421        -2.89207       
32.217         1.26316        -3.06278       
32.217         1.34211        -3.23098       
32.217         1.42105        -3.39672       
32.217         1.5            -3.56003       
32.4061        0              0              
32.4061        0.0789474      -0.213828      
32.4061        0.157895       -0.424452      
32.4061        0.236842       -0.631927      
32.4061        0.315789       -0.836309      
32.4061        0.394737       -1.03765       
32.4061        0.473684       -1.23601       
32.4061        0.552632       -1.43143       
32.4061        0.631579       -1.62396       
32.4061        0.710526       -1.81366       
32.4061        0.789474       -2.00056       
32.4061        0.868421       -2.18472       
32.4061        0.947368       -2.36619       
32.4061        1.02632        -2.545         
32.4061        1.10526        -2.7212        
32.4061        1.18421        -2.89484       
32.4061        1.26316        -3.06595       
32.4061        1.34211        -3.23458       
32.4061        1.42105        -3.40077       
32.4061        1.5            -3.56455       
32.5953        0              0              
32.5953        0.0789474      -0.21376       
32.5953        0.157895       -0.424356      
32.5953        0.236842       -0.631842      
32.5953        0.315789       -0.836272      
32.5953        0.394737       -1.0377        
32.5953        0.473684       -1.23617       
32.5953        0.552632       -1.43174       
32.5953        0.631579       -1.62445       
32.5953        0.710526       -1.81436       
32.5953        0.789474       -2.0015        
32.5953        0.868421       -2.18593       
32.5953        0.947368       -2.36769       
32.5953        1.02632        -2.54682       
32.5953        1.10526        -2.72336       
32.5953        1.18421        -2.89736       
32.5953        1.26316        -3.06886       
32.5953        1.34211        -3.2379        
32.5953        1.42105        -3.40451       
32.5953        1.5            -3.56874       
32.7844        0              0              
32.7844        0.0789474      -0.21368       
32.7844        0.157895       -0.424235      
32.7844        0.236842       -0.631719      
32.7844        0.315789       -0.836182      
32.7844        0.394737       -1.03768       
32.7844        0.473684       -1.23625       
32.7844        0.552632       -1.43195       
32.7844        0.631579       -1.62483       
32.7844        0.710526       -1.81493       
32.7844        0.789474       -2.0023        
32.7844        0.868421       -2.18698       
32.7844        0.947368       -2.36901       
32.7844        1.02632        -2.54844       
32.7844        1.10526        -2.72531       
32.7844        1.18421        -2.89965       
32.7844        1.26316        -3.07152       
32.7844        1.34211        -3.24094       
32.7844        1.42105        -3.40796       
32.7844        1.5            -3.57262       
32.9736        0              0              
32.9736        0.0789474      -0.213589      
32.9736        0.157895       -0.424091      
32.9736        0.236842       -0.631559      
32.9736        0.315789       -0.836043      
32.9736        0.394737       -1.03759       
32.9736        0.473684       -1.23625       
32.9736        0.552632       -1.43207       
32.9736        0.631579       -1.6251        
32.9736        0.710526       -1.81538       
32.9736        0.789474       -2.00295       
32.9736        0.868421       -2.18786       
32.9736        0.947368       -2.37015       
32.9736        1.02632        -2.54987       
32.9736        1.10526        -2.72704       
32.9736        1.18421        -2.90172       
32.9736        1.26316        -3.07393       
32.9736        1.34211        -3.24373       
32.9736        1.42105        -3.41114       
32.9736        1.5            -3.57621       
33.1627        0              0              
33.1627        0.0789474      -0.213486      
33.1627        0.157895       -0.423924      
33.1627        0.236842       -0.631365      
33.1627        0.315789       -0.835856      
33.1627        0.394737       -1.03745       
33.1627        0.473684       -1.23618       
33.1627        0.552632       -1.43211       
33.1627        0.631579       -1.62527       
33.1627        0.710526       -1.81571       
33.1627        0.789474       -2.00347       
33.1627        0.868421       -2.1886        
33.1627        0.947368       -2.37113       
33.1627        1.02632        -2.55111       
33.1627        1.10526        -2.72858       
33.1627        1.18421        -2.90356       
33.1627        1.26316        -3.07611       
33.1627        1.34211        -3.24626       
33.1627        1.42105        -3.41405       
33.1627        1.5            -3.5795        
33.3519        0              0              
33.3519        0.0789474      -0.213373      
33.3519        0.157895       -0.423736      
33.3519        0.236842       -0.631137      
33.3519        0.315789       -0.835623      
33.3519        0.394737       -1.03724       
33.3519        0.473684       -1.23604       
33.3519        0.552632       -1.43205       
33.3519        0.631579       -1.62534       
33.3519        0.710526       -1.81593       
33.3519        0.789474       -2.00387       
33.3519        0.868421       -2.18919       
33.3519        0.947368       -2.37195       
33.3519        1.02632        -2.55218       
33.3519        1.10526        -2.72992       
33.3519        1.18421        -2.9052        
33.3519        1.26316        -3.07807       
33.3519        1.34211        -3.24856       
33.3519        1.42105        -3.4167        
33.3519        1.5            -3.58253       
33.541         0              0              
33.541         0.0789474      -0.21325       
33.541         0.157895       -0.423527      
33.541         0.236842       -0.630878      
33.541         0.315789       -0.835348      
33.541         0.394737       -1.03698       
33.541         0.473684       -1.23583       
33.541         0.552632       -1.43192       
33.541         0.631579       -1.62531       
33.541         0.710526       -1.81603       
33.541         0.789474       -2.00413       
33.541         0.868421       -2.18965       
33.541         0.947368       -2.37262       
33.541         1.02632        -2.55309       
33.541         1.10526        -2.73108       
33.541         1.18421        -2.90664       
33.541         1.26316        -3.07981       
33.541         1.34211        -3.25062       
33.541         1.42105        -3.4191        
33.541         1.5            -3.58529       
33.7302        0              0              
33.7302        0.0789474      -0.213118      
33.7302        0.157895       -0.423299      
33.7302        0.236842       -0.630588      
33.7302        0.315789       -0.835031      
33.7302        0.394737       -1.03667       
33.7302        0.473684       -1.23555       
33.7302        0.552632       -1.43171       
33.7302        0.631579       -1.62519       
33.7302        0.710526       -1.81604       
33.7302        0.789474       -2.00429       
33.7302        0.868421       -2.18997       
33.7302        0.947368       -2.37314       
33.7302        1.02632        -2.55383       
33.7302        1.10526        -2.73207       
33.7302        1.18421        -2.90789       
33.7302        1.26316        -3.08135       
33.7302        1.34211        -3.25246       
33.7302        1.42105        -3.42127       
33.7302        1.5            -3.5878        
33.9193        0              0              
33.9193        0.0789474      -0.212977      
33.9193        0.157895       -0.423052      
33.9193        0.236842       -0.63027       
33.9193        0.315789       -0.834674      
33.9193        0.394737       -1.03631       
33.9193        0.473684       -1.23521       
33.9193        0.552632       -1.43142       
33.9193        0.631579       -1.62499       
33.9193        0.710526       -1.81594       
33.9193        0.789474       -2.00432       
33.9193        0.868421       -2.19017       
33.9193        0.947368       -2.37352       
33.9193        1.02632        -2.55442       
33.9193        1.10526        -2.73288       
33.9193        1.18421        -2.90896       
33.9193        1.26316        -3.08269       
33.9193        1.34211        -3.25409       
33.9193        1.42105        -3.4232        
33.9193        1.5            -3.59006       
34.1085        0              0              
34.1085        0.0789474      -0.212827      
34.1085        0.157895       -0.422788      
34.1085        0.236842       -0.629925      
34.1085        0.315789       -0.83428       
34.1085        0.394737       -1.0359        
34.1085        0.473684       -1.23481       
34.1085        0.552632       -1.43107       
34.1085        0.631579       -1.6247        
34.1085        0.710526       -1.81575       
34.1085        0.789474       -2.00425       
34.1085        0.868421       -2.19025       
34.1085        0.947368       -2.37377       
34.1085        1.02632        -2.55486       
34.1085        1.10526        -2.73354       
34.1085        1.18421        -2.90985       
34.1085        1.26316        -3.08383       
34.1085        1.34211        -3.25551       
34.1085        1.42105        -3.42492       
34.1085        1.5            -3.5921        
34.2976        0              0              
34.2976        0.0789474      -0.212669      
34.2976        0.157895       -0.422506      
34.2976        0.236842       -0.629553      
34.2976        0.315789       -0.83385       
34.2976        0.394737       -1.03544       
34.2976        0.473684       -1.23435       
34.2976        0.552632       -1.43064       
34.2976        0.631579       -1.62433       
34.2976        0.710526       -1.81547       
34.2976        0.789474       -2.00408       
34.2976        0.868421       -2.19021       
34.2976        0.947368       -2.37389       
34.2976        1.02632        -2.55516       
34.2976        1.10526        -2.73404       
34.2976        1.18421        -2.91058       
34.2976        1.26316        -3.0848        
34.2976        1.34211        -3.25674       
34.2976        1.42105        -3.42643       
34.2976        1.5            -3.5939        
34.4868        0              0              
34.4868        0.0789474      -0.212504      
34.4868        0.157895       -0.422209      
34.4868        0.236842       -0.629156      
34.4868        0.315789       -0.833386      
34.4868        0.394737       -1.03494       
34.4868        0.473684       -1.23385       
34.4868        0.552632       -1.43015       
34.4868        0.631579       -1.62389       
34.4868        0.710526       -1.8151        
34.4868        0.789474       -2.00381       
34.4868        0.868421       -2.19006       
34.4868        0.947368       -2.37389       
34.4868        1.02632        -2.55532       
34.4868        1.10526        -2.73439       
34.4868        1.18421        -2.91114       
34.4868        1.26316        -3.08559       
34.4868        1.34211        -3.25778       
34.4868        1.42105        -3.42774       
34.4868        1.5            -3.5955        
34.6759        0              0              
34.6759        0.0789474      -0.21233       
34.6759        0.157895       -0.421896      
34.6759        0.236842       -0.628736      
34.6759        0.315789       -0.832889      
34.6759        0.394737       -1.03439       
34.6759        0.473684       -1.23328       
34.6759        0.552632       -1.4296        
34.6759        0.631579       -1.62337       
34.6759        0.710526       -1.81464       
34.6759        0.789474       -2.00344       
34.6759        0.868421       -2.1898        
34.6759        0.947368       -2.37376       
34.6759        1.02632        -2.55535       
34.6759        1.10526        -2.7346        
34.6759        1.18421        -2.91154       
34.6759        1.26316        -3.08621       
34.6759        1.34211        -3.25864       
34.6759        1.42105        -3.42885       
34.6759        1.5            -3.59688       
34.8651        0              0              
34.8651        0.0789474      -0.21215       
34.8651        0.157895       -0.421569      
34.8651        0.236842       -0.628293      
34.8651        0.315789       -0.832361      
34.8651        0.394737       -1.03381       
34.8651        0.473684       -1.23267       
34.8651        0.552632       -1.42899       
34.8651        0.631579       -1.62279       
34.8651        0.710526       -1.81411       
34.8651        0.789474       -2.00298       
34.8651        0.868421       -2.18944       
34.8651        0.947368       -2.37352       
34.8651        1.02632        -2.55526       
34.8651        1.10526        -2.73467       
34.8651        1.18421        -2.9118        
34.8651        1.26316        -3.08667       
34.8651        1.34211        -3.25932       
34.8651        1.42105        -3.42978       
34.8651        1.5            -3.59806       
35.0542        0              0              
35.0542        0.0789474      -0.211964      
35.0542        0.157895       -0.421228      
35.0542        0.236842       -0.627829      
35.0542        0.315789       -0.831803      
35.0542        0.394737       -1.03319       
35.0542        0.473684       -1.23201       
35.0542        0.552632       -1.42832       
35.0542        0.631579       -1.62214       
35.0542        0.710526       -1.8135        
35.0542        0.789474       -2.00244       
35.0542        0.868421       -2.18899       
35.0542        0.947368       -2.37318       
35.0542        1.02632        -2.55504       
35.0542        1.10526        -2.73461       
35.0542        1.18421        -2.91191       
35.0542        1.26316        -3.08698       
35.0542        1.34211        -3.25984       
35.0542        1.42105        -3.43052       
35.0542        1.5            -3.59906       
35.2434        0              0              
35.2434        0.0789474      -0.211771      
35.2434        0.157895       -0.420873      
35.2434        0.236842       -0.627343      
35.2434        0.315789       -0.831217      
35.2434        0.394737       -1.03253       
35.2434        0.473684       -1.23131       
35.2434        0.552632       -1.4276        
35.2434        0.631579       -1.62142       
35.2434        0.710526       -1.81281       
35.2434        0.789474       -2.00181       
35.2434        0.868421       -2.18844       
35.2434        0.947368       -2.37273       
35.2434        1.02632        -2.55471       
35.2434        1.10526        -2.73442       
35.2434        1.18421        -2.91189       
35.2434        1.26316        -3.08714       
35.2434        1.34211        -3.2602        
35.2434        1.42105        -3.4311        
35.2434        1.5            -3.59986       
35.4325        0              0              
35.4325        0.0789474      -0.211571      
35.4325        0.157895       -0.420506      
35.4325        0.236842       -0.626839      
35.4325        0.315789       -0.830603      
35.4325        0.394737       -1.03183       
35.4325        0.473684       -1.23056       
35.4325        0.552632       -1.42682       
35.4325        0.631579       -1.62064       
35.4325        0.710526       -1.81206       
35.4325        0.789474       -2.0011        
35.4325        0.868421       -2.1878        
35.4325        0.947368       -2.37218       
35.4325        1.02632        -2.55427       
35.4325        1.10526        -2.73412       
35.4325        1.18421        -2.91173       
35.4325        1.26316        -3.08715       
35.4325        1.34211        -3.2604        
35.4325        1.42105        -3.4315        
35.4325        1.5            -3.60049       
35.6217        0              0              
35.6217        0.0789474      -0.211367      
35.6217        0.157895       -0.420127      
35.6217        0.236842       -0.626315      
35.6217        0.315789       -0.829964      
35.6217        0.394737       -1.03111       
35.6217        0.473684       -1.22977       
35.6217        0.552632       -1.426         
35.6217        0.631579       -1.61981       
35.6217        0.710526       -1.81124       
35.6217        0.789474       -2.00031       
35.6217        0.868421       -2.18707       
35.6217        0.947368       -2.37153       
35.6217        1.02632        -2.55373       
35.6217        1.10526        -2.73369       
35.6217        1.18421        -2.91145       
35.6217        1.26316        -3.08702       
35.6217        1.34211        -3.26045       
35.6217        1.42105        -3.43175       
35.6217        1.5            -3.60095       
35.8108        0              0              
35.8108        0.0789474      -0.211156      
35.8108        0.157895       -0.419737      
35.8108        0.236842       -0.625774      
35.8108        0.315789       -0.8293        
35.8108        0.394737       -1.03035       
35.8108        0.473684       -1.22894       
35.8108        0.552632       -1.42512       
35.8108        0.631579       -1.61892       
35.8108        0.710526       -1.81035       
35.8108        0.789474       -1.99945       
35.8108        0.868421       -2.18626       
35.8108        0.947368       -2.37079       
35.8108        1.02632        -2.55308       
35.8108        1.10526        -2.73316       
35.8108        1.18421        -2.91104       
35.8108        1.26316        -3.08677       
35.8108        1.34211        -3.26036       
35.8108        1.42105        -3.43184       
35.8108        1.5            -3.60124       
36             0              0              
36             0.0789474      -0.210941      
36             0.157895       -0.419335      
36             0.236842       -0.625216      
36             0.315789       -0.828612      
36             0.394737       -1.02956       
36             0.473684       -1.22808       
36             0.552632       -1.42421       
36             0.631579       -1.61797       
36             0.710526       -1.8094        
36             0.789474       -1.99852       
36             0.868421       -2.18537       
36             0.947368       -2.36996       
36             1.02632        -2.55233       
36             1.10526        -2.73251       
36             1.18421        -2.91052       
36             1.26316        -3.08638       
36             1.34211        -3.26013       
36             1.42105        -3.43179       
36             1.5            -3.60138       
