17.2741   36        100       0         1.5       20        
17.2741        0              0              
17.2741        0.0789474      -0.100611      
17.2741        0.157895       -0.205464      
17.2741        0.236842       -0.313795      
17.2741        0.315789       -0.424942      
17.2741        0.394737       -0.538326      
17.2741        0.473684       -0.653446      
17.2741        0.552632       -0.769866      
17.2741        0.631579       -0.887205      
17.2741        0.710526       -1.00513       
17.2741        0.789474       -1.12336       
17.2741        0.868421       -1.24163       
17.2741        0.947368       -1.35973       
17.2741        1.02632        -1.47747       
17.2741        1.10526        -1.59469       
17.2741        1.18421        -1.71123       
17.2741        1.26316        -1.82699       
17.2741        1.34211        -1.94184       
17.2741        1.42105        -2.0557        
17.2741        1.5            -2.16849       
17.4632        0              0              
17.4632        0.0789474      -0.13007       
17.4632        0.157895       -0.261814      
17.4632        0.236842       -0.394747      
17.4632        0.315789       -0.528448      
17.4632        0.394737       -0.662555      
17.4632        0.473684       -0.796752      
17.4632        0.552632       -0.930769      
17.4632        0.631579       -1.06437       
17.4632        0.710526       -1.19735       
17.4632        0.789474       -1.32955       
17.4632        0.868421       -1.4608        
17.4632        0.947368       -1.59098       
17.4632        1.02632        -1.71998       
17.4632        1.10526        -1.84771       
17.4632        1.18421        -1.97409       
17.4632        1.26316        -2.09905       
17.4632        1.34211        -2.22255       
17.4632        1.42105        -2.34453       
17.4632        1.5            -2.46497       
17.6524        0              0              
17.6524        0.0789474      -0.122747      
17.6524        0.157895       -0.246789      
17.6524        0.236842       -0.371731      
17.6524        0.315789       -0.497229      
17.6524        0.394737       -0.622985      
17.6524        0.473684       -0.748739      
17.6524        0.552632       -0.874264      
17.6524        0.631579       -0.999364      
17.6524        0.710526       -1.12387       
17.6524        0.789474       -1.24763       
17.6524        0.868421       -1.37052       
17.6524        0.947368       -1.49243       
17.6524        1.02632        -1.61327       
17.6524        1.10526        -1.73295       
17.6524        1.18421        -1.85141       
17.6524        1.26316        -1.96859       
17.6524        1.34211        -2.08444       
17.6524        1.42105        -2.19892       
17.6524        1.5            -2.312         
17.8415        0              0              
17.8415        0.0789474      -0.111841      
17.8415        0.157895       -0.224864      
17.8415        0.236842       -0.338733      
17.8415        0.315789       -0.453157      
17.8415        0.394737       -0.567878      
17.8415        0.473684       -0.682671      
17.8415        0.552632       -0.797338      
17.8415        0.631579       -0.911705      
17.8415        0.710526       -1.02562       
17.8415        0.789474       -1.13896       
17.8415        0.868421       -1.25159       
17.8415        0.947368       -1.36343       
17.8415        1.02632        -1.47439       
17.8415        1.10526        -1.58438       
17.8415        1.18421        -1.69334       
17.8415        1.26316        -1.80123       
17.8415        1.34211        -1.90799       
17.8415        1.42105        -2.01358       
17.8415        1.5            -2.11798       
18.0307        0              0              
18.0307        0.0789474      -0.100358      
18.0307        0.157895       -0.201867      
18.0307        0.236842       -0.304238      
18.0307        0.315789       -0.407217      
18.0307        0.394737       -0.510581      
18.0307        0.473684       -0.61413       
18.0307        0.552632       -0.717688      
18.0307        0.631579       -0.8211        
18.0307        0.710526       -0.924229      
18.0307        0.789474       -1.02695       
18.0307        0.868421       -1.12917       
18.0307        0.947368       -1.23078       
18.0307        1.02632        -1.3317        
18.0307        1.10526        -1.43186       
18.0307        1.18421        -1.53121       
18.0307        1.26316        -1.62968       
18.0307        1.34211        -1.72722       
18.0307        1.42105        -1.82381       
18.0307        1.5            -1.91939       
18.2198        0              0              
18.2198        0.0789474      -0.0891847     
18.2198        0.157895       -0.179514      
18.2198        0.236842       -0.27074       
18.2198        0.315789       -0.36264       
18.2198        0.394737       -0.455018      
18.2198        0.473684       -0.547695      
18.2198        0.552632       -0.640516      
18.2198        0.631579       -0.733339      
18.2198        0.710526       -0.826039      
18.2198        0.789474       -0.918504      
18.2198        0.868421       -1.01064       
18.2198        0.947368       -1.10235       
18.2198        1.02632        -1.19356       
18.2198        1.10526        -1.28421       
18.2198        1.18421        -1.37422       
18.2198        1.26316        -1.46356       
18.2198        1.34211        -1.55216       
18.2198        1.42105        -1.64          
18.2198        1.5            -1.72703       
18.409         0              0              
18.409         0.0789474      -0.0786232     
18.409         0.157895       -0.158391      
18.409         0.236842       -0.239089      
18.409         0.315789       -0.320523      
18.409         0.394737       -0.402519      
18.409         0.473684       -0.484919      
18.409         0.552632       -0.567583      
18.409         0.631579       -0.650382      
18.409         0.710526       -0.733204      
18.409         0.789474       -0.815945      
18.409         0.868421       -0.898513      
18.409         0.947368       -0.980826      
18.409         1.02632        -1.06281       
18.409         1.10526        -1.1444        
18.409         1.18421        -1.22553       
18.409         1.26316        -1.30616       
18.409         1.34211        -1.38623       
18.409         1.42105        -1.46571       
18.409         1.5            -1.54456       
18.5981        0              0              
18.5981        0.0789474      -0.0687656     
18.5981        0.157895       -0.138673      
18.5981        0.236842       -0.209538      
18.5981        0.315789       -0.28119       
18.5981        0.394737       -0.353475      
18.5981        0.473684       -0.426255      
18.5981        0.552632       -0.499402      
18.5981        0.631579       -0.572802      
18.5981        0.710526       -0.64635       
18.5981        0.789474       -0.719952      
18.5981        0.868421       -0.793523      
18.5981        0.947368       -0.866985      
18.5981        1.02632        -0.940269      
18.5981        1.10526        -1.01331       
18.5981        1.18421        -1.08606       
18.5981        1.26316        -1.15845       
18.5981        1.34211        -1.23045       
18.5981        1.42105        -1.30201       
18.5981        1.5            -1.3731        
18.7873        0              0              
18.7873        0.0789474      -0.0596167     
18.7873        0.157895       -0.120368      
18.7873        0.236842       -0.182093      
18.7873        0.315789       -0.244646      
18.7873        0.394737       -0.307891      
18.7873        0.473684       -0.371704      
18.7873        0.552632       -0.435973      
18.7873        0.631579       -0.500594      
18.7873        0.710526       -0.565473      
18.7873        0.789474       -0.630522      
18.7873        0.868421       -0.695663      
18.7873        0.947368       -0.760823      
18.7873        1.02632        -0.825937      
18.7873        1.10526        -0.890945      
18.7873        1.18421        -0.955793      
18.7873        1.26316        -1.02043       
18.7873        1.34211        -1.08481       
18.7873        1.42105        -1.1489        
18.7873        1.5            -1.21266       
18.9764        0              0              
18.9764        0.0789474      -0.0511452     
18.9764        0.157895       -0.103411      
18.9764        0.236842       -0.15666       
18.9764        0.315789       -0.210765      
18.9764        0.394737       -0.265608      
18.9764        0.473684       -0.321081      
18.9764        0.552632       -0.377082      
18.9764        0.631579       -0.433518      
18.9764        0.710526       -0.490304      
18.9764        0.789474       -0.547361      
18.9764        0.868421       -0.604616      
18.9764        0.947368       -0.662001      
18.9764        1.02632        -0.719456      
18.9764        1.10526        -0.776924      
18.9764        1.18421        -0.834352      
18.9764        1.26316        -0.891694      
18.9764        1.34211        -0.948905      
18.9764        1.42105        -1.00595       
18.9764        1.5            -1.06278       
19.1656        0              0              
19.1656        0.0789474      -0.0433052     
19.1656        0.157895       -0.0877113     
19.1656        0.236842       -0.133102      
19.1656        0.315789       -0.179368      
19.1656        0.394737       -0.226406      
19.1656        0.473684       -0.274122      
19.1656        0.552632       -0.322425      
19.1656        0.631579       -0.371234      
19.1656        0.710526       -0.42047       
19.1656        0.789474       -0.470062      
19.1656        0.868421       -0.519942      
19.1656        0.947368       -0.570049      
19.1656        1.02632        -0.620326      
19.1656        1.10526        -0.670719      
19.1656        1.18421        -0.721179      
19.1656        1.26316        -0.771662      
19.1656        1.34211        -0.822124      
19.1656        1.42105        -0.872527      
19.1656        1.5            -0.922836      
19.3547        0              0              
19.3547        0.0789474      -0.0360464     
19.3547        0.157895       -0.0731695     
19.3547        0.236842       -0.111271      
19.3547        0.315789       -0.150259      
19.3547        0.394737       -0.190044      
19.3547        0.473684       -0.230543      
19.3547        0.552632       -0.271678      
19.3547        0.631579       -0.313374      
19.3547        0.710526       -0.355563      
19.3547        0.789474       -0.398179      
19.3547        0.868421       -0.441162      
19.3547        0.947368       -0.484454      
19.3547        1.02632        -0.528003      
19.3547        1.10526        -0.571758      
19.3547        1.18421        -0.615673      
19.3547        1.26316        -0.659705      
19.3547        1.34211        -0.703814      
19.3547        1.42105        -0.747963      
19.3547        1.5            -0.792117      
19.5439        0              0              
19.5439        0.0789474      -0.0293193     
19.5439        0.157895       -0.059687      
19.5439        0.236842       -0.0910219     
19.5439        0.315789       -0.123246      
19.5439        0.394737       -0.156283      
19.5439        0.473684       -0.190063      
19.5439        0.552632       -0.224515      
19.5439        0.631579       -0.259576      
19.5439        0.710526       -0.295182      
19.5439        0.789474       -0.331276      
19.5439        0.868421       -0.367803      
19.5439        0.947368       -0.40471       
19.5439        1.02632        -0.441947      
19.5439        1.10526        -0.47947       
19.5439        1.18421        -0.517233      
19.5439        1.26316        -0.555198      
19.5439        1.34211        -0.593324      
19.5439        1.42105        -0.631578      
19.5439        1.5            -0.669924      
19.733         0              0              
19.733         0.0789474      -0.0230768     
19.733         0.157895       -0.0471707     
19.733         0.236842       -0.0722155     
19.733         0.315789       -0.0981465     
19.733         0.394737       -0.1249        
19.733         0.473684       -0.152415      
19.733         0.552632       -0.180633      
19.733         0.631579       -0.209494      
19.733         0.710526       -0.238947      
19.733         0.789474       -0.268936      
19.733         0.868421       -0.299414      
19.733         0.947368       -0.330332      
19.733         1.02632        -0.361645      
19.733         1.10526        -0.393311      
19.733         1.18421        -0.425289      
19.733         1.26316        -0.457541      
19.733         1.34211        -0.49003       
19.733         1.42105        -0.522722      
19.733         1.5            -0.555586      
19.9222        0              0              
19.9222        0.0789474      -0.0172757     
19.9222        0.157895       -0.0355346     
19.9222        0.236842       -0.0547245     
19.9222        0.315789       -0.0747927     
19.9222        0.394737       -0.0956869     
19.9222        0.473684       -0.117355      
19.9222        0.552632       -0.139747      
19.9222        0.631579       -0.162812      
19.9222        0.710526       -0.186503      
19.9222        0.789474       -0.210773      
19.9222        0.868421       -0.235578      
19.9222        0.947368       -0.260874      
19.9222        1.02632        -0.28662       
19.9222        1.10526        -0.312778      
19.9222        1.18421        -0.339309      
19.9222        1.26316        -0.366177      
19.9222        1.34211        -0.393349      
19.9222        1.42105        -0.420792      
19.9222        1.5            -0.448476      
20.1113        0              0              
20.1113        0.0789474      -0.0118763     
20.1113        0.157895       -0.0247004     
20.1113        0.236842       -0.0384324     
20.1113        0.315789       -0.0530309     
20.1113        0.394737       -0.0684533     
20.1113        0.473684       -0.0846569     
20.1113        0.552632       -0.101599      
20.1113        0.631579       -0.119236      
20.1113        0.710526       -0.137528      
20.1113        0.789474       -0.156433      
20.1113        0.868421       -0.175911      
20.1113        0.947368       -0.195923      
20.1113        1.02632        -0.216434      
20.1113        1.10526        -0.237405      
20.1113        1.18421        -0.258803      
20.1113        1.26316        -0.280594      
20.1113        1.34211        -0.302747      
20.1113        1.42105        -0.32523       
20.1113        1.5            -0.348015      
20.3005        0              0              
20.3005        0.0789474      -0.00684311    
20.3005        0.157895       -0.0145973     
20.3005        0.236842       -0.023234      
20.3005        0.315789       -0.032722      
20.3005        0.394737       -0.0430279     
20.3005        0.473684       -0.0541171     
20.3005        0.552632       -0.0659541     
20.3005        0.631579       -0.078503      
20.3005        0.710526       -0.0917281     
20.3005        0.789474       -0.105594      
20.3005        0.868421       -0.120065      
20.3005        0.947368       -0.135106      
20.3005        1.02632        -0.150686      
20.3005        1.10526        -0.166769      
20.3005        1.18421        -0.183325      
20.3005        1.26316        -0.200323      
20.3005        1.34211        -0.217733      
20.3005        1.42105        -0.235526      
20.3005        1.5            -0.253675      
20.4896        0              0              
20.4896        0.0789474      -0.00214389    
20.4896        0.157895       -0.00516142    
20.4896        0.236842       -0.00903433    
20.4896        0.315789       -0.0137406     
20.4896        0.394737       -0.0192554     
20.4896        0.473684       -0.0255516     
20.4896        0.552632       -0.0326005     
20.4896        0.631579       -0.0403726     
20.4896        0.710526       -0.0488376     
20.4896        0.789474       -0.0579647     
20.4896        0.868421       -0.0677234     
20.4896        0.947368       -0.078083      
20.4896        1.02632        -0.0890136     
20.4896        1.10526        -0.100485      
20.4896        1.18421        -0.112469      
20.4896        1.26316        -0.124937      
20.4896        1.34211        -0.137861      
20.4896        1.42105        -0.151215      
20.4896        1.5            -0.164971      
20.6788        0              0              
20.6788        0.0789474      0.0022502      
20.6788        0.157895       0.00366458     
20.6788        0.236842       0.00425204     
20.6788        0.315789       0.0040261      
20.6788        0.394737       0.00300393     
20.6788        0.473684       0.0012056      
20.6788        0.552632       -0.00134666    
20.6788        0.631579       -0.00462895    
20.6788        0.710526       -0.00861614    
20.6788        0.789474       -0.0132823     
20.6788        0.868421       -0.018601      
20.6788        0.947368       -0.0245456     
20.6788        1.02632        -0.0310892     
20.6788        1.10526        -0.0382053     
20.6788        1.18421        -0.0458676     
20.6788        1.26316        -0.0540501     
20.6788        1.34211        -0.0627273     
20.6788        1.42105        -0.0718744     
20.6788        1.5            -0.081467      
20.8679        0              0              
20.8679        0.0789474      0.00636511     
20.8679        0.157895       0.0119323      
20.8679        0.236842       0.0167019      
20.8679        0.315789       0.0206798      
20.8679        0.394737       0.0238759      
20.8679        0.473684       0.0263039      
20.8679        0.552632       0.0279802      
20.8679        0.631579       0.0289231      
20.8679        0.710526       0.0291531      
20.8679        0.789474       0.0286915      
20.8679        0.868421       0.0275609      
20.8679        0.947368       0.0257842      
20.8679        1.02632        0.023385       
20.8679        1.10526        0.020387       
20.8679        1.18421        0.0168138      
20.8679        1.26316        0.0126891      
20.8679        1.34211        0.00803616     
20.8679        1.42105        0.00287806     
20.8679        1.5            -0.00276255    
21.0571        0              0              
21.0571        0.0789474      0.0102241      
21.0571        0.157895       0.019688       
21.0571        0.236842       0.0283844      
21.0571        0.315789       0.0363118      
21.0571        0.394737       0.0434739      
21.0571        0.473684       0.0498782      
21.0571        0.552632       0.0555356      
21.0571        0.631579       0.0604596      
21.0571        0.710526       0.0646659      
21.0571        0.789474       0.0681718      
21.0571        0.868421       0.070996       
21.0571        0.947368       0.073158       
21.0571        1.02632        0.0746784      
21.0571        1.10526        0.0755778      
21.0571        1.18421        0.0758775      
21.0571        1.26316        0.0755987      
21.0571        1.34211        0.0747627      
21.0571        1.42105        0.0733909      
21.0571        1.5            0.071504       
21.2462        0              0              
21.2462        0.0789474      0.0138482      
21.2462        0.157895       0.0269735      
21.2462        0.236842       0.0393616      
21.2462        0.315789       0.0510046      
21.2462        0.394737       0.0619         
21.2462        0.473684       0.0720499      
21.2462        0.552632       0.0814601      
21.2462        0.631579       0.0901394      
21.2462        0.710526       0.0980992      
21.2462        0.789474       0.105353       
21.2462        0.868421       0.111916       
21.2462        0.947368       0.117804       
21.2462        1.02632        0.123035       
21.2462        1.10526        0.127626       
21.2462        1.18421        0.131597       
21.2462        1.26316        0.134967       
21.2462        1.34211        0.137755       
21.2462        1.42105        0.13998        
21.2462        1.5            0.141662       
21.4354        0              0              
21.4354        0.0789474      0.0172562      
21.4354        0.157895       0.0338264      
21.4354        0.236842       0.0496897      
21.4354        0.315789       0.0648323      
21.4354        0.394737       0.0792464      
21.4354        0.473684       0.0929287      
21.4354        0.552632       0.10588        
21.4354        0.631579       0.118106       
21.4354        0.710526       0.129613       
21.4354        0.789474       0.140411       
21.4354        0.868421       0.150511       
21.4354        0.947368       0.159928       
21.4354        1.02632        0.168675       
21.4354        1.10526        0.176768       
21.4354        1.18421        0.184223       
21.4354        1.26316        0.191057       
21.4354        1.34211        0.197288       
21.4354        1.42105        0.202933       
21.4354        1.5            0.20801        
21.6245        0              0              
21.6245        0.0789474      0.0204651      
21.6245        0.157895       0.0402804      
21.6245        0.236842       0.0594191      
21.6245        0.315789       0.0778621      
21.6245        0.394737       0.0955963      
21.6245        0.473684       0.112614       
21.6245        0.552632       0.128912       
21.6245        0.631579       0.14449        
21.6245        0.710526       0.159352       
21.6245        0.789474       0.173505       
21.6245        0.868421       0.186957       
21.6245        0.947368       0.199717       
21.6245        1.02632        0.211799       
21.6245        1.10526        0.223215       
21.6245        1.18421        0.233979       
21.6245        1.26316        0.244106       
21.6245        1.34211        0.253612       
21.6245        1.42105        0.262512       
21.6245        1.5            0.270822       
21.8137        0              0              
21.8137        0.0789474      0.0234903      
21.8137        0.157895       0.0463662      
21.8137        0.236842       0.0685957      
21.8137        0.315789       0.0901545      
21.8137        0.394737       0.111025       
21.8137        0.473684       0.131195       
21.8137        0.552632       0.150657       
21.8137        0.631579       0.169408       
21.8137        0.710526       0.187448       
21.8137        0.789474       0.20478        
21.8137        0.868421       0.221409       
21.8137        0.947368       0.237343       
21.8137        1.02632        0.252591       
21.8137        1.10526        0.267164       
21.8137        1.18421        0.281073       
21.8137        1.26316        0.294332       
21.8137        1.34211        0.306954       
21.8137        1.42105        0.318953       
21.8137        1.5            0.330345       
22.0028        0              0              
22.0028        0.0789474      0.0263456      
22.0028        0.157895       0.0521114      
22.0028        0.236842       0.0772607      
22.0028        0.315789       0.101765       
22.0028        0.394737       0.125601       
22.0028        0.473684       0.148754       
22.0028        0.552632       0.171212       
22.0028        0.631579       0.192968       
22.0028        0.710526       0.21402        
22.0028        0.789474       0.234367       
22.0028        0.868421       0.254011       
22.0028        0.947368       0.272958       
22.0028        1.02632        0.291215       
22.0028        1.10526        0.308789       
22.0028        1.18421        0.325691       
22.0028        1.26316        0.341932       
22.0028        1.34211        0.357523       
22.0028        1.42105        0.372476       
22.0028        1.5            0.386806       
22.192         0              0              
22.192         0.0789474      0.0290436      
22.192         0.157895       0.0575412      
22.192         0.236842       0.0854517      
22.192         0.315789       0.112742       
22.192         0.394737       0.139386       
22.192         0.473684       0.165364       
22.192         0.552632       0.190661       
22.192         0.631579       0.215267       
22.192         0.710526       0.239177       
22.192         0.789474       0.262386       
22.192         0.868421       0.284894       
22.192         0.947368       0.306706       
22.192         1.02632        0.327823       
22.192         1.10526        0.348254       
22.192         1.18421        0.368005       
22.192         1.26316        0.387086       
22.192         1.34211        0.405507       
22.192         1.42105        0.423279       
22.192         1.5            0.440413       
22.3812        0              0              
22.3812        0.0789474      0.0315957      
22.3812        0.157895       0.0626783      
22.3812        0.236842       0.0932027      
22.3812        0.315789       0.123132       
22.3812        0.394737       0.152436       
22.3812        0.473684       0.181093       
22.3812        0.552632       0.209083       
22.3812        0.631579       0.236394       
22.3812        0.710526       0.263017       
22.3812        0.789474       0.288945       
22.3812        0.868421       0.314177       
22.3812        0.947368       0.338713       
22.3812        1.02632        0.362554       
22.3812        1.10526        0.385704       
22.3812        1.18421        0.408171       
22.3812        1.26316        0.42996        
22.3812        1.34211        0.451081       
22.3812        1.42105        0.471542       
22.3812        1.5            0.491355       
22.5703        0              0              
22.5703        0.0789474      0.0340122      
22.5703        0.157895       0.0675435      
22.5703        0.236842       0.100545       
22.5703        0.315789       0.132976       
22.5703        0.394737       0.164804       
22.5703        0.473684       0.196002       
22.5703        0.552632       0.226549       
22.5703        0.631579       0.256429       
22.5703        0.710526       0.285631       
22.5703        0.789474       0.314145       
22.5703        0.868421       0.341968       
22.5703        0.947368       0.369097       
22.5703        1.02632        0.395532       
22.5703        1.10526        0.421275       
22.5703        1.18421        0.446331       
22.5703        1.26316        0.470704       
22.5703        1.34211        0.494403       
22.5703        1.42105        0.517433       
22.5703        1.5            0.539806       
22.7595        0              0              
22.7595        0.0789474      0.0363027      
22.7595        0.157895       0.0721556      
22.7595        0.236842       0.107506       
22.7595        0.315789       0.142311       
22.7595        0.394737       0.176534       
22.7595        0.473684       0.210146       
22.7595        0.552632       0.243123       
22.7595        0.631579       0.275446       
22.7595        0.710526       0.307101       
22.7595        0.789474       0.338077       
22.7595        0.868421       0.368367       
22.7595        0.947368       0.397967       
22.7595        1.02632        0.426875       
22.7595        1.10526        0.45509        
22.7595        1.18421        0.482617       
22.7595        1.26316        0.509458       
22.7595        1.34211        0.535618       
22.7595        1.42105        0.561105       
22.7595        1.5            0.585926       
22.9486        0              0              
22.9486        0.0789474      0.0384758      
22.9486        0.157895       0.0765319      
22.9486        0.236842       0.114113       
22.9486        0.315789       0.151173       
22.9486        0.394737       0.187672       
22.9486        0.473684       0.223578       
22.9486        0.552632       0.258865       
22.9486        0.631579       0.293513       
22.9486        0.710526       0.327503       
22.9486        0.789474       0.360823       
22.9486        0.868421       0.393464       
22.9486        0.947368       0.42542        
22.9486        1.02632        0.456687       
22.9486        1.10526        0.487263       
22.9486        1.18421        0.517149       
22.9486        1.26316        0.546347       
22.9486        1.34211        0.574862       
22.9486        1.42105        0.602698       
22.9486        1.5            0.629861       
23.1378        0              0              
23.1378        0.0789474      0.0405392      
23.1378        0.157895       0.080688       
23.1378        0.236842       0.120388       
23.1378        0.315789       0.159591       
23.1378        0.394737       0.198254       
23.1378        0.473684       0.236344       
23.1378        0.552632       0.27383        
23.1378        0.631579       0.310691       
23.1378        0.710526       0.346906       
23.1378        0.789474       0.382461       
23.1378        0.868421       0.417344       
23.1378        0.947368       0.451548       
23.1378        1.02632        0.485066       
23.1378        1.10526        0.517897       
23.1378        1.18421        0.550038       
23.1378        1.26316        0.58149        
23.1378        1.34211        0.612256       
23.1378        1.42105        0.64234        
23.1378        1.5            0.671747       
23.3269        0              0              
23.3269        0.0789474      0.0425002      
23.3269        0.157895       0.0846385      
23.3269        0.236842       0.126354       
23.3269        0.315789       0.167596       
23.3269        0.394737       0.208319       
23.3269        0.473684       0.248486       
23.3269        0.552632       0.288068       
23.3269        0.631579       0.327037       
23.3269        0.710526       0.365373       
23.3269        0.789474       0.40306        
23.3269        0.868421       0.440083       
23.3269        0.947368       0.476433       
23.3269        1.02632        0.512103       
23.3269        1.10526        0.547087       
23.3269        1.18421        0.581384       
23.3269        1.26316        0.614993       
23.3269        1.34211        0.647915       
23.3269        1.42105        0.680152       
23.3269        1.5            0.711708       
23.5161        0              0              
23.5161        0.0789474      0.0443655      
23.5161        0.157895       0.0883966      
23.5161        0.236842       0.13203        
23.5161        0.315789       0.175213       
23.5161        0.394737       0.217897       
23.5161        0.473684       0.260045       
23.5161        0.552632       0.301624       
23.5161        0.631579       0.342604       
23.5161        0.710526       0.382964       
23.5161        0.789474       0.422685       
23.5161        0.868421       0.461752       
23.5161        0.947368       0.500152       
23.5161        1.02632        0.537878       
23.5161        1.10526        0.574923       
23.5161        1.18421        0.611284       
23.5161        1.26316        0.646957       
23.5161        1.34211        0.681943       
23.5161        1.42105        0.716243       
23.5161        1.5            0.74986        
23.7052        0              0              
23.7052        0.0789474      0.046141       
23.7052        0.157895       0.0919743      
23.7052        0.236842       0.137435       
23.7052        0.315789       0.182466       
23.7052        0.394737       0.227021       
23.7052        0.473684       0.271057       
23.7052        0.552632       0.31454        
23.7052        0.631579       0.35744        
23.7052        0.710526       0.399732       
23.7052        0.789474       0.441396       
23.7052        0.868421       0.482415       
23.7052        0.947368       0.522777       
23.7052        1.02632        0.562469       
23.7052        1.10526        0.601486       
23.7052        1.18421        0.639821       
23.7052        1.26316        0.677472       
23.7052        1.34211        0.714436       
23.7052        1.42105        0.750714       
23.7052        1.5            0.786308       
23.8944        0              0              
23.8944        0.0789474      0.0478325      
23.8944        0.157895       0.095383       
23.8944        0.236842       0.142585       
23.8944        0.315789       0.189379       
23.8944        0.394737       0.235717       
23.8944        0.473684       0.281555       
23.8944        0.552632       0.326856       
23.8944        0.631579       0.371588       
23.8944        0.710526       0.415726       
23.8944        0.789474       0.459248       
23.8944        0.868421       0.502134       
23.8944        0.947368       0.544371       
23.8944        1.02632        0.585946       
23.8944        1.10526        0.626851       
23.8944        1.18421        0.667078       
23.8944        1.26316        0.706623       
23.8944        1.34211        0.745484       
23.8944        1.42105        0.78366        
23.8944        1.5            0.821151       
24.0835        0              0              
24.0835        0.0789474      0.0494449      
24.0835        0.157895       0.0986328      
24.0835        0.236842       0.147495       
24.0835        0.315789       0.195972       
24.0835        0.394737       0.244012       
24.0835        0.473684       0.291569       
24.0835        0.552632       0.338607       
24.0835        0.631579       0.385091       
24.0835        0.710526       0.430993       
24.0835        0.789474       0.476291       
24.0835        0.868421       0.520964       
24.0835        0.947368       0.564996       
24.0835        1.02632        0.608373       
24.0835        1.10526        0.651087       
24.0835        1.18421        0.693127       
24.0835        1.26316        0.73449        
24.0835        1.34211        0.775171       
24.0835        1.42105        0.815168       
24.0835        1.5            0.85448        
24.2727        0              0              
24.2727        0.0789474      0.0509831      
24.2727        0.157895       0.101733       
24.2727        0.236842       0.152181       
24.2727        0.315789       0.202263       
24.2727        0.394737       0.251928       
24.2727        0.473684       0.30113        
24.2727        0.552632       0.349826       
24.2727        0.631579       0.397985       
24.2727        0.710526       0.445575       
24.2727        0.789474       0.492572       
24.2727        0.868421       0.538955       
24.2727        0.947368       0.584706       
24.2727        1.02632        0.629811       
24.2727        1.10526        0.674258       
24.2727        1.18421        0.718039       
24.2727        1.26316        0.761145       
24.2727        1.34211        0.803572       
24.2727        1.42105        0.845318       
24.2727        1.5            0.88638        
24.4618        0              0              
24.4618        0.0789474      0.0524514      
24.4618        0.157895       0.104693       
24.4618        0.236842       0.156654       
24.4618        0.315789       0.208271       
24.4618        0.394737       0.25949        
24.4618        0.473684       0.310262       
24.4618        0.552632       0.360546       
24.4618        0.631579       0.410306       
24.4618        0.710526       0.459511       
24.4618        0.789474       0.508136       
24.4618        0.868421       0.556157       
24.4618        0.947368       0.603556       
24.4618        1.02632        0.650316       
24.4618        1.10526        0.696426       
24.4618        1.18421        0.741875       
24.4618        1.26316        0.786655       
24.4618        1.34211        0.830759       
24.4618        1.42105        0.874185       
24.4618        1.5            0.916929       
24.651         0              0              
24.651         0.0789474      0.0538539      
24.651         0.157895       0.107521       
24.651         0.236842       0.160928       
24.651         0.315789       0.214012       
24.651         0.394737       0.266715       
24.651         0.473684       0.31899        
24.651         0.552632       0.370793       
24.651         0.631579       0.422086       
24.651         0.710526       0.472838       
24.651         0.789474       0.523022       
24.651         0.868421       0.572613       
24.651         0.947368       0.621591       
24.651         1.02632        0.66994        
24.651         1.10526        0.717645       
24.651         1.18421        0.764696       
24.651         1.26316        0.811083       
24.651         1.34211        0.856799       
24.651         1.42105        0.90184        
24.651         1.5            0.946201       
24.8401        0              0              
24.8401        0.0789474      0.0551944      
24.8401        0.157895       0.110224       
24.8401        0.236842       0.165014       
24.8401        0.315789       0.2195         
24.8401        0.394737       0.273625       
24.8401        0.473684       0.327337       
24.8401        0.552632       0.380594       
24.8401        0.631579       0.433356       
24.8401        0.710526       0.48559        
24.8401        0.789474       0.537268       
24.8401        0.868421       0.588364       
24.8401        0.947368       0.638857       
24.8401        1.02632        0.68873        
24.8401        1.10526        0.737967       
24.8401        1.18421        0.786556       
24.8401        1.26316        0.834488       
24.8401        1.34211        0.881753       
24.8401        1.42105        0.928346       
24.8401        1.5            0.974263       
25.0293        0              0              
25.0293        0.0789474      0.0564763      
25.0293        0.157895       0.112809       
25.0293        0.236842       0.168922       
25.0293        0.315789       0.224751       
25.0293        0.394737       0.280235       
25.0293        0.473684       0.335325       
25.0293        0.552632       0.389974       
25.0293        0.631579       0.444143       
25.0293        0.710526       0.497798       
25.0293        0.789474       0.550908       
25.0293        0.868421       0.603448       
25.0293        0.947368       0.655396       
25.0293        1.02632        0.706732       
25.0293        1.10526        0.75744        
25.0293        1.18421        0.807508       
25.0293        1.26316        0.856923       
25.0293        1.34211        0.905678       
25.0293        1.42105        0.953766       
25.0293        1.5            1.00118        
25.2184        0              0              
25.2184        0.0789474      0.0577028      
25.2184        0.157895       0.115282       
25.2184        0.236842       0.172662       
25.2184        0.315789       0.229776       
25.2184        0.394737       0.286563       
25.2184        0.473684       0.342972       
25.2184        0.552632       0.398956       
25.2184        0.631579       0.454474       
25.2184        0.710526       0.509491       
25.2184        0.789474       0.563976       
25.2184        0.868421       0.617902       
25.2184        0.947368       0.671245       
25.2184        1.02632        0.723987       
25.2184        1.10526        0.776109       
25.2184        1.18421        0.827598       
25.2184        1.26316        0.878441       
25.2184        1.34211        0.928629       
25.2184        1.42105        0.978154       
25.2184        1.5            1.02701        
25.4076        0              0              
25.4076        0.0789474      0.058877       
25.4076        0.157895       0.117651       
25.4076        0.236842       0.176244       
25.4076        0.315789       0.234588       
25.4076        0.394737       0.292624       
25.4076        0.473684       0.350297       
25.4076        0.552632       0.40756        
25.4076        0.631579       0.464372       
25.4076        0.710526       0.520697       
25.4076        0.789474       0.576501       
25.4076        0.868421       0.631758       
25.4076        0.947368       0.686443       
25.4076        1.02632        0.740534       
25.4076        1.10526        0.794016       
25.4076        1.18421        0.846871       
25.4076        1.26316        0.899088       
25.4076        1.34211        0.950655       
25.4076        1.42105        1.00156        
25.4076        1.5            1.05181        
25.5967        0              0              
25.5967        0.0789474      0.0600017      
25.5967        0.157895       0.119919       
25.5967        0.236842       0.179674       
25.5967        0.315789       0.239199       
25.5967        0.394737       0.298431       
25.5967        0.473684       0.357317       
25.5967        0.552632       0.415808       
25.5967        0.631579       0.473861       
25.5967        0.710526       0.53144        
25.5967        0.789474       0.588512       
25.5967        0.868421       0.645047       
25.5967        0.947368       0.701021       
25.5967        1.02632        0.756411       
25.5967        1.10526        0.811199       
25.5967        1.18421        0.865369       
25.5967        1.26316        0.918908       
25.5967        1.34211        0.971803       
25.5967        1.42105        1.02405        
25.5967        1.5            1.07563        
25.7859        0              0              
25.7859        0.0789474      0.0610794      
25.7859        0.157895       0.122093       
25.7859        0.236842       0.182963       
25.7859        0.315789       0.243618       
25.7859        0.394737       0.303998       
25.7859        0.473684       0.364047       
25.7859        0.552632       0.423716       
25.7859        0.631579       0.482962       
25.7859        0.710526       0.541746       
25.7859        0.789474       0.600035       
25.7859        0.868421       0.657799       
25.7859        0.947368       0.715011       
25.7859        1.02632        0.77165        
25.7859        1.10526        0.827696       
25.7859        1.18421        0.883132       
25.7859        1.26316        0.937943       
25.7859        1.34211        0.992118       
25.7859        1.42105        1.04565        
25.7859        1.5            1.09852        
25.975         0              0              
25.975         0.0789474      0.0621127      
25.975         0.157895       0.124178       
25.975         0.236842       0.186116       
25.975         0.315789       0.247857       
25.975         0.394737       0.309338       
25.975         0.473684       0.370503       
25.975         0.552632       0.431304       
25.975         0.631579       0.491694       
25.975         0.710526       0.551636       
25.975         0.789474       0.611095       
25.975         0.868421       0.670039       
25.975         0.947368       0.728444       
25.975         1.02632        0.786284       
25.975         1.10526        0.84354        
25.975         1.18421        0.900195       
25.975         1.26316        0.956232       
25.975         1.34211        1.01164        
25.975         1.42105        1.06641        
25.975         1.5            1.12052        
26.1642        0              0              
26.1642        0.0789474      0.0631037      
26.1642        0.157895       0.126177       
26.1642        0.236842       0.18914        
26.1642        0.315789       0.251923       
26.1642        0.394737       0.314461       
26.1642        0.473684       0.376699       
26.1642        0.552632       0.438586       
26.1642        0.631579       0.500076       
26.1642        0.710526       0.561131       
26.1642        0.789474       0.621714       
26.1642        0.868421       0.681795       
26.1642        0.947368       0.741346       
26.1642        1.02632        0.800343       
26.1642        1.10526        0.858764       
26.1642        1.18421        0.916592       
26.1642        1.26316        0.973811       
26.1642        1.34211        1.03041        
26.1642        1.42105        1.08637        
26.1642        1.5            1.14168        
26.3533        0              0              
26.3533        0.0789474      0.0640546      
26.3533        0.157895       0.128096       
26.3533        0.236842       0.192043       
26.3533        0.315789       0.255826       
26.3533        0.394737       0.319379       
26.3533        0.473684       0.382647       
26.3533        0.552632       0.445577       
26.3533        0.631579       0.508125       
26.3533        0.710526       0.57025        
26.3533        0.789474       0.631915       
26.3533        0.868421       0.693089       
26.3533        0.947368       0.753744       
26.3533        1.02632        0.813854       
26.3533        1.10526        0.873398       
26.3533        1.18421        0.932357       
26.3533        1.26316        0.990714       
26.3533        1.34211        1.04845        
26.3533        1.42105        1.10557        
26.3533        1.5            1.16204        
26.5425        0              0              
26.5425        0.0789474      0.0649675      
26.5425        0.157895       0.129938       
26.5425        0.236842       0.19483        
26.5425        0.315789       0.259573       
26.5425        0.394737       0.324102       
26.5425        0.473684       0.388359       
26.5425        0.552632       0.452293       
26.5425        0.631579       0.515858       
26.5425        0.710526       0.579011       
26.5425        0.789474       0.641718       
26.5425        0.868421       0.703944       
26.5425        0.947368       0.765661       
26.5425        1.02632        0.826843       
26.5425        1.10526        0.887469       
26.5425        1.18421        0.947518       
26.5425        1.26316        1.00697        
26.5425        1.34211        1.06582        
26.5425        1.42105        1.12404        
26.5425        1.5            1.18164        
26.7316        0              0              
26.7316        0.0789474      0.0658441      
26.7316        0.157895       0.131707       
26.7316        0.236842       0.197507       
26.7316        0.315789       0.263173       
26.7316        0.394737       0.328639       
26.7316        0.473684       0.393848       
26.7316        0.552632       0.458747       
26.7316        0.631579       0.523289       
26.7316        0.710526       0.587433       
26.7316        0.789474       0.651141       
26.7316        0.868421       0.71438        
26.7316        0.947368       0.777121       
26.7316        1.02632        0.839337       
26.7316        1.10526        0.901005       
26.7316        1.18421        0.962105       
26.7316        1.26316        1.02262        
26.7316        1.34211        1.08253        
26.7316        1.42105        1.14183        
26.7316        1.5            1.2005         
26.9208        0              0              
26.9208        0.0789474      0.0666862      
26.9208        0.157895       0.133406       
26.9208        0.236842       0.200079       
26.9208        0.315789       0.266631       
26.9208        0.394737       0.332999       
26.9208        0.473684       0.399123       
26.9208        0.552632       0.46495        
26.9208        0.631579       0.530433       
26.9208        0.710526       0.59553        
26.9208        0.789474       0.660203       
26.9208        0.868421       0.724418       
26.9208        0.947368       0.788144       
26.9208        1.02632        0.851356       
26.9208        1.10526        0.91403        
26.9208        1.18421        0.976143       
26.9208        1.26316        1.03768        
26.9208        1.34211        1.09862        
26.9208        1.42105        1.15895        
26.9208        1.5            1.21867        
27.1099        0              0              
27.1099        0.0789474      0.0674955      
27.1099        0.157895       0.135039       
27.1099        0.236842       0.20255        
27.1099        0.315789       0.269956       
27.1099        0.394737       0.33719        
27.1099        0.473684       0.404194       
27.1099        0.552632       0.470915       
27.1099        0.631579       0.537304       
27.1099        0.710526       0.603318       
27.1099        0.789474       0.66892        
27.1099        0.868421       0.734075       
27.1099        0.947368       0.798752       
27.1099        1.02632        0.862924       
27.1099        1.10526        0.926567       
27.1099        1.18421        0.989659       
27.1099        1.26316        1.05218        
27.1099        1.34211        1.11412        
27.1099        1.42105        1.17545        
27.1099        1.5            1.23617        
27.2991        0              0              
27.2991        0.0789474      0.0682734      
27.2991        0.157895       0.136609       
27.2991        0.236842       0.204927       
27.2991        0.315789       0.273153       
27.2991        0.394737       0.341221       
27.2991        0.473684       0.409072       
27.2991        0.552632       0.476652       
27.2991        0.631579       0.543913       
27.2991        0.710526       0.610812       
27.2991        0.789474       0.677309       
27.2991        0.868421       0.74337        
27.2991        0.947368       0.808963       
27.2991        1.02632        0.874061       
27.2991        1.10526        0.938639       
27.2991        1.18421        1.00267        
27.2991        1.26316        1.06615        
27.2991        1.34211        1.12904        
27.2991        1.42105        1.19135        
27.2991        1.5            1.25304        
27.4882        0              0              
27.4882        0.0789474      0.0690215      
27.4882        0.157895       0.13812        
27.4882        0.236842       0.207213       
27.4882        0.315789       0.276228       
27.4882        0.394737       0.345098       
27.4882        0.473684       0.413765       
27.4882        0.552632       0.482173       
27.4882        0.631579       0.550274       
27.4882        0.710526       0.618024       
27.4882        0.789474       0.685384       
27.4882        0.868421       0.752318       
27.4882        0.947368       0.818795       
27.4882        1.02632        0.884787       
27.4882        1.10526        0.950267       
27.4882        1.18421        1.01521        
27.4882        1.26316        1.07961        
27.4882        1.34211        1.14343        
27.4882        1.42105        1.20666        
27.4882        1.5            1.2693         
27.6774        0              0              
27.6774        0.0789474      0.0697411      
27.6774        0.157895       0.139572       
27.6774        0.236842       0.209412       
27.6774        0.315789       0.279186       
27.6774        0.394737       0.348829       
27.6774        0.473684       0.418281       
27.6774        0.552632       0.487486       
27.6774        0.631579       0.556396       
27.6774        0.710526       0.624967       
27.6774        0.789474       0.693159       
27.6774        0.868421       0.760936       
27.6774        0.947368       0.828265       
27.6774        1.02632        0.895119       
27.6774        1.10526        0.96147        
27.6774        1.18421        1.0273         
27.6774        1.26316        1.09258        
27.6774        1.34211        1.1573         
27.6774        1.42105        1.22143        
27.6774        1.5            1.28498        
27.8665        0              0              
27.8665        0.0789474      0.0704335      
27.8665        0.157895       0.14097        
27.8665        0.236842       0.211528       
27.8665        0.315789       0.282034       
27.8665        0.394737       0.352421       
27.8665        0.473684       0.422628       
27.8665        0.552632       0.492601       
27.8665        0.631579       0.562291       
27.8665        0.710526       0.631653       
27.8665        0.789474       0.700647       
27.8665        0.868421       0.769236       
27.8665        0.947368       0.837389       
27.8665        1.02632        0.905074       
27.8665        1.10526        0.972267       
27.8665        1.18421        1.03894        
27.8665        1.26316        1.10508        
27.8665        1.34211        1.17067        
27.8665        1.42105        1.23568        
27.8665        1.5            1.3001         
28.0557        0              0              
28.0557        0.0789474      0.0711         
28.0557        0.157895       0.142315       
28.0557        0.236842       0.213565       
28.0557        0.315789       0.284775       
28.0557        0.394737       0.355878       
28.0557        0.473684       0.426814       
28.0557        0.552632       0.497528       
28.0557        0.631579       0.567969       
28.0557        0.710526       0.638094       
28.0557        0.789474       0.707862       
28.0557        0.868421       0.777235       
28.0557        0.947368       0.846181       
28.0557        1.02632        0.91467        
28.0557        1.10526        0.982675       
28.0557        1.18421        1.05017        
28.0557        1.26316        1.11714        
28.0557        1.34211        1.18356        
28.0557        1.42105        1.24942        
28.0557        1.5            1.31469        
28.2448        0              0              
28.2448        0.0789474      0.0717415      
28.2448        0.157895       0.143611       
28.2448        0.236842       0.215526       
28.2448        0.315789       0.287415       
28.2448        0.394737       0.359208       
28.2448        0.473684       0.430846       
28.2448        0.552632       0.502273       
28.2448        0.631579       0.57344        
28.2448        0.710526       0.6443         
28.2448        0.789474       0.714814       
28.2448        0.868421       0.784944       
28.2448        0.947368       0.854656       
28.2448        1.02632        0.923921       
28.2448        1.10526        0.992711       
28.2448        1.18421        1.061          
28.2448        1.26316        1.12877        
28.2448        1.34211        1.196          
28.2448        1.42105        1.26267        
28.2448        1.5            1.32877        
28.434         0              0              
28.434         0.0789474      0.0723593      
28.434         0.157895       0.144858       
28.434         0.236842       0.217416       
28.434         0.315789       0.289957       
28.434         0.394737       0.362415       
28.434         0.473684       0.43473        
28.434         0.552632       0.506845       
28.434         0.631579       0.578711       
28.434         0.710526       0.650281       
28.434         0.789474       0.721515       
28.434         0.868421       0.792375       
28.434         0.947368       0.862828       
28.434         1.02632        0.932842       
28.434         1.10526        1.00239        
28.434         1.18421        1.07145        
28.434         1.26316        1.13999        
28.434         1.34211        1.20801        
28.434         1.42105        1.27547        
28.434         1.5            1.34237        
28.6231        0              0              
28.6231        0.0789474      0.0729544      
28.6231        0.157895       0.14606        
28.6231        0.236842       0.219235       
28.6231        0.315789       0.292406       
28.6231        0.394737       0.365506       
28.6231        0.473684       0.438473       
28.6231        0.552632       0.511251       
28.6231        0.631579       0.583791       
28.6231        0.710526       0.656047       
28.6231        0.789474       0.727976       
28.6231        0.868421       0.799541       
28.6231        0.947368       0.870709       
28.6231        1.02632        0.941447       
28.6231        1.10526        1.01173        
28.6231        1.18421        1.08153        
28.6231        1.26316        1.15082        
28.6231        1.34211        1.21959        
28.6231        1.42105        1.28782        
28.6231        1.5            1.35549        
28.8123        0              0              
28.8123        0.0789474      0.0735277      
28.8123        0.157895       0.147218       
28.8123        0.236842       0.220989       
28.8123        0.315789       0.294767       
28.8123        0.394737       0.368484       
28.8123        0.473684       0.44208        
28.8123        0.552632       0.515499       
28.8123        0.631579       0.58869        
28.8123        0.710526       0.661606       
28.8123        0.789474       0.734206       
28.8123        0.868421       0.806453       
28.8123        0.947368       0.878311       
28.8123        1.02632        0.949749       
28.8123        1.10526        1.02074        
28.8123        1.18421        1.09125        
28.8123        1.26316        1.16127        
28.8123        1.34211        1.23078        
28.8123        1.42105        1.29975        
28.8123        1.5            1.36816        
29.0014        0              0              
29.0014        0.0789474      0.0740801      
29.0014        0.157895       0.148333       
29.0014        0.236842       0.222678       
29.0014        0.315789       0.297041       
29.0014        0.394737       0.371355       
29.0014        0.473684       0.445558       
29.0014        0.552632       0.519594       
29.0014        0.631579       0.593413       
29.0014        0.710526       0.666967       
29.0014        0.789474       0.740216       
29.0014        0.868421       0.81312        
29.0014        0.947368       0.885645       
29.0014        1.02632        0.957759       
29.0014        1.10526        1.02943        
29.0014        1.18421        1.10064        
29.0014        1.26316        1.17137        
29.0014        1.34211        1.24158        
29.0014        1.42105        1.31126        
29.0014        1.5            1.3804         
29.1906        0              0              
29.1906        0.0789474      0.0746125      
29.1906        0.157895       0.149409       
29.1906        0.236842       0.224307       
29.1906        0.315789       0.299235       
29.1906        0.394737       0.374123       
29.1906        0.473684       0.448911       
29.1906        0.552632       0.523543       
29.1906        0.631579       0.597968       
29.1906        0.710526       0.672139       
29.1906        0.789474       0.746013       
29.1906        0.868421       0.819553       
29.1906        0.947368       0.892723       
29.1906        1.02632        0.965491       
29.1906        1.10526        1.03783        
29.1906        1.18421        1.10971        
29.1906        1.26316        1.18111        
29.1906        1.34211        1.25201        
29.1906        1.42105        1.32239        
29.1906        1.5            1.39223        
29.3797        0              0              
29.3797        0.0789474      0.0751258      
29.3797        0.157895       0.150445       
29.3797        0.236842       0.225878       
29.3797        0.315789       0.301349       
29.3797        0.394737       0.376792       
29.3797        0.473684       0.452145       
29.3797        0.552632       0.527352       
29.3797        0.631579       0.602362       
29.3797        0.710526       0.677128       
29.3797        0.789474       0.751608       
29.3797        0.868421       0.825762       
29.3797        0.947368       0.899555       
29.3797        1.02632        0.972955       
29.3797        1.10526        1.04593        
29.3797        1.18421        1.11846        
29.3797        1.26316        1.19052        
29.3797        1.34211        1.26208        
29.3797        1.42105        1.33313        
29.3797        1.5            1.40365        
29.5689        0              0              
29.5689        0.0789474      0.0756206      
29.5689        0.157895       0.151445       
29.5689        0.236842       0.227392       
29.5689        0.315789       0.303388       
29.5689        0.394737       0.379366       
29.5689        0.473684       0.455265       
29.5689        0.552632       0.531027       
29.5689        0.631579       0.606602       
29.5689        0.710526       0.681943       
29.5689        0.789474       0.757007       
29.5689        0.868421       0.831754       
29.5689        0.947368       0.90615        
29.5689        1.02632        0.980162       
29.5689        1.10526        1.05376        
29.5689        1.18421        1.12692        
29.5689        1.26316        1.19961        
29.5689        1.34211        1.27182        
29.5689        1.42105        1.34352        
29.5689        1.5            1.4147         
29.758         0              0              
29.758         0.0789474      0.0760978      
29.758         0.157895       0.152409       
29.758         0.236842       0.228852       
29.758         0.315789       0.305355       
29.758         0.394737       0.38185        
29.758         0.473684       0.458274       
29.758         0.552632       0.534573       
29.758         0.631579       0.610693       
29.758         0.710526       0.686589       
29.758         0.789474       0.762218       
29.758         0.868421       0.837539       
29.758         0.947368       0.912518       
29.758         1.02632        0.987121       
29.758         1.10526        1.06132        
29.758         1.18421        1.13509        
29.758         1.26316        1.2084         
29.758         1.34211        1.28123        
29.758         1.42105        1.35356        
29.758         1.5            1.42537        
29.9472        0              0              
29.9472        0.0789474      0.076558       
29.9472        0.157895       0.153339       
29.9472        0.236842       0.230261       
29.9472        0.315789       0.307253       
29.9472        0.394737       0.384246       
29.9472        0.473684       0.461178       
29.9472        0.552632       0.537994       
29.9472        0.631579       0.614642       
29.9472        0.710526       0.691075       
29.9472        0.789474       0.767249       
29.9472        0.868421       0.843125       
29.9472        0.947368       0.918668       
29.9472        1.02632        0.993843       
29.9472        1.10526        1.06862        
29.9472        1.18421        1.14298        
29.9472        1.26316        1.21688        
29.9472        1.34211        1.29032        
29.9472        1.42105        1.36326        
29.9472        1.5            1.43569        
30.1363        0              0              
30.1363        0.0789474      0.0770019      
30.1363        0.157895       0.154235       
30.1363        0.236842       0.23162        
30.1363        0.315789       0.309083       
30.1363        0.394737       0.386557       
30.1363        0.473684       0.46398        
30.1363        0.552632       0.541296       
30.1363        0.631579       0.618454       
30.1363        0.710526       0.695405       
30.1363        0.789474       0.772107       
30.1363        0.868421       0.848519       
30.1363        0.947368       0.924607       
30.1363        1.02632        1.00034        
30.1363        1.10526        1.07568        
30.1363        1.18421        1.1506         
30.1363        1.26316        1.22509        
30.1363        1.34211        1.29911        
30.1363        1.42105        1.37264        
30.1363        1.5            1.44567        
30.3255        0              0              
30.3255        0.0789474      0.0774301      
30.3255        0.157895       0.155101       
30.3255        0.236842       0.232932       
30.3255        0.315789       0.31085        
30.3255        0.394737       0.388788       
30.3255        0.473684       0.466685       
30.3255        0.552632       0.544484       
30.3255        0.631579       0.622133       
30.3255        0.710526       0.699586       
30.3255        0.789474       0.776798       
30.3255        0.868421       0.853729       
30.3255        0.947368       0.930344       
30.3255        1.02632        1.00661        
30.3255        1.10526        1.08249        
30.3255        1.18421        1.15797        
30.3255        1.26316        1.23301        
30.3255        1.34211        1.3076         
30.3255        1.42105        1.38171        
30.3255        1.5            1.45533        
30.5146        0              0              
30.5146        0.0789474      0.0778433      
30.5146        0.157895       0.155936       
30.5146        0.236842       0.234197       
30.5146        0.315789       0.312555       
30.5146        0.394737       0.390942       
30.5146        0.473684       0.469296       
30.5146        0.552632       0.547561       
30.5146        0.631579       0.625686       
30.5146        0.710526       0.703623       
30.5146        0.789474       0.781328       
30.5146        0.868421       0.858762       
30.5146        0.947368       0.935887       
30.5146        1.02632        1.01267        
30.5146        1.10526        1.08908        
30.5146        1.18421        1.16509        
30.5146        1.26316        1.24068        
30.5146        1.34211        1.31582        
30.5146        1.42105        1.39048        
30.5146        1.5            1.46466        
30.7038        0              0              
30.7038        0.0789474      0.078242       
30.7038        0.157895       0.156741       
30.7038        0.236842       0.235418       
30.7038        0.315789       0.3142         
30.7038        0.394737       0.39302        
30.7038        0.473684       0.471816       
30.7038        0.552632       0.550533       
30.7038        0.631579       0.629117       
30.7038        0.710526       0.707522       
30.7038        0.789474       0.785705       
30.7038        0.868421       0.863624       
30.7038        0.947368       0.941243       
30.7038        1.02632        1.01853        
30.7038        1.10526        1.09545        
30.7038        1.18421        1.17198        
30.7038        1.26316        1.24809        
30.7038        1.34211        1.32376        
30.7038        1.42105        1.39897        
30.7038        1.5            1.47369        
30.8929        0              0              
30.8929        0.0789474      0.0786267      
30.8929        0.157895       0.157519       
30.8929        0.236842       0.236597       
30.8929        0.315789       0.315789       
30.8929        0.394737       0.395027       
30.8929        0.473684       0.47425        
30.8929        0.552632       0.553402       
30.8929        0.631579       0.632431       
30.8929        0.710526       0.711289       
30.8929        0.789474       0.789932       
30.8929        0.868421       0.868321       
30.8929        0.947368       0.946419       
30.8929        1.02632        1.02419        
30.8929        1.10526        1.10161        
30.8929        1.18421        1.17864        
30.8929        1.26316        1.25526        
30.8929        1.34211        1.33144        
30.8929        1.42105        1.40717        
30.8929        1.5            1.48243        
31.0821        0              0              
31.0821        0.0789474      0.0789981      
31.0821        0.157895       0.158269       
31.0821        0.236842       0.237735       
31.0821        0.315789       0.317322       
31.0821        0.394737       0.396964       
31.0821        0.473684       0.4766         
31.0821        0.552632       0.556173       
31.0821        0.631579       0.635631       
31.0821        0.710526       0.714927       
31.0821        0.789474       0.794017       
31.0821        0.868421       0.87286        
31.0821        0.947368       0.95142        
31.0821        1.02632        1.02966        
31.0821        1.10526        1.10756        
31.0821        1.18421        1.18507        
31.0821        1.26316        1.26219        
31.0821        1.34211        1.33887        
31.0821        1.42105        1.41511        
31.0821        1.5            1.49088        
31.2712        0              0              
31.2712        0.0789474      0.0793565      
31.2712        0.157895       0.158994       
31.2712        0.236842       0.238833       
31.2712        0.315789       0.318802       
31.2712        0.394737       0.398835       
31.2712        0.473684       0.478869       
31.2712        0.552632       0.558849       
31.2712        0.631579       0.638722       
31.2712        0.710526       0.718442       
31.2712        0.789474       0.797963       
31.2712        0.868421       0.877247       
31.2712        0.947368       0.956255       
31.2712        1.02632        1.03495        
31.2712        1.10526        1.11331        
31.2712        1.18421        1.1913         
31.2712        1.26316        1.26889        
31.2712        1.34211        1.34606        
31.2712        1.42105        1.42279        
31.2712        1.5            1.49906        
31.4604        0              0              
31.4604        0.0789474      0.0797024      
31.4604        0.157895       0.159693       
31.4604        0.236842       0.239893       
31.4604        0.315789       0.320231       
31.4604        0.394737       0.400641       
31.4604        0.473684       0.48106        
31.4604        0.552632       0.561433       
31.4604        0.631579       0.641708       
31.4604        0.710526       0.721838       
31.4604        0.789474       0.801777       
31.4604        0.868421       0.881486       
31.4604        0.947368       0.960928       
31.4604        1.02632        1.04007        
31.4604        1.10526        1.11887        
31.4604        1.18421        1.19732        
31.4604        1.26316        1.27537        
31.4604        1.34211        1.35302        
31.4604        1.42105        1.43022        
31.4604        1.5            1.50698        
31.6495        0              0              
31.6495        0.0789474      0.0800364      
31.6495        0.157895       0.160368       
31.6495        0.236842       0.240917       
31.6495        0.315789       0.321612       
31.6495        0.394737       0.402385       
31.6495        0.473684       0.483177       
31.6495        0.552632       0.56393        
31.6495        0.631579       0.644593       
31.6495        0.710526       0.725119       
31.6495        0.789474       0.805462       
31.6495        0.868421       0.885583       
31.6495        0.947368       0.965445       
31.6495        1.02632        1.04501        
31.6495        1.10526        1.12425        
31.6495        1.18421        1.20314        
31.6495        1.26316        1.28165        
31.6495        1.34211        1.35975        
31.6495        1.42105        1.43742        
31.6495        1.5            1.51464        
31.8387        0              0              
31.8387        0.0789474      0.0803587      
31.8387        0.157895       0.16102        
31.8387        0.236842       0.241906       
31.8387        0.315789       0.322944       
31.8387        0.394737       0.40407        
31.8387        0.473684       0.485221       
31.8387        0.552632       0.566342       
31.8387        0.631579       0.64738        
31.8387        0.710526       0.728289       
31.8387        0.789474       0.809024       
31.8387        0.868421       0.889544       
31.8387        0.947368       0.969812       
31.8387        1.02632        1.04979        
31.8387        1.10526        1.12946        
31.8387        1.18421        1.20877        
31.8387        1.26316        1.28771        
31.8387        1.34211        1.36626        
31.8387        1.42105        1.44438        
31.8387        1.5            1.52205        
32.0278        0              0              
32.0278        0.0789474      0.0806699      
32.0278        0.157895       0.161649       
32.0278        0.236842       0.24286        
32.0278        0.315789       0.324231       
32.0278        0.394737       0.405696       
32.0278        0.473684       0.487195       
32.0278        0.552632       0.568672       
32.0278        0.631579       0.650073       
32.0278        0.710526       0.731353       
32.0278        0.789474       0.812466       
32.0278        0.868421       0.893372       
32.0278        0.947368       0.974034       
32.0278        1.02632        1.05442        
32.0278        1.10526        1.13449        
32.0278        1.18421        1.21422        
32.0278        1.26316        1.29358        
32.0278        1.34211        1.37256        
32.0278        1.42105        1.45111        
32.0278        1.5            1.52923        
32.217         0              0              
32.217         0.0789474      0.0809704      
32.217         0.157895       0.162257       
32.217         0.236842       0.243781       
32.217         0.315789       0.325474       
32.217         0.394737       0.407268       
32.217         0.473684       0.489103       
32.217         0.552632       0.570922       
32.217         0.631579       0.652675       
32.217         0.710526       0.734314       
32.217         0.789474       0.815793       
32.217         0.868421       0.897073       
32.217         0.947368       0.978116       
32.217         1.02632        1.05889        
32.217         1.10526        1.13935        
32.217         1.18421        1.21949        
32.217         1.26316        1.29926        
32.217         1.34211        1.37865        
32.217         1.42105        1.45763        
32.217         1.5            1.53618        
32.4061        0              0              
32.4061        0.0789474      0.0812604      
32.4061        0.157895       0.162843       
32.4061        0.236842       0.244671       
32.4061        0.315789       0.326674       
32.4061        0.394737       0.408785       
32.4061        0.473684       0.490945       
32.4061        0.552632       0.573097       
32.4061        0.631579       0.655189       
32.4061        0.710526       0.737175       
32.4061        0.789474       0.819009       
32.4061        0.868421       0.900651       
32.4061        0.947368       0.982063       
32.4061        1.02632        1.06321        
32.4061        1.10526        1.14406        
32.4061        1.18421        1.22459        
32.4061        1.26316        1.30476        
32.4061        1.34211        1.38455        
32.4061        1.42105        1.46394        
32.4061        1.5            1.54291        
32.5953        0              0              
32.5953        0.0789474      0.0815404      
32.5953        0.157895       0.163409       
32.5953        0.236842       0.24553        
32.5953        0.315789       0.327833       
32.5953        0.394737       0.410251       
32.5953        0.473684       0.492724       
32.5953        0.552632       0.575198       
32.5953        0.631579       0.657619       
32.5953        0.710526       0.73994        
32.5953        0.789474       0.822117       
32.5953        0.868421       0.90411        
32.5953        0.947368       0.98588        
32.5953        1.02632        1.06739        
32.5953        1.10526        1.14862        
32.5953        1.18421        1.22952        
32.5953        1.26316        1.31008        
32.5953        1.34211        1.39026        
32.5953        1.42105        1.47005        
32.5953        1.5            1.54943        
32.7844        0              0              
32.7844        0.0789474      0.0818107      
32.7844        0.157895       0.163956       
32.7844        0.236842       0.24636        
32.7844        0.315789       0.328952       
32.7844        0.394737       0.411667       
32.7844        0.473684       0.494444       
32.7844        0.552632       0.577227       
32.7844        0.631579       0.659966       
32.7844        0.710526       0.742612       
32.7844        0.789474       0.825122       
32.7844        0.868421       0.907453       
32.7844        0.947368       0.98957        
32.7844        1.02632        1.07144        
32.7844        1.10526        1.15302        
32.7844        1.18421        1.23429        
32.7844        1.26316        1.31522        
32.7844        1.34211        1.39579        
32.7844        1.42105        1.47597        
32.7844        1.5            1.55573        
32.9736        0              0              
32.9736        0.0789474      0.0820717      
32.9736        0.157895       0.164484       
32.9736        0.236842       0.247161       
32.9736        0.315789       0.330033       
32.9736        0.394737       0.413034       
32.9736        0.473684       0.496104       
32.9736        0.552632       0.579188       
32.9736        0.631579       0.662234       
32.9736        0.710526       0.745195       
32.9736        0.789474       0.828026       
32.9736        0.868421       0.910686       
32.9736        0.947368       0.993138       
32.9736        1.02632        1.07535        
32.9736        1.10526        1.15728        
32.9736        1.18421        1.23891        
32.9736        1.26316        1.3202         
32.9736        1.34211        1.40114        
32.9736        1.42105        1.48169        
32.9736        1.5            1.56184        
33.1627        0              0              
33.1627        0.0789474      0.0823236      
33.1627        0.157895       0.164994       
33.1627        0.236842       0.247935       
33.1627        0.315789       0.331076       
33.1627        0.394737       0.414354       
33.1627        0.473684       0.497708       
33.1627        0.552632       0.581083       
33.1627        0.631579       0.664426       
33.1627        0.710526       0.747691       
33.1627        0.789474       0.830833       
33.1627        0.868421       0.913812       
33.1627        0.947368       0.996589       
33.1627        1.02632        1.07913        
33.1627        1.10526        1.1614         
33.1627        1.18421        1.24337        
33.1627        1.26316        1.32502        
33.1627        1.34211        1.40631        
33.1627        1.42105        1.48723        
33.1627        1.5            1.56775        
33.3519        0              0              
33.3519        0.0789474      0.0825668      
33.3519        0.157895       0.165486       
33.3519        0.236842       0.248682       
33.3519        0.315789       0.332084       
33.3519        0.394737       0.41563        
33.3519        0.473684       0.499258       
33.3519        0.552632       0.582913       
33.3519        0.631579       0.666544       
33.3519        0.710526       0.750103       
33.3519        0.789474       0.833546       
33.3519        0.868421       0.916833       
33.3519        0.947368       0.999925       
33.3519        1.02632        1.08279        
33.3519        1.10526        1.16539        
33.3519        1.18421        1.2477         
33.3519        1.26316        1.32968        
33.3519        1.34211        1.41133        
33.3519        1.42105        1.4926         
33.3519        1.5            1.57348        
33.541         0              0              
33.541         0.0789474      0.0828016      
33.541         0.157895       0.165961       
33.541         0.236842       0.249403       
33.541         0.315789       0.333058       
33.541         0.394737       0.416861       
33.541         0.473684       0.500754       
33.541         0.552632       0.584681       
33.541         0.631579       0.66859        
33.541         0.710526       0.752434       
33.541         0.789474       0.836169       
33.541         0.868421       0.919754       
33.541         0.947368       1.00315        
33.541         1.02632        1.08633        
33.541         1.10526        1.16924        
33.541         1.18421        1.25188        
33.541         1.26316        1.3342         
33.541         1.34211        1.41618        
33.541         1.42105        1.49779        
33.541         1.5            1.57902        
33.7302        0              0              
33.7302        0.0789474      0.0830281      
33.7302        0.157895       0.166419       
33.7302        0.236842       0.250099       
33.7302        0.315789       0.333997       
33.7302        0.394737       0.418051       
33.7302        0.473684       0.5022         
33.7302        0.552632       0.586389       
33.7302        0.631579       0.670567       
33.7302        0.710526       0.754687       
33.7302        0.789474       0.838704       
33.7302        0.868421       0.922578       
33.7302        0.947368       1.00627        
33.7302        1.02632        1.08975        
33.7302        1.10526        1.17297        
33.7302        1.18421        1.25592        
33.7302        1.26316        1.33856        
33.7302        1.34211        1.42087        
33.7302        1.42105        1.50282        
33.7302        1.5            1.58439        
33.9193        0              0              
33.9193        0.0789474      0.0832468      
33.9193        0.157895       0.166862       
33.9193        0.236842       0.250771       
33.9193        0.315789       0.334904       
33.9193        0.394737       0.419199       
33.9193        0.473684       0.503596       
33.9193        0.552632       0.588038       
33.9193        0.631579       0.672477       
33.9193        0.710526       0.756864       
33.9193        0.789474       0.841154       
33.9193        0.868421       0.925308       
33.9193        0.947368       1.00929        
33.9193        1.02632        1.09306        
33.9193        1.10526        1.17658        
33.9193        1.18421        1.25984        
33.9193        1.26316        1.34279        
33.9193        1.34211        1.42542        
33.9193        1.42105        1.50769        
33.9193        1.5            1.58959        
34.1085        0              0              
34.1085        0.0789474      0.0834578      
34.1085        0.157895       0.167289       
34.1085        0.236842       0.251419       
34.1085        0.315789       0.33578        
34.1085        0.394737       0.420308       
34.1085        0.473684       0.504944       
34.1085        0.552632       0.589632       
34.1085        0.631579       0.674322       
34.1085        0.710526       0.758967       
34.1085        0.789474       0.843522       
34.1085        0.868421       0.927947       
34.1085        0.947368       1.0122         
34.1085        1.02632        1.09626        
34.1085        1.10526        1.18007        
34.1085        1.18421        1.26362        
34.1085        1.26316        1.34688        
34.1085        1.34211        1.42981        
34.1085        1.42105        1.5124         
34.1085        1.5            1.59462        
34.2976        0              0              
34.2976        0.0789474      0.0836614      
34.2976        0.157895       0.167701       
34.2976        0.236842       0.252045       
34.2976        0.315789       0.336626       
34.2976        0.394737       0.421379       
34.2976        0.473684       0.506245       
34.2976        0.552632       0.591171       
34.2976        0.631579       0.676105       
34.2976        0.710526       0.760999       
34.2976        0.789474       0.84581        
34.2976        0.868421       0.930498       
34.2976        0.947368       1.01502        
34.2976        1.02632        1.09935        
34.2976        1.10526        1.18345        
34.2976        1.18421        1.26729        
34.2976        1.26316        1.35084        
34.2976        1.34211        1.43407        
34.2976        1.42105        1.51696        
34.2976        1.5            1.5995         
34.4868        0              0              
34.4868        0.0789474      0.0838579      
34.4868        0.157895       0.168099       
34.4868        0.236842       0.25265        
34.4868        0.315789       0.337442       
34.4868        0.394737       0.422412       
34.4868        0.473684       0.507502       
34.4868        0.552632       0.592657       
34.4868        0.631579       0.677827       
34.4868        0.710526       0.762963       
34.4868        0.789474       0.848022       
34.4868        0.868421       0.932963       
34.4868        0.947368       1.01775        
34.4868        1.02632        1.10234        
34.4868        1.10526        1.18671        
34.4868        1.18421        1.27083        
34.4868        1.26316        1.35466        
34.4868        1.34211        1.43819        
34.4868        1.42105        1.52138        
34.4868        1.5            1.60422        
34.6759        0              0              
34.6759        0.0789474      0.0840474      
34.6759        0.157895       0.168483       
34.6759        0.236842       0.253233       
34.6759        0.315789       0.338229       
34.6759        0.394737       0.42341        
34.6759        0.473684       0.508716       
34.6759        0.552632       0.594093       
34.6759        0.631579       0.679489       
34.6759        0.710526       0.764859       
34.6759        0.789474       0.850158       
34.6759        0.868421       0.935345       
34.6759        0.947368       1.02038        
34.6759        1.02632        1.10524        
34.6759        1.10526        1.18987        
34.6759        1.18421        1.27426        
34.6759        1.26316        1.35837        
34.6759        1.34211        1.44218        
34.6759        1.42105        1.52566        
34.6759        1.5            1.60879        
34.8651        0              0              
34.8651        0.0789474      0.0842302      
34.8651        0.157895       0.168853       
34.8651        0.236842       0.253795       
34.8651        0.315789       0.338989       
34.8651        0.394737       0.424373       
34.8651        0.473684       0.509887       
34.8651        0.552632       0.595478       
34.8651        0.631579       0.681095       
34.8651        0.710526       0.766691       
34.8651        0.789474       0.852222       
34.8651        0.868421       0.937648       
34.8651        0.947368       1.02293        
34.8651        1.02632        1.10803        
34.8651        1.10526        1.19292        
34.8651        1.18421        1.27757        
34.8651        1.26316        1.36195        
34.8651        1.34211        1.44603        
34.8651        1.42105        1.52979        
34.8651        1.5            1.61321        
35.0542        0              0              
35.0542        0.0789474      0.0844065      
35.0542        0.157895       0.16921        
35.0542        0.236842       0.254338       
35.0542        0.315789       0.339723       
35.0542        0.394737       0.425302       
35.0542        0.473684       0.511018       
35.0542        0.552632       0.596816       
35.0542        0.631579       0.682646       
35.0542        0.710526       0.768461       
35.0542        0.789474       0.854216       
35.0542        0.868421       0.939873       
35.0542        0.947368       1.02539        
35.0542        1.02632        1.11074        
35.0542        1.10526        1.19588        
35.0542        1.18421        1.28078        
35.0542        1.26316        1.36542        
35.0542        1.34211        1.44977        
35.0542        1.42105        1.5338         
35.0542        1.5            1.61749        
35.2434        0              0              
35.2434        0.0789474      0.0845765      
35.2434        0.157895       0.169554       
35.2434        0.236842       0.254861       
35.2434        0.315789       0.34043        
35.2434        0.394737       0.426199       
35.2434        0.473684       0.512109       
35.2434        0.552632       0.598107       
35.2434        0.631579       0.684143       
35.2434        0.710526       0.770169       
35.2434        0.789474       0.856143       
35.2434        0.868421       0.942022       
35.2434        0.947368       1.02777        
35.2434        1.02632        1.11335        
35.2434        1.10526        1.19873        
35.2434        1.18421        1.28388        
35.2434        1.26316        1.36877        
35.2434        1.34211        1.45338        
35.2434        1.42105        1.53768        
35.2434        1.5            1.62164        
35.4325        0              0              
35.4325        0.0789474      0.0847403      
35.4325        0.157895       0.169886       
35.4325        0.236842       0.255366       
35.4325        0.315789       0.341112       
35.4325        0.394737       0.427064       
35.4325        0.473684       0.513162       
35.4325        0.552632       0.599354       
35.4325        0.631579       0.685588       
35.4325        0.710526       0.771819       
35.4325        0.789474       0.858003       
35.4325        0.868421       0.944098       
35.4325        0.947368       1.03007        
35.4325        1.02632        1.11588        
35.4325        1.10526        1.20149        
35.4325        1.18421        1.28688        
35.4325        1.26316        1.37202        
35.4325        1.34211        1.45687        
35.4325        1.42105        1.54143        
35.4325        1.5            1.62565        
35.6217        0              0              
35.6217        0.0789474      0.0848983      
35.6217        0.157895       0.170206       
35.6217        0.236842       0.255852       
35.6217        0.315789       0.34177        
35.6217        0.394737       0.427898       
35.6217        0.473684       0.514178       
35.6217        0.552632       0.600556       
35.6217        0.631579       0.686983       
35.6217        0.710526       0.773412       
35.6217        0.789474       0.859799       
35.6217        0.868421       0.946104       
35.6217        0.947368       1.03229        
35.6217        1.02632        1.11832        
35.6217        1.10526        1.20416        
35.6217        1.18421        1.28978        
35.6217        1.26316        1.37515        
35.6217        1.34211        1.46025        
35.6217        1.42105        1.54506        
35.6217        1.5            1.62953        
35.8108        0              0              
35.8108        0.0789474      0.0850505      
35.8108        0.157895       0.170515       
35.8108        0.236842       0.256321       
35.8108        0.315789       0.342404       
35.8108        0.394737       0.428702       
35.8108        0.473684       0.515158       
35.8108        0.552632       0.601717       
35.8108        0.631579       0.688329       
35.8108        0.710526       0.77495        
35.8108        0.789474       0.861533       
35.8108        0.868421       0.948041       
35.8108        0.947368       1.03443        
35.8108        1.02632        1.12068        
35.8108        1.10526        1.20674        
35.8108        1.18421        1.29258        
35.8108        1.26316        1.37819        
35.8108        1.34211        1.46352        
35.8108        1.42105        1.54857        
35.8108        1.5            1.63329        
36             0              0              
36             0.0789474      0.0851971      
36             0.157895       0.170812       
36             0.236842       0.256773       
36             0.315789       0.343016       
36             0.394737       0.429478       
36             0.473684       0.516102       
36             0.552632       0.602836       
36             0.631579       0.689628       
36             0.710526       0.776433       
36             0.789474       0.863208       
36             0.868421       0.949911       
36             0.947368       1.03651        
36             1.02632        1.12296        
36             1.10526        1.20923        
36             1.18421        1.29529        
36             1.26316        1.38112        
36             1.34211        1.46669        
36             1.42105        1.55196        
36             1.5            1.63693        
