17.2741   36        100       0         1.5       20        
17.2741        0              0              
17.2741        0.0789474      0              
17.2741        0.157895       0              
17.2741        0.236842       0              
17.2741        0.315789       0              
17.2741        0.394737       0              
17.2741        0.473684       0              
17.2741        0.552632       0              
17.2741        0.631579       0              
17.2741        0.710526       0              
17.2741        0.789474       0              
17.2741        0.868421       0              
17.2741        0.947368       0              
17.2741        1.02632        0              
17.2741        1.10526        0              
17.2741        1.18421        0              
17.2741        1.26316        0              
17.2741        1.34211        0              
17.2741        1.42105        0              
17.2741        1.5            0              
17.4632        0              0              
17.4632        0.0789474      0              
17.4632        0.157895       0              
17.4632        0.236842       0              
17.4632        0.315789       0              
17.4632        0.394737       0              
17.4632        0.473684       0              
17.4632        0.552632       0              
17.4632        0.631579       0              
17.4632        0.710526       0              
17.4632        0.789474       0              
17.4632        0.868421       0              
17.4632        0.947368       0              
17.4632        1.02632        0              
17.4632        1.10526        0              
17.4632        1.18421        0              
17.4632        1.26316        0              
17.4632        1.34211        0              
17.4632        1.42105        0              
17.4632        1.5            0              
17.6524        0              0              
17.6524        0.0789474      0              
17.6524        0.157895       0              
17.6524        0.236842       0              
17.6524        0.315789       0              
17.6524        0.394737       0              
17.6524        0.473684       0              
17.6524        0.552632       0              
17.6524        0.631579       0              
17.6524        0.710526       0              
17.6524        0.789474       0              
17.6524        0.868421       0              
17.6524        0.947368       0              
17.6524        1.02632        0              
17.6524        1.10526        0              
17.6524        1.18421        0              
17.6524        1.26316        0              
17.6524        1.34211        0              
17.6524        1.42105        0              
17.6524        1.5            0              
17.8415        0              0              
17.8415        0.0789474      0              
17.8415        0.157895       0              
17.8415        0.236842       0              
17.8415        0.315789       0              
17.8415        0.394737       0              
17.8415        0.473684       0              
17.8415        0.552632       0              
17.8415        0.631579       0              
17.8415        0.710526       0              
17.8415        0.789474       0              
17.8415        0.868421       0              
17.8415        0.947368       0              
17.8415        1.02632        0              
17.8415        1.10526        0              
17.8415        1.18421        0              
17.8415        1.26316        0              
17.8415        1.34211        0              
17.8415        1.42105        0              
17.8415        1.5            0              
18.0307        0              0              
18.0307        0.0789474      0              
18.0307        0.157895       0              
18.0307        0.236842       0              
18.0307        0.315789       0              
18.0307        0.394737       0              
18.0307        0.473684       0              
18.0307        0.552632       0              
18.0307        0.631579       0              
18.0307        0.710526       0              
18.0307        0.789474       0              
18.0307        0.868421       0              
18.0307        0.947368       0              
18.0307        1.02632        0              
18.0307        1.10526        0              
18.0307        1.18421        0              
18.0307        1.26316        0              
18.0307        1.34211        0              
18.0307        1.42105        0              
18.0307        1.5            0              
18.2198        0              0              
18.2198        0.0789474      0              
18.2198        0.157895       0              
18.2198        0.236842       0              
18.2198        0.315789       0              
18.2198        0.394737       0              
18.2198        0.473684       0              
18.2198        0.552632       0              
18.2198        0.631579       0              
18.2198        0.710526       0              
18.2198        0.789474       0              
18.2198        0.868421       0              
18.2198        0.947368       0              
18.2198        1.02632        0              
18.2198        1.10526        0              
18.2198        1.18421        0              
18.2198        1.26316        0              
18.2198        1.34211        0              
18.2198        1.42105        0              
18.2198        1.5            0              
18.409         0              0              
18.409         0.0789474      0              
18.409         0.157895       0              
18.409         0.236842       0              
18.409         0.315789       0              
18.409         0.394737       0              
18.409         0.473684       0              
18.409         0.552632       0              
18.409         0.631579       0              
18.409         0.710526       0              
18.409         0.789474       0              
18.409         0.868421       0              
18.409         0.947368       0              
18.409         1.02632        0              
18.409         1.10526        0              
18.409         1.18421        0              
18.409         1.26316        0              
18.409         1.34211        0              
18.409         1.42105        0              
18.409         1.5            0              
18.5981        0              0              
18.5981        0.0789474      0              
18.5981        0.157895       0              
18.5981        0.236842       0              
18.5981        0.315789       0              
18.5981        0.394737       0              
18.5981        0.473684       0              
18.5981        0.552632       0              
18.5981        0.631579       0              
18.5981        0.710526       0              
18.5981        0.789474       0              
18.5981        0.868421       0              
18.5981        0.947368       0              
18.5981        1.02632        0              
18.5981        1.10526        0              
18.5981        1.18421        0              
18.5981        1.26316        0              
18.5981        1.34211        0              
18.5981        1.42105        0              
18.5981        1.5            0              
18.7873        0              0              
18.7873        0.0789474      0              
18.7873        0.157895       0              
18.7873        0.236842       0              
18.7873        0.315789       0              
18.7873        0.394737       0              
18.7873        0.473684       0              
18.7873        0.552632       0              
18.7873        0.631579       0              
18.7873        0.710526       0              
18.7873        0.789474       0              
18.7873        0.868421       0              
18.7873        0.947368       0              
18.7873        1.02632        0              
18.7873        1.10526        0              
18.7873        1.18421        0              
18.7873        1.26316        0              
18.7873        1.34211        0              
18.7873        1.42105        0              
18.7873        1.5            0              
18.9764        0              0              
18.9764        0.0789474      0              
18.9764        0.157895       0              
18.9764        0.236842       0              
18.9764        0.315789       0              
18.9764        0.394737       0              
18.9764        0.473684       0              
18.9764        0.552632       0              
18.9764        0.631579       0              
18.9764        0.710526       0              
18.9764        0.789474       0              
18.9764        0.868421       0              
18.9764        0.947368       0              
18.9764        1.02632        0              
18.9764        1.10526        0              
18.9764        1.18421        0              
18.9764        1.26316        0              
18.9764        1.34211        0              
18.9764        1.42105        0              
18.9764        1.5            0              
19.1656        0              0              
19.1656        0.0789474      0              
19.1656        0.157895       0              
19.1656        0.236842       0              
19.1656        0.315789       0              
19.1656        0.394737       0              
19.1656        0.473684       0              
19.1656        0.552632       0              
19.1656        0.631579       0              
19.1656        0.710526       0              
19.1656        0.789474       0              
19.1656        0.868421       0              
19.1656        0.947368       0              
19.1656        1.02632        0              
19.1656        1.10526        0              
19.1656        1.18421        0              
19.1656        1.26316        0              
19.1656        1.34211        0              
19.1656        1.42105        0              
19.1656        1.5            0              
19.3547        0              0              
19.3547        0.0789474      0              
19.3547        0.157895       0              
19.3547        0.236842       0              
19.3547        0.315789       0              
19.3547        0.394737       0              
19.3547        0.473684       0              
19.3547        0.552632       0              
19.3547        0.631579       0              
19.3547        0.710526       0              
19.3547        0.789474       0              
19.3547        0.868421       0              
19.3547        0.947368       0              
19.3547        1.02632        0              
19.3547        1.10526        0              
19.3547        1.18421        0              
19.3547        1.26316        0              
19.3547        1.34211        0              
19.3547        1.42105        0              
19.3547        1.5            0              
19.5439        0              0              
19.5439        0.0789474      0              
19.5439        0.157895       0              
19.5439        0.236842       0              
19.5439        0.315789       0              
19.5439        0.394737       0              
19.5439        0.473684       0              
19.5439        0.552632       0              
19.5439        0.631579       0              
19.5439        0.710526       0              
19.5439        0.789474       0              
19.5439        0.868421       0              
19.5439        0.947368       0              
19.5439        1.02632        0              
19.5439        1.10526        0              
19.5439        1.18421        0              
19.5439        1.26316        0              
19.5439        1.34211        0              
19.5439        1.42105        0              
19.5439        1.5            0              
19.733         0              0              
19.733         0.0789474      0              
19.733         0.157895       0              
19.733         0.236842       0              
19.733         0.315789       0              
19.733         0.394737       0              
19.733         0.473684       0              
19.733         0.552632       0              
19.733         0.631579       0              
19.733         0.710526       0              
19.733         0.789474       0              
19.733         0.868421       0              
19.733         0.947368       0              
19.733         1.02632        0              
19.733         1.10526        0              
19.733         1.18421        0              
19.733         1.26316        0              
19.733         1.34211        0              
19.733         1.42105        0              
19.733         1.5            0              
19.9222        0              0              
19.9222        0.0789474      0              
19.9222        0.157895       0              
19.9222        0.236842       0              
19.9222        0.315789       0              
19.9222        0.394737       0              
19.9222        0.473684       0              
19.9222        0.552632       0              
19.9222        0.631579       0              
19.9222        0.710526       0              
19.9222        0.789474       0              
19.9222        0.868421       0              
19.9222        0.947368       0              
19.9222        1.02632        0              
19.9222        1.10526        0              
19.9222        1.18421        0              
19.9222        1.26316        0              
19.9222        1.34211        0              
19.9222        1.42105        0              
19.9222        1.5            0              
20.1113        0              0              
20.1113        0.0789474      0              
20.1113        0.157895       0              
20.1113        0.236842       0              
20.1113        0.315789       0              
20.1113        0.394737       0              
20.1113        0.473684       0              
20.1113        0.552632       0              
20.1113        0.631579       0              
20.1113        0.710526       0              
20.1113        0.789474       0              
20.1113        0.868421       0              
20.1113        0.947368       0              
20.1113        1.02632        0              
20.1113        1.10526        0              
20.1113        1.18421        0              
20.1113        1.26316        0              
20.1113        1.34211        0              
20.1113        1.42105        0              
20.1113        1.5            0              
20.3005        0              0              
20.3005        0.0789474      0              
20.3005        0.157895       0              
20.3005        0.236842       0              
20.3005        0.315789       0              
20.3005        0.394737       0              
20.3005        0.473684       0              
20.3005        0.552632       0              
20.3005        0.631579       0              
20.3005        0.710526       0              
20.3005        0.789474       0              
20.3005        0.868421       0              
20.3005        0.947368       0              
20.3005        1.02632        0              
20.3005        1.10526        0              
20.3005        1.18421        0              
20.3005        1.26316        0              
20.3005        1.34211        0              
20.3005        1.42105        0              
20.3005        1.5            0              
20.4896        0              0              
20.4896        0.0789474      0              
20.4896        0.157895       0              
20.4896        0.236842       0              
20.4896        0.315789       0              
20.4896        0.394737       0              
20.4896        0.473684       0              
20.4896        0.552632       0              
20.4896        0.631579       0              
20.4896        0.710526       0              
20.4896        0.789474       0              
20.4896        0.868421       0              
20.4896        0.947368       0              
20.4896        1.02632        0              
20.4896        1.10526        0              
20.4896        1.18421        0              
20.4896        1.26316        0              
20.4896        1.34211        0              
20.4896        1.42105        0              
20.4896        1.5            0              
20.6788        0              0              
20.6788        0.0789474      0              
20.6788        0.157895       0              
20.6788        0.236842       0              
20.6788        0.315789       0              
20.6788        0.394737       0              
20.6788        0.473684       0              
20.6788        0.552632       0              
20.6788        0.631579       0              
20.6788        0.710526       0              
20.6788        0.789474       0              
20.6788        0.868421       0              
20.6788        0.947368       0              
20.6788        1.02632        0              
20.6788        1.10526        0              
20.6788        1.18421        0              
20.6788        1.26316        0              
20.6788        1.34211        0              
20.6788        1.42105        0              
20.6788        1.5            0              
20.8679        0              0              
20.8679        0.0789474      0              
20.8679        0.157895       0              
20.8679        0.236842       0              
20.8679        0.315789       0              
20.8679        0.394737       0              
20.8679        0.473684       0              
20.8679        0.552632       0              
20.8679        0.631579       0              
20.8679        0.710526       0              
20.8679        0.789474       0              
20.8679        0.868421       0              
20.8679        0.947368       0              
20.8679        1.02632        0              
20.8679        1.10526        0              
20.8679        1.18421        0              
20.8679        1.26316        0              
20.8679        1.34211        0              
20.8679        1.42105        0              
20.8679        1.5            0              
21.0571        0              0              
21.0571        0.0789474      0              
21.0571        0.157895       0              
21.0571        0.236842       0              
21.0571        0.315789       0              
21.0571        0.394737       0              
21.0571        0.473684       0              
21.0571        0.552632       0              
21.0571        0.631579       0              
21.0571        0.710526       0              
21.0571        0.789474       0              
21.0571        0.868421       0              
21.0571        0.947368       0              
21.0571        1.02632        0              
21.0571        1.10526        0              
21.0571        1.18421        0              
21.0571        1.26316        0              
21.0571        1.34211        0              
21.0571        1.42105        0              
21.0571        1.5            0              
21.2462        0              0              
21.2462        0.0789474      0              
21.2462        0.157895       0              
21.2462        0.236842       0              
21.2462        0.315789       0              
21.2462        0.394737       0              
21.2462        0.473684       0              
21.2462        0.552632       0              
21.2462        0.631579       0              
21.2462        0.710526       0              
21.2462        0.789474       0              
21.2462        0.868421       0              
21.2462        0.947368       0              
21.2462        1.02632        0              
21.2462        1.10526        0              
21.2462        1.18421        0              
21.2462        1.26316        0              
21.2462        1.34211        0              
21.2462        1.42105        0              
21.2462        1.5            0              
21.4354        0              0              
21.4354        0.0789474      0              
21.4354        0.157895       0              
21.4354        0.236842       0              
21.4354        0.315789       0              
21.4354        0.394737       0              
21.4354        0.473684       0              
21.4354        0.552632       0              
21.4354        0.631579       0              
21.4354        0.710526       0              
21.4354        0.789474       0              
21.4354        0.868421       0              
21.4354        0.947368       0              
21.4354        1.02632        0              
21.4354        1.10526        0              
21.4354        1.18421        0              
21.4354        1.26316        0              
21.4354        1.34211        0              
21.4354        1.42105        0              
21.4354        1.5            0              
21.6245        0              0              
21.6245        0.0789474      0              
21.6245        0.157895       0              
21.6245        0.236842       0              
21.6245        0.315789       0              
21.6245        0.394737       0              
21.6245        0.473684       0              
21.6245        0.552632       0              
21.6245        0.631579       0              
21.6245        0.710526       0              
21.6245        0.789474       0              
21.6245        0.868421       0              
21.6245        0.947368       0              
21.6245        1.02632        0              
21.6245        1.10526        0              
21.6245        1.18421        0              
21.6245        1.26316        0              
21.6245        1.34211        0              
21.6245        1.42105        0              
21.6245        1.5            0              
21.8137        0              0              
21.8137        0.0789474      0              
21.8137        0.157895       0              
21.8137        0.236842       0              
21.8137        0.315789       0              
21.8137        0.394737       0              
21.8137        0.473684       0              
21.8137        0.552632       0              
21.8137        0.631579       0              
21.8137        0.710526       0              
21.8137        0.789474       0              
21.8137        0.868421       0              
21.8137        0.947368       0              
21.8137        1.02632        0              
21.8137        1.10526        0              
21.8137        1.18421        0              
21.8137        1.26316        0              
21.8137        1.34211        0              
21.8137        1.42105        0              
21.8137        1.5            0              
22.0028        0              0              
22.0028        0.0789474      0              
22.0028        0.157895       0              
22.0028        0.236842       0              
22.0028        0.315789       0              
22.0028        0.394737       0              
22.0028        0.473684       0              
22.0028        0.552632       0              
22.0028        0.631579       0              
22.0028        0.710526       0              
22.0028        0.789474       0              
22.0028        0.868421       0              
22.0028        0.947368       0              
22.0028        1.02632        0              
22.0028        1.10526        0              
22.0028        1.18421        0              
22.0028        1.26316        0              
22.0028        1.34211        0              
22.0028        1.42105        0              
22.0028        1.5            0              
22.192         0              0              
22.192         0.0789474      0              
22.192         0.157895       0              
22.192         0.236842       0              
22.192         0.315789       0              
22.192         0.394737       0              
22.192         0.473684       0              
22.192         0.552632       0              
22.192         0.631579       0              
22.192         0.710526       0              
22.192         0.789474       0              
22.192         0.868421       0              
22.192         0.947368       0              
22.192         1.02632        0              
22.192         1.10526        0              
22.192         1.18421        0              
22.192         1.26316        0              
22.192         1.34211        0              
22.192         1.42105        0              
22.192         1.5            0              
22.3812        0              0              
22.3812        0.0789474      0              
22.3812        0.157895       0              
22.3812        0.236842       0              
22.3812        0.315789       0              
22.3812        0.394737       0              
22.3812        0.473684       0              
22.3812        0.552632       0              
22.3812        0.631579       0              
22.3812        0.710526       0              
22.3812        0.789474       0              
22.3812        0.868421       0              
22.3812        0.947368       0              
22.3812        1.02632        0              
22.3812        1.10526        0              
22.3812        1.18421        0              
22.3812        1.26316        0              
22.3812        1.34211        0              
22.3812        1.42105        0              
22.3812        1.5            0              
22.5703        0              0              
22.5703        0.0789474      0              
22.5703        0.157895       0              
22.5703        0.236842       0              
22.5703        0.315789       0              
22.5703        0.394737       0              
22.5703        0.473684       0              
22.5703        0.552632       0              
22.5703        0.631579       0              
22.5703        0.710526       0              
22.5703        0.789474       0              
22.5703        0.868421       0              
22.5703        0.947368       0              
22.5703        1.02632        0              
22.5703        1.10526        0              
22.5703        1.18421        0              
22.5703        1.26316        0              
22.5703        1.34211        0              
22.5703        1.42105        0              
22.5703        1.5            0              
22.7595        0              0              
22.7595        0.0789474      0              
22.7595        0.157895       0              
22.7595        0.236842       0              
22.7595        0.315789       0              
22.7595        0.394737       0              
22.7595        0.473684       0              
22.7595        0.552632       0              
22.7595        0.631579       0              
22.7595        0.710526       0              
22.7595        0.789474       0              
22.7595        0.868421       0              
22.7595        0.947368       0              
22.7595        1.02632        0              
22.7595        1.10526        0              
22.7595        1.18421        0              
22.7595        1.26316        0              
22.7595        1.34211        0              
22.7595        1.42105        0              
22.7595        1.5            0              
22.9486        0              0              
22.9486        0.0789474      0              
22.9486        0.157895       0              
22.9486        0.236842       0              
22.9486        0.315789       0              
22.9486        0.394737       0              
22.9486        0.473684       0              
22.9486        0.552632       0              
22.9486        0.631579       0              
22.9486        0.710526       0              
22.9486        0.789474       0              
22.9486        0.868421       0              
22.9486        0.947368       0              
22.9486        1.02632        0              
22.9486        1.10526        0              
22.9486        1.18421        0              
22.9486        1.26316        0              
22.9486        1.34211        0              
22.9486        1.42105        0              
22.9486        1.5            0              
23.1378        0              0              
23.1378        0.0789474      0              
23.1378        0.157895       0              
23.1378        0.236842       0              
23.1378        0.315789       0              
23.1378        0.394737       0              
23.1378        0.473684       0              
23.1378        0.552632       0              
23.1378        0.631579       0              
23.1378        0.710526       0              
23.1378        0.789474       0              
23.1378        0.868421       0              
23.1378        0.947368       0              
23.1378        1.02632        0              
23.1378        1.10526        0              
23.1378        1.18421        0              
23.1378        1.26316        0              
23.1378        1.34211        0              
23.1378        1.42105        0              
23.1378        1.5            0              
23.3269        0              0              
23.3269        0.0789474      0              
23.3269        0.157895       0              
23.3269        0.236842       0              
23.3269        0.315789       0              
23.3269        0.394737       0              
23.3269        0.473684       0              
23.3269        0.552632       0              
23.3269        0.631579       0              
23.3269        0.710526       0              
23.3269        0.789474       0              
23.3269        0.868421       0              
23.3269        0.947368       0              
23.3269        1.02632        0              
23.3269        1.10526        0              
23.3269        1.18421        0              
23.3269        1.26316        0              
23.3269        1.34211        0              
23.3269        1.42105        0              
23.3269        1.5            0              
23.5161        0              0              
23.5161        0.0789474      0              
23.5161        0.157895       0              
23.5161        0.236842       0              
23.5161        0.315789       0              
23.5161        0.394737       0              
23.5161        0.473684       0              
23.5161        0.552632       0              
23.5161        0.631579       0              
23.5161        0.710526       0              
23.5161        0.789474       0              
23.5161        0.868421       0              
23.5161        0.947368       0              
23.5161        1.02632        0              
23.5161        1.10526        0              
23.5161        1.18421        0              
23.5161        1.26316        0              
23.5161        1.34211        0              
23.5161        1.42105        0              
23.5161        1.5            0              
23.7052        0              0              
23.7052        0.0789474      0              
23.7052        0.157895       0              
23.7052        0.236842       0              
23.7052        0.315789       0              
23.7052        0.394737       0              
23.7052        0.473684       0              
23.7052        0.552632       0              
23.7052        0.631579       0              
23.7052        0.710526       0              
23.7052        0.789474       0              
23.7052        0.868421       0              
23.7052        0.947368       0              
23.7052        1.02632        0              
23.7052        1.10526        0              
23.7052        1.18421        0              
23.7052        1.26316        0              
23.7052        1.34211        0              
23.7052        1.42105        0              
23.7052        1.5            0              
23.8944        0              0              
23.8944        0.0789474      0              
23.8944        0.157895       0              
23.8944        0.236842       0              
23.8944        0.315789       0              
23.8944        0.394737       0              
23.8944        0.473684       0              
23.8944        0.552632       0              
23.8944        0.631579       0              
23.8944        0.710526       0              
23.8944        0.789474       0              
23.8944        0.868421       0              
23.8944        0.947368       0              
23.8944        1.02632        0              
23.8944        1.10526        0              
23.8944        1.18421        0              
23.8944        1.26316        0              
23.8944        1.34211        0              
23.8944        1.42105        0              
23.8944        1.5            0              
24.0835        0              0              
24.0835        0.0789474      0              
24.0835        0.157895       0              
24.0835        0.236842       0              
24.0835        0.315789       0              
24.0835        0.394737       0              
24.0835        0.473684       0              
24.0835        0.552632       0              
24.0835        0.631579       0              
24.0835        0.710526       0              
24.0835        0.789474       0              
24.0835        0.868421       0              
24.0835        0.947368       0              
24.0835        1.02632        0              
24.0835        1.10526        0              
24.0835        1.18421        0              
24.0835        1.26316        0              
24.0835        1.34211        0              
24.0835        1.42105        0              
24.0835        1.5            0              
24.2727        0              0              
24.2727        0.0789474      0              
24.2727        0.157895       0              
24.2727        0.236842       0              
24.2727        0.315789       0              
24.2727        0.394737       0              
24.2727        0.473684       0              
24.2727        0.552632       0              
24.2727        0.631579       0              
24.2727        0.710526       0              
24.2727        0.789474       0              
24.2727        0.868421       0              
24.2727        0.947368       0              
24.2727        1.02632        0              
24.2727        1.10526        0              
24.2727        1.18421        0              
24.2727        1.26316        0              
24.2727        1.34211        0              
24.2727        1.42105        0              
24.2727        1.5            0              
24.4618        0              0              
24.4618        0.0789474      0              
24.4618        0.157895       0              
24.4618        0.236842       0              
24.4618        0.315789       0              
24.4618        0.394737       0              
24.4618        0.473684       0              
24.4618        0.552632       0              
24.4618        0.631579       0              
24.4618        0.710526       0              
24.4618        0.789474       0              
24.4618        0.868421       0              
24.4618        0.947368       0              
24.4618        1.02632        0              
24.4618        1.10526        0              
24.4618        1.18421        0              
24.4618        1.26316        0              
24.4618        1.34211        0              
24.4618        1.42105        0              
24.4618        1.5            0              
24.651         0              0              
24.651         0.0789474      0              
24.651         0.157895       0              
24.651         0.236842       0              
24.651         0.315789       0              
24.651         0.394737       0              
24.651         0.473684       0              
24.651         0.552632       0              
24.651         0.631579       0              
24.651         0.710526       0              
24.651         0.789474       0              
24.651         0.868421       0              
24.651         0.947368       0              
24.651         1.02632        0              
24.651         1.10526        0              
24.651         1.18421        0              
24.651         1.26316        0              
24.651         1.34211        0              
24.651         1.42105        0              
24.651         1.5            0              
24.8401        0              0              
24.8401        0.0789474      0              
24.8401        0.157895       0              
24.8401        0.236842       0              
24.8401        0.315789       0              
24.8401        0.394737       0              
24.8401        0.473684       0              
24.8401        0.552632       0              
24.8401        0.631579       0              
24.8401        0.710526       0              
24.8401        0.789474       0              
24.8401        0.868421       0              
24.8401        0.947368       0              
24.8401        1.02632        0              
24.8401        1.10526        0              
24.8401        1.18421        0              
24.8401        1.26316        0              
24.8401        1.34211        0              
24.8401        1.42105        0              
24.8401        1.5            0              
25.0293        0              0              
25.0293        0.0789474      0              
25.0293        0.157895       0              
25.0293        0.236842       0              
25.0293        0.315789       0              
25.0293        0.394737       0              
25.0293        0.473684       0              
25.0293        0.552632       0              
25.0293        0.631579       0              
25.0293        0.710526       0              
25.0293        0.789474       0              
25.0293        0.868421       0              
25.0293        0.947368       0              
25.0293        1.02632        0              
25.0293        1.10526        0              
25.0293        1.18421        0              
25.0293        1.26316        0              
25.0293        1.34211        0              
25.0293        1.42105        0              
25.0293        1.5            0              
25.2184        0              0              
25.2184        0.0789474      0              
25.2184        0.157895       0              
25.2184        0.236842       0              
25.2184        0.315789       0              
25.2184        0.394737       0              
25.2184        0.473684       0              
25.2184        0.552632       0              
25.2184        0.631579       0              
25.2184        0.710526       0              
25.2184        0.789474       0              
25.2184        0.868421       0              
25.2184        0.947368       0              
25.2184        1.02632        0              
25.2184        1.10526        0              
25.2184        1.18421        0              
25.2184        1.26316        0              
25.2184        1.34211        0              
25.2184        1.42105        0              
25.2184        1.5            0              
25.4076        0              0              
25.4076        0.0789474      0              
25.4076        0.157895       0              
25.4076        0.236842       0              
25.4076        0.315789       0              
25.4076        0.394737       0              
25.4076        0.473684       0              
25.4076        0.552632       0              
25.4076        0.631579       0              
25.4076        0.710526       0              
25.4076        0.789474       0              
25.4076        0.868421       0              
25.4076        0.947368       0              
25.4076        1.02632        0              
25.4076        1.10526        0              
25.4076        1.18421        0              
25.4076        1.26316        0              
25.4076        1.34211        0              
25.4076        1.42105        0              
25.4076        1.5            0              
25.5967        0              0              
25.5967        0.0789474      0              
25.5967        0.157895       0              
25.5967        0.236842       0              
25.5967        0.315789       0              
25.5967        0.394737       0              
25.5967        0.473684       0              
25.5967        0.552632       0              
25.5967        0.631579       0              
25.5967        0.710526       0              
25.5967        0.789474       0              
25.5967        0.868421       0              
25.5967        0.947368       0              
25.5967        1.02632        0              
25.5967        1.10526        0              
25.5967        1.18421        0              
25.5967        1.26316        0              
25.5967        1.34211        0              
25.5967        1.42105        0              
25.5967        1.5            0              
25.7859        0              0              
25.7859        0.0789474      0              
25.7859        0.157895       0              
25.7859        0.236842       0              
25.7859        0.315789       0              
25.7859        0.394737       0              
25.7859        0.473684       0              
25.7859        0.552632       0              
25.7859        0.631579       0              
25.7859        0.710526       0              
25.7859        0.789474       0              
25.7859        0.868421       0              
25.7859        0.947368       0              
25.7859        1.02632        0              
25.7859        1.10526        0              
25.7859        1.18421        0              
25.7859        1.26316        0              
25.7859        1.34211        0              
25.7859        1.42105        0              
25.7859        1.5            0              
25.975         0              0              
25.975         0.0789474      0              
25.975         0.157895       0              
25.975         0.236842       0              
25.975         0.315789       0              
25.975         0.394737       0              
25.975         0.473684       0              
25.975         0.552632       0              
25.975         0.631579       0              
25.975         0.710526       0              
25.975         0.789474       0              
25.975         0.868421       0              
25.975         0.947368       0              
25.975         1.02632        0              
25.975         1.10526        0              
25.975         1.18421        0              
25.975         1.26316        0              
25.975         1.34211        0              
25.975         1.42105        0              
25.975         1.5            0              
26.1642        0              0              
26.1642        0.0789474      0              
26.1642        0.157895       0              
26.1642        0.236842       0              
26.1642        0.315789       0              
26.1642        0.394737       0              
26.1642        0.473684       0              
26.1642        0.552632       0              
26.1642        0.631579       0              
26.1642        0.710526       0              
26.1642        0.789474       0              
26.1642        0.868421       0              
26.1642        0.947368       0              
26.1642        1.02632        0              
26.1642        1.10526        0              
26.1642        1.18421        0              
26.1642        1.26316        0              
26.1642        1.34211        0              
26.1642        1.42105        0              
26.1642        1.5            0              
26.3533        0              0              
26.3533        0.0789474      0              
26.3533        0.157895       0              
26.3533        0.236842       0              
26.3533        0.315789       0              
26.3533        0.394737       0              
26.3533        0.473684       0              
26.3533        0.552632       0              
26.3533        0.631579       0              
26.3533        0.710526       0              
26.3533        0.789474       0              
26.3533        0.868421       0              
26.3533        0.947368       0              
26.3533        1.02632        0              
26.3533        1.10526        0              
26.3533        1.18421        0              
26.3533        1.26316        0              
26.3533        1.34211        0              
26.3533        1.42105        0              
26.3533        1.5            0              
26.5425        0              0              
26.5425        0.0789474      0              
26.5425        0.157895       0              
26.5425        0.236842       0              
26.5425        0.315789       0              
26.5425        0.394737       0              
26.5425        0.473684       0              
26.5425        0.552632       0              
26.5425        0.631579       0              
26.5425        0.710526       0              
26.5425        0.789474       0              
26.5425        0.868421       0              
26.5425        0.947368       0              
26.5425        1.02632        0              
26.5425        1.10526        0              
26.5425        1.18421        0              
26.5425        1.26316        0              
26.5425        1.34211        0              
26.5425        1.42105        0              
26.5425        1.5            0              
26.7316        0              0              
26.7316        0.0789474      0              
26.7316        0.157895       0              
26.7316        0.236842       0              
26.7316        0.315789       0              
26.7316        0.394737       0              
26.7316        0.473684       0              
26.7316        0.552632       0              
26.7316        0.631579       0              
26.7316        0.710526       0              
26.7316        0.789474       0              
26.7316        0.868421       0              
26.7316        0.947368       0              
26.7316        1.02632        0              
26.7316        1.10526        0              
26.7316        1.18421        0              
26.7316        1.26316        0              
26.7316        1.34211        0              
26.7316        1.42105        0              
26.7316        1.5            0              
26.9208        0              0              
26.9208        0.0789474      0              
26.9208        0.157895       0              
26.9208        0.236842       0              
26.9208        0.315789       0              
26.9208        0.394737       0              
26.9208        0.473684       0              
26.9208        0.552632       0              
26.9208        0.631579       0              
26.9208        0.710526       0              
26.9208        0.789474       0              
26.9208        0.868421       0              
26.9208        0.947368       0              
26.9208        1.02632        0              
26.9208        1.10526        0              
26.9208        1.18421        0              
26.9208        1.26316        0              
26.9208        1.34211        0              
26.9208        1.42105        0              
26.9208        1.5            0              
27.1099        0              0              
27.1099        0.0789474      0              
27.1099        0.157895       0              
27.1099        0.236842       0              
27.1099        0.315789       0              
27.1099        0.394737       0              
27.1099        0.473684       0              
27.1099        0.552632       0              
27.1099        0.631579       0              
27.1099        0.710526       0              
27.1099        0.789474       0              
27.1099        0.868421       0              
27.1099        0.947368       0              
27.1099        1.02632        0              
27.1099        1.10526        0              
27.1099        1.18421        0              
27.1099        1.26316        0              
27.1099        1.34211        0              
27.1099        1.42105        0              
27.1099        1.5            0              
27.2991        0              0              
27.2991        0.0789474      0              
27.2991        0.157895       0              
27.2991        0.236842       0              
27.2991        0.315789       0              
27.2991        0.394737       0              
27.2991        0.473684       0              
27.2991        0.552632       0              
27.2991        0.631579       0              
27.2991        0.710526       0              
27.2991        0.789474       0              
27.2991        0.868421       0              
27.2991        0.947368       0              
27.2991        1.02632        0              
27.2991        1.10526        0              
27.2991        1.18421        0              
27.2991        1.26316        0              
27.2991        1.34211        0              
27.2991        1.42105        0              
27.2991        1.5            0              
27.4882        0              0              
27.4882        0.0789474      0              
27.4882        0.157895       0              
27.4882        0.236842       0              
27.4882        0.315789       0              
27.4882        0.394737       0              
27.4882        0.473684       0              
27.4882        0.552632       0              
27.4882        0.631579       0              
27.4882        0.710526       0              
27.4882        0.789474       0              
27.4882        0.868421       0              
27.4882        0.947368       0              
27.4882        1.02632        0              
27.4882        1.10526        0              
27.4882        1.18421        0              
27.4882        1.26316        0              
27.4882        1.34211        0              
27.4882        1.42105        0              
27.4882        1.5            0              
27.6774        0              0              
27.6774        0.0789474      0              
27.6774        0.157895       0              
27.6774        0.236842       0              
27.6774        0.315789       0              
27.6774        0.394737       0              
27.6774        0.473684       0              
27.6774        0.552632       0              
27.6774        0.631579       0              
27.6774        0.710526       0              
27.6774        0.789474       0              
27.6774        0.868421       0              
27.6774        0.947368       0              
27.6774        1.02632        0              
27.6774        1.10526        0              
27.6774        1.18421        0              
27.6774        1.26316        0              
27.6774        1.34211        0              
27.6774        1.42105        0              
27.6774        1.5            0              
27.8665        0              0              
27.8665        0.0789474      0              
27.8665        0.157895       0              
27.8665        0.236842       0              
27.8665        0.315789       0              
27.8665        0.394737       0              
27.8665        0.473684       0              
27.8665        0.552632       0              
27.8665        0.631579       0              
27.8665        0.710526       0              
27.8665        0.789474       0              
27.8665        0.868421       0              
27.8665        0.947368       0              
27.8665        1.02632        0              
27.8665        1.10526        0              
27.8665        1.18421        0              
27.8665        1.26316        0              
27.8665        1.34211        0              
27.8665        1.42105        0              
27.8665        1.5            0              
28.0557        0              0              
28.0557        0.0789474      0              
28.0557        0.157895       0              
28.0557        0.236842       0              
28.0557        0.315789       0              
28.0557        0.394737       0              
28.0557        0.473684       0              
28.0557        0.552632       0              
28.0557        0.631579       0              
28.0557        0.710526       0              
28.0557        0.789474       0              
28.0557        0.868421       0              
28.0557        0.947368       0              
28.0557        1.02632        0              
28.0557        1.10526        0              
28.0557        1.18421        0              
28.0557        1.26316        0              
28.0557        1.34211        0              
28.0557        1.42105        0              
28.0557        1.5            0              
28.2448        0              0              
28.2448        0.0789474      0              
28.2448        0.157895       0              
28.2448        0.236842       0              
28.2448        0.315789       0              
28.2448        0.394737       0              
28.2448        0.473684       0              
28.2448        0.552632       0              
28.2448        0.631579       0              
28.2448        0.710526       0              
28.2448        0.789474       0              
28.2448        0.868421       0              
28.2448        0.947368       0              
28.2448        1.02632        0              
28.2448        1.10526        0              
28.2448        1.18421        0              
28.2448        1.26316        0              
28.2448        1.34211        0              
28.2448        1.42105        0              
28.2448        1.5            0              
28.434         0              0              
28.434         0.0789474      0              
28.434         0.157895       0              
28.434         0.236842       0              
28.434         0.315789       0              
28.434         0.394737       0              
28.434         0.473684       0              
28.434         0.552632       0              
28.434         0.631579       0              
28.434         0.710526       0              
28.434         0.789474       0              
28.434         0.868421       0              
28.434         0.947368       0              
28.434         1.02632        0              
28.434         1.10526        0              
28.434         1.18421        0              
28.434         1.26316        0              
28.434         1.34211        0              
28.434         1.42105        0              
28.434         1.5            0              
28.6231        0              0              
28.6231        0.0789474      0              
28.6231        0.157895       0              
28.6231        0.236842       0              
28.6231        0.315789       0              
28.6231        0.394737       0              
28.6231        0.473684       0              
28.6231        0.552632       0              
28.6231        0.631579       0              
28.6231        0.710526       0              
28.6231        0.789474       0              
28.6231        0.868421       0              
28.6231        0.947368       0              
28.6231        1.02632        0              
28.6231        1.10526        0              
28.6231        1.18421        0              
28.6231        1.26316        0              
28.6231        1.34211        0              
28.6231        1.42105        0              
28.6231        1.5            0              
28.8123        0              0              
28.8123        0.0789474      0              
28.8123        0.157895       0              
28.8123        0.236842       0              
28.8123        0.315789       0              
28.8123        0.394737       0              
28.8123        0.473684       0              
28.8123        0.552632       0              
28.8123        0.631579       0              
28.8123        0.710526       0              
28.8123        0.789474       0              
28.8123        0.868421       0              
28.8123        0.947368       0              
28.8123        1.02632        0              
28.8123        1.10526        0              
28.8123        1.18421        0              
28.8123        1.26316        0              
28.8123        1.34211        0              
28.8123        1.42105        0              
28.8123        1.5            0              
29.0014        0              0              
29.0014        0.0789474      0              
29.0014        0.157895       0              
29.0014        0.236842       0              
29.0014        0.315789       0              
29.0014        0.394737       0              
29.0014        0.473684       0              
29.0014        0.552632       0              
29.0014        0.631579       0              
29.0014        0.710526       0              
29.0014        0.789474       0              
29.0014        0.868421       0              
29.0014        0.947368       0              
29.0014        1.02632        0              
29.0014        1.10526        0              
29.0014        1.18421        0              
29.0014        1.26316        0              
29.0014        1.34211        0              
29.0014        1.42105        0              
29.0014        1.5            0              
29.1906        0              0              
29.1906        0.0789474      0              
29.1906        0.157895       0              
29.1906        0.236842       0              
29.1906        0.315789       0              
29.1906        0.394737       0              
29.1906        0.473684       0              
29.1906        0.552632       0              
29.1906        0.631579       0              
29.1906        0.710526       0              
29.1906        0.789474       0              
29.1906        0.868421       0              
29.1906        0.947368       0              
29.1906        1.02632        0              
29.1906        1.10526        0              
29.1906        1.18421        0              
29.1906        1.26316        0              
29.1906        1.34211        0              
29.1906        1.42105        0              
29.1906        1.5            0              
29.3797        0              0              
29.3797        0.0789474      0              
29.3797        0.157895       0              
29.3797        0.236842       0              
29.3797        0.315789       0              
29.3797        0.394737       0              
29.3797        0.473684       0              
29.3797        0.552632       0              
29.3797        0.631579       0              
29.3797        0.710526       0              
29.3797        0.789474       0              
29.3797        0.868421       0              
29.3797        0.947368       0              
29.3797        1.02632        0              
29.3797        1.10526        0              
29.3797        1.18421        0              
29.3797        1.26316        0              
29.3797        1.34211        0              
29.3797        1.42105        0              
29.3797        1.5            0              
29.5689        0              0              
29.5689        0.0789474      0              
29.5689        0.157895       0              
29.5689        0.236842       0              
29.5689        0.315789       0              
29.5689        0.394737       0              
29.5689        0.473684       0              
29.5689        0.552632       0              
29.5689        0.631579       0              
29.5689        0.710526       0              
29.5689        0.789474       0              
29.5689        0.868421       0              
29.5689        0.947368       0              
29.5689        1.02632        0              
29.5689        1.10526        0              
29.5689        1.18421        0              
29.5689        1.26316        0              
29.5689        1.34211        0              
29.5689        1.42105        0              
29.5689        1.5            0              
29.758         0              0              
29.758         0.0789474      0              
29.758         0.157895       0              
29.758         0.236842       0              
29.758         0.315789       0              
29.758         0.394737       0              
29.758         0.473684       0              
29.758         0.552632       0              
29.758         0.631579       0              
29.758         0.710526       0              
29.758         0.789474       0              
29.758         0.868421       0              
29.758         0.947368       0              
29.758         1.02632        0              
29.758         1.10526        0              
29.758         1.18421        0              
29.758         1.26316        0              
29.758         1.34211        0              
29.758         1.42105        0              
29.758         1.5            0              
29.9472        0              0              
29.9472        0.0789474      0              
29.9472        0.157895       0              
29.9472        0.236842       0              
29.9472        0.315789       0              
29.9472        0.394737       0              
29.9472        0.473684       0              
29.9472        0.552632       0              
29.9472        0.631579       0              
29.9472        0.710526       0              
29.9472        0.789474       0              
29.9472        0.868421       0              
29.9472        0.947368       0              
29.9472        1.02632        0              
29.9472        1.10526        0              
29.9472        1.18421        0              
29.9472        1.26316        0              
29.9472        1.34211        0              
29.9472        1.42105        0              
29.9472        1.5            0              
30.1363        0              0              
30.1363        0.0789474      0              
30.1363        0.157895       0              
30.1363        0.236842       0              
30.1363        0.315789       0              
30.1363        0.394737       0              
30.1363        0.473684       0              
30.1363        0.552632       0              
30.1363        0.631579       0              
30.1363        0.710526       0              
30.1363        0.789474       0              
30.1363        0.868421       0              
30.1363        0.947368       0              
30.1363        1.02632        0              
30.1363        1.10526        0              
30.1363        1.18421        0              
30.1363        1.26316        0              
30.1363        1.34211        0              
30.1363        1.42105        0              
30.1363        1.5            0              
30.3255        0              0              
30.3255        0.0789474      0              
30.3255        0.157895       0              
30.3255        0.236842       0              
30.3255        0.315789       0              
30.3255        0.394737       0              
30.3255        0.473684       0              
30.3255        0.552632       0              
30.3255        0.631579       0              
30.3255        0.710526       0              
30.3255        0.789474       0              
30.3255        0.868421       0              
30.3255        0.947368       0              
30.3255        1.02632        0              
30.3255        1.10526        0              
30.3255        1.18421        0              
30.3255        1.26316        0              
30.3255        1.34211        0              
30.3255        1.42105        0              
30.3255        1.5            0              
30.5146        0              0              
30.5146        0.0789474      0              
30.5146        0.157895       0              
30.5146        0.236842       0              
30.5146        0.315789       0              
30.5146        0.394737       0              
30.5146        0.473684       0              
30.5146        0.552632       0              
30.5146        0.631579       0              
30.5146        0.710526       0              
30.5146        0.789474       0              
30.5146        0.868421       0              
30.5146        0.947368       0              
30.5146        1.02632        0              
30.5146        1.10526        0              
30.5146        1.18421        0              
30.5146        1.26316        0              
30.5146        1.34211        0              
30.5146        1.42105        0              
30.5146        1.5            0              
30.7038        0              0              
30.7038        0.0789474      0              
30.7038        0.157895       0              
30.7038        0.236842       0              
30.7038        0.315789       0              
30.7038        0.394737       0              
30.7038        0.473684       0              
30.7038        0.552632       0              
30.7038        0.631579       0              
30.7038        0.710526       0              
30.7038        0.789474       0              
30.7038        0.868421       0              
30.7038        0.947368       0              
30.7038        1.02632        0              
30.7038        1.10526        0              
30.7038        1.18421        0              
30.7038        1.26316        0              
30.7038        1.34211        0              
30.7038        1.42105        0              
30.7038        1.5            0              
30.8929        0              0              
30.8929        0.0789474      0              
30.8929        0.157895       0              
30.8929        0.236842       0              
30.8929        0.315789       0              
30.8929        0.394737       0              
30.8929        0.473684       0              
30.8929        0.552632       0              
30.8929        0.631579       0              
30.8929        0.710526       0              
30.8929        0.789474       0              
30.8929        0.868421       0              
30.8929        0.947368       0              
30.8929        1.02632        0              
30.8929        1.10526        0              
30.8929        1.18421        0              
30.8929        1.26316        0              
30.8929        1.34211        0              
30.8929        1.42105        0              
30.8929        1.5            0              
31.0821        0              0              
31.0821        0.0789474      0              
31.0821        0.157895       0              
31.0821        0.236842       0              
31.0821        0.315789       0              
31.0821        0.394737       0              
31.0821        0.473684       0              
31.0821        0.552632       0              
31.0821        0.631579       0              
31.0821        0.710526       0              
31.0821        0.789474       0              
31.0821        0.868421       0              
31.0821        0.947368       0              
31.0821        1.02632        0              
31.0821        1.10526        0              
31.0821        1.18421        0              
31.0821        1.26316        0              
31.0821        1.34211        0              
31.0821        1.42105        0              
31.0821        1.5            0              
31.2712        0              0              
31.2712        0.0789474      0              
31.2712        0.157895       0              
31.2712        0.236842       0              
31.2712        0.315789       0              
31.2712        0.394737       0              
31.2712        0.473684       0              
31.2712        0.552632       0              
31.2712        0.631579       0              
31.2712        0.710526       0              
31.2712        0.789474       0              
31.2712        0.868421       0              
31.2712        0.947368       0              
31.2712        1.02632        0              
31.2712        1.10526        0              
31.2712        1.18421        0              
31.2712        1.26316        0              
31.2712        1.34211        0              
31.2712        1.42105        0              
31.2712        1.5            0              
31.4604        0              0              
31.4604        0.0789474      0              
31.4604        0.157895       0              
31.4604        0.236842       0              
31.4604        0.315789       0              
31.4604        0.394737       0              
31.4604        0.473684       0              
31.4604        0.552632       0              
31.4604        0.631579       0              
31.4604        0.710526       0              
31.4604        0.789474       0              
31.4604        0.868421       0              
31.4604        0.947368       0              
31.4604        1.02632        0              
31.4604        1.10526        0              
31.4604        1.18421        0              
31.4604        1.26316        0              
31.4604        1.34211        0              
31.4604        1.42105        0              
31.4604        1.5            0              
31.6495        0              0              
31.6495        0.0789474      0              
31.6495        0.157895       0              
31.6495        0.236842       0              
31.6495        0.315789       0              
31.6495        0.394737       0              
31.6495        0.473684       0              
31.6495        0.552632       0              
31.6495        0.631579       0              
31.6495        0.710526       0              
31.6495        0.789474       0              
31.6495        0.868421       0              
31.6495        0.947368       0              
31.6495        1.02632        0              
31.6495        1.10526        0              
31.6495        1.18421        0              
31.6495        1.26316        0              
31.6495        1.34211        0              
31.6495        1.42105        0              
31.6495        1.5            0              
31.8387        0              0              
31.8387        0.0789474      0              
31.8387        0.157895       0              
31.8387        0.236842       0              
31.8387        0.315789       0              
31.8387        0.394737       0              
31.8387        0.473684       0              
31.8387        0.552632       0              
31.8387        0.631579       0              
31.8387        0.710526       0              
31.8387        0.789474       0              
31.8387        0.868421       0              
31.8387        0.947368       0              
31.8387        1.02632        0              
31.8387        1.10526        0              
31.8387        1.18421        0              
31.8387        1.26316        0              
31.8387        1.34211        0              
31.8387        1.42105        0              
31.8387        1.5            0              
32.0278        0              0              
32.0278        0.0789474      0              
32.0278        0.157895       0              
32.0278        0.236842       0              
32.0278        0.315789       0              
32.0278        0.394737       0              
32.0278        0.473684       0              
32.0278        0.552632       0              
32.0278        0.631579       0              
32.0278        0.710526       0              
32.0278        0.789474       0              
32.0278        0.868421       0              
32.0278        0.947368       0              
32.0278        1.02632        0              
32.0278        1.10526        0              
32.0278        1.18421        0              
32.0278        1.26316        0              
32.0278        1.34211        0              
32.0278        1.42105        0              
32.0278        1.5            0              
32.217         0              0              
32.217         0.0789474      0              
32.217         0.157895       0              
32.217         0.236842       0              
32.217         0.315789       0              
32.217         0.394737       0              
32.217         0.473684       0              
32.217         0.552632       0              
32.217         0.631579       0              
32.217         0.710526       0              
32.217         0.789474       0              
32.217         0.868421       0              
32.217         0.947368       0              
32.217         1.02632        0              
32.217         1.10526        0              
32.217         1.18421        0              
32.217         1.26316        0              
32.217         1.34211        0              
32.217         1.42105        0              
32.217         1.5            0              
32.4061        0              0              
32.4061        0.0789474      0              
32.4061        0.157895       0              
32.4061        0.236842       0              
32.4061        0.315789       0              
32.4061        0.394737       0              
32.4061        0.473684       0              
32.4061        0.552632       0              
32.4061        0.631579       0              
32.4061        0.710526       0              
32.4061        0.789474       0              
32.4061        0.868421       0              
32.4061        0.947368       0              
32.4061        1.02632        0              
32.4061        1.10526        0              
32.4061        1.18421        0              
32.4061        1.26316        0              
32.4061        1.34211        0              
32.4061        1.42105        0              
32.4061        1.5            0              
32.5953        0              0              
32.5953        0.0789474      0              
32.5953        0.157895       0              
32.5953        0.236842       0              
32.5953        0.315789       0              
32.5953        0.394737       0              
32.5953        0.473684       0              
32.5953        0.552632       0              
32.5953        0.631579       0              
32.5953        0.710526       0              
32.5953        0.789474       0              
32.5953        0.868421       0              
32.5953        0.947368       0              
32.5953        1.02632        0              
32.5953        1.10526        0              
32.5953        1.18421        0              
32.5953        1.26316        0              
32.5953        1.34211        0              
32.5953        1.42105        0              
32.5953        1.5            0              
32.7844        0              0              
32.7844        0.0789474      0              
32.7844        0.157895       0              
32.7844        0.236842       0              
32.7844        0.315789       0              
32.7844        0.394737       0              
32.7844        0.473684       0              
32.7844        0.552632       0              
32.7844        0.631579       0              
32.7844        0.710526       0              
32.7844        0.789474       0              
32.7844        0.868421       0              
32.7844        0.947368       0              
32.7844        1.02632        0              
32.7844        1.10526        0              
32.7844        1.18421        0              
32.7844        1.26316        0              
32.7844        1.34211        0              
32.7844        1.42105        0              
32.7844        1.5            0              
32.9736        0              0              
32.9736        0.0789474      0              
32.9736        0.157895       0              
32.9736        0.236842       0              
32.9736        0.315789       0              
32.9736        0.394737       0              
32.9736        0.473684       0              
32.9736        0.552632       0              
32.9736        0.631579       0              
32.9736        0.710526       0              
32.9736        0.789474       0              
32.9736        0.868421       0              
32.9736        0.947368       0              
32.9736        1.02632        0              
32.9736        1.10526        0              
32.9736        1.18421        0              
32.9736        1.26316        0              
32.9736        1.34211        0              
32.9736        1.42105        0              
32.9736        1.5            0              
33.1627        0              0              
33.1627        0.0789474      0              
33.1627        0.157895       0              
33.1627        0.236842       0              
33.1627        0.315789       0              
33.1627        0.394737       0              
33.1627        0.473684       0              
33.1627        0.552632       0              
33.1627        0.631579       0              
33.1627        0.710526       0              
33.1627        0.789474       0              
33.1627        0.868421       0              
33.1627        0.947368       0              
33.1627        1.02632        0              
33.1627        1.10526        0              
33.1627        1.18421        0              
33.1627        1.26316        0              
33.1627        1.34211        0              
33.1627        1.42105        0              
33.1627        1.5            0              
33.3519        0              0              
33.3519        0.0789474      0              
33.3519        0.157895       0              
33.3519        0.236842       0              
33.3519        0.315789       0              
33.3519        0.394737       0              
33.3519        0.473684       0              
33.3519        0.552632       0              
33.3519        0.631579       0              
33.3519        0.710526       0              
33.3519        0.789474       0              
33.3519        0.868421       0              
33.3519        0.947368       0              
33.3519        1.02632        0              
33.3519        1.10526        0              
33.3519        1.18421        0              
33.3519        1.26316        0              
33.3519        1.34211        0              
33.3519        1.42105        0              
33.3519        1.5            0              
33.541         0              0              
33.541         0.0789474      0              
33.541         0.157895       0              
33.541         0.236842       0              
33.541         0.315789       0              
33.541         0.394737       0              
33.541         0.473684       0              
33.541         0.552632       0              
33.541         0.631579       0              
33.541         0.710526       0              
33.541         0.789474       0              
33.541         0.868421       0              
33.541         0.947368       0              
33.541         1.02632        0              
33.541         1.10526        0              
33.541         1.18421        0              
33.541         1.26316        0              
33.541         1.34211        0              
33.541         1.42105        0              
33.541         1.5            0              
33.7302        0              0              
33.7302        0.0789474      0              
33.7302        0.157895       0              
33.7302        0.236842       0              
33.7302        0.315789       0              
33.7302        0.394737       0              
33.7302        0.473684       0              
33.7302        0.552632       0              
33.7302        0.631579       0              
33.7302        0.710526       0              
33.7302        0.789474       0              
33.7302        0.868421       0              
33.7302        0.947368       0              
33.7302        1.02632        0              
33.7302        1.10526        0              
33.7302        1.18421        0              
33.7302        1.26316        0              
33.7302        1.34211        0              
33.7302        1.42105        0              
33.7302        1.5            0              
33.9193        0              0              
33.9193        0.0789474      0              
33.9193        0.157895       0              
33.9193        0.236842       0              
33.9193        0.315789       0              
33.9193        0.394737       0              
33.9193        0.473684       0              
33.9193        0.552632       0              
33.9193        0.631579       0              
33.9193        0.710526       0              
33.9193        0.789474       0              
33.9193        0.868421       0              
33.9193        0.947368       0              
33.9193        1.02632        0              
33.9193        1.10526        0              
33.9193        1.18421        0              
33.9193        1.26316        0              
33.9193        1.34211        0              
33.9193        1.42105        0              
33.9193        1.5            0              
34.1085        0              0              
34.1085        0.0789474      0              
34.1085        0.157895       0              
34.1085        0.236842       0              
34.1085        0.315789       0              
34.1085        0.394737       0              
34.1085        0.473684       0              
34.1085        0.552632       0              
34.1085        0.631579       0              
34.1085        0.710526       0              
34.1085        0.789474       0              
34.1085        0.868421       0              
34.1085        0.947368       0              
34.1085        1.02632        0              
34.1085        1.10526        0              
34.1085        1.18421        0              
34.1085        1.26316        0              
34.1085        1.34211        0              
34.1085        1.42105        0              
34.1085        1.5            0              
34.2976        0              0              
34.2976        0.0789474      0              
34.2976        0.157895       0              
34.2976        0.236842       0              
34.2976        0.315789       0              
34.2976        0.394737       0              
34.2976        0.473684       0              
34.2976        0.552632       0              
34.2976        0.631579       0              
34.2976        0.710526       0              
34.2976        0.789474       0              
34.2976        0.868421       0              
34.2976        0.947368       0              
34.2976        1.02632        0              
34.2976        1.10526        0              
34.2976        1.18421        0              
34.2976        1.26316        0              
34.2976        1.34211        0              
34.2976        1.42105        0              
34.2976        1.5            0              
34.4868        0              0              
34.4868        0.0789474      0              
34.4868        0.157895       0              
34.4868        0.236842       0              
34.4868        0.315789       0              
34.4868        0.394737       0              
34.4868        0.473684       0              
34.4868        0.552632       0              
34.4868        0.631579       0              
34.4868        0.710526       0              
34.4868        0.789474       0              
34.4868        0.868421       0              
34.4868        0.947368       0              
34.4868        1.02632        0              
34.4868        1.10526        0              
34.4868        1.18421        0              
34.4868        1.26316        0              
34.4868        1.34211        0              
34.4868        1.42105        0              
34.4868        1.5            0              
34.6759        0              0              
34.6759        0.0789474      0              
34.6759        0.157895       0              
34.6759        0.236842       0              
34.6759        0.315789       0              
34.6759        0.394737       0              
34.6759        0.473684       0              
34.6759        0.552632       0              
34.6759        0.631579       0              
34.6759        0.710526       0              
34.6759        0.789474       0              
34.6759        0.868421       0              
34.6759        0.947368       0              
34.6759        1.02632        0              
34.6759        1.10526        0              
34.6759        1.18421        0              
34.6759        1.26316        0              
34.6759        1.34211        0              
34.6759        1.42105        0              
34.6759        1.5            0              
34.8651        0              0              
34.8651        0.0789474      0              
34.8651        0.157895       0              
34.8651        0.236842       0              
34.8651        0.315789       0              
34.8651        0.394737       0              
34.8651        0.473684       0              
34.8651        0.552632       0              
34.8651        0.631579       0              
34.8651        0.710526       0              
34.8651        0.789474       0              
34.8651        0.868421       0              
34.8651        0.947368       0              
34.8651        1.02632        0              
34.8651        1.10526        0              
34.8651        1.18421        0              
34.8651        1.26316        0              
34.8651        1.34211        0              
34.8651        1.42105        0              
34.8651        1.5            0              
35.0542        0              0              
35.0542        0.0789474      0              
35.0542        0.157895       0              
35.0542        0.236842       0              
35.0542        0.315789       0              
35.0542        0.394737       0              
35.0542        0.473684       0              
35.0542        0.552632       0              
35.0542        0.631579       0              
35.0542        0.710526       0              
35.0542        0.789474       0              
35.0542        0.868421       0              
35.0542        0.947368       0              
35.0542        1.02632        0              
35.0542        1.10526        0              
35.0542        1.18421        0              
35.0542        1.26316        0              
35.0542        1.34211        0              
35.0542        1.42105        0              
35.0542        1.5            0              
35.2434        0              0              
35.2434        0.0789474      0              
35.2434        0.157895       0              
35.2434        0.236842       0              
35.2434        0.315789       0              
35.2434        0.394737       0              
35.2434        0.473684       0              
35.2434        0.552632       0              
35.2434        0.631579       0              
35.2434        0.710526       0              
35.2434        0.789474       0              
35.2434        0.868421       0              
35.2434        0.947368       0              
35.2434        1.02632        0              
35.2434        1.10526        0              
35.2434        1.18421        0              
35.2434        1.26316        0              
35.2434        1.34211        0              
35.2434        1.42105        0              
35.2434        1.5            0              
35.4325        0              0              
35.4325        0.0789474      0              
35.4325        0.157895       0              
35.4325        0.236842       0              
35.4325        0.315789       0              
35.4325        0.394737       0              
35.4325        0.473684       0              
35.4325        0.552632       0              
35.4325        0.631579       0              
35.4325        0.710526       0              
35.4325        0.789474       0              
35.4325        0.868421       0              
35.4325        0.947368       0              
35.4325        1.02632        0              
35.4325        1.10526        0              
35.4325        1.18421        0              
35.4325        1.26316        0              
35.4325        1.34211        0              
35.4325        1.42105        0              
35.4325        1.5            0              
35.6217        0              0              
35.6217        0.0789474      0              
35.6217        0.157895       0              
35.6217        0.236842       0              
35.6217        0.315789       0              
35.6217        0.394737       0              
35.6217        0.473684       0              
35.6217        0.552632       0              
35.6217        0.631579       0              
35.6217        0.710526       0              
35.6217        0.789474       0              
35.6217        0.868421       0              
35.6217        0.947368       0              
35.6217        1.02632        0              
35.6217        1.10526        0              
35.6217        1.18421        0              
35.6217        1.26316        0              
35.6217        1.34211        0              
35.6217        1.42105        0              
35.6217        1.5            0              
35.8108        0              0              
35.8108        0.0789474      0              
35.8108        0.157895       0              
35.8108        0.236842       0              
35.8108        0.315789       0              
35.8108        0.394737       0              
35.8108        0.473684       0              
35.8108        0.552632       0              
35.8108        0.631579       0              
35.8108        0.710526       0              
35.8108        0.789474       0              
35.8108        0.868421       0              
35.8108        0.947368       0              
35.8108        1.02632        0              
35.8108        1.10526        0              
35.8108        1.18421        0              
35.8108        1.26316        0              
35.8108        1.34211        0              
35.8108        1.42105        0              
35.8108        1.5            0              
36             0              0              
36             0.0789474      0              
36             0.157895       0              
36             0.236842       0              
36             0.315789       0              
36             0.394737       0              
36             0.473684       0              
36             0.552632       0              
36             0.631579       0              
36             0.710526       0              
36             0.789474       0              
36             0.868421       0              
36             0.947368       0              
36             1.02632        0              
36             1.10526        0              
36             1.18421        0              
36             1.26316        0              
36             1.34211        0              
36             1.42105        0              
36             1.5            0              
