17.2741   36        100       0         1.5       20        
17.2741        0              0              
17.2741        0.0789474      -0.0901636     
17.2741        0.157895       -0.18515       
17.2741        0.236842       -0.284151      
17.2741        0.315789       -0.38646       
17.2741        0.394737       -0.491466      
17.2741        0.473684       -0.598632      
17.2741        0.552632       -0.707493      
17.2741        0.631579       -0.81764       
17.2741        0.710526       -0.928717      
17.2741        0.789474       -1.04041       
17.2741        0.868421       -1.15245       
17.2741        0.947368       -1.2646        
17.2741        1.02632        -1.37665       
17.2741        1.10526        -1.48842       
17.2741        1.18421        -1.59975       
17.2741        1.26316        -1.71051       
17.2741        1.34211        -1.82056       
17.2741        1.42105        -1.92982       
17.2741        1.5            -2.0382        
17.4632        0              0              
17.4632        0.0789474      0.0192412      
17.4632        0.157895       0.0291327      
17.4632        0.236842       0.0307129      
17.4632        0.315789       0.0249038      
17.4632        0.394737       0.0125257      
17.4632        0.473684       -0.00569031    
17.4632        0.552632       -0.0290918     
17.4632        0.631579       -0.0570955     
17.4632        0.710526       -0.0891796     
17.4632        0.789474       -0.124876      
17.4632        0.868421       -0.163766      
17.4632        0.947368       -0.205471      
17.4632        1.02632        -0.249654      
17.4632        1.10526        -0.296009      
17.4632        1.18421        -0.344261      
17.4632        1.26316        -0.394164      
17.4632        1.34211        -0.445495      
17.4632        1.42105        -0.498051      
17.4632        1.5            -0.551652      
17.6524        0              0              
17.6524        0.0789474      0.0756697      
17.6524        0.157895       0.140588       
17.6524        0.236842       0.195781       
17.6524        0.315789       0.242173       
17.6524        0.394737       0.280591       
17.6524        0.473684       0.311783       
17.6524        0.552632       0.336421       
17.6524        0.631579       0.355114       
17.6524        0.710526       0.368413       
17.6524        0.789474       0.376814       
17.6524        0.868421       0.38077        
17.6524        0.947368       0.380691       
17.6524        1.02632        0.37695        
17.6524        1.10526        0.369885       
17.6524        1.18421        0.359805       
17.6524        1.26316        0.346992       
17.6524        1.34211        0.331702       
17.6524        1.42105        0.314169       
17.6524        1.5            0.294608       
17.8415        0              0              
17.8415        0.0789474      0.116096       
17.8415        0.157895       0.220921       
17.8415        0.236842       0.315439       
17.8415        0.315789       0.400519       
17.8415        0.394737       0.476952       
17.8415        0.473684       0.545453       
17.8415        0.552632       0.606676       
17.8415        0.631579       0.661213       
17.8415        0.710526       0.709605       
17.8415        0.789474       0.752347       
17.8415        0.868421       0.789889       
17.8415        0.947368       0.822645       
17.8415        1.02632        0.850992       
17.8415        1.10526        0.875278       
17.8415        1.18421        0.895821       
17.8415        1.26316        0.912913       
17.8415        1.34211        0.926823       
17.8415        1.42105        0.937798       
17.8415        1.5            0.946066       
18.0307        0              0              
18.0307        0.0789474      0.14629        
18.0307        0.157895       0.281281       
18.0307        0.236842       0.405847       
18.0307        0.315789       0.520788       
18.0307        0.394737       0.626831       
18.0307        0.473684       0.724644       
18.0307        0.552632       0.814837       
18.0307        0.631579       0.897968       
18.0307        0.710526       0.974552       
18.0307        0.789474       1.04506        
18.0307        0.868421       1.10992        
18.0307        0.947368       1.16955        
18.0307        1.02632        1.22429        
18.0307        1.10526        1.27451        
18.0307        1.18421        1.3205         
18.0307        1.26316        1.36256        
18.0307        1.34211        1.40096        
18.0307        1.42105        1.43595        
18.0307        1.5            1.46776        
18.2198        0              0              
18.2198        0.0789474      0.169198       
18.2198        0.157895       0.327359       
18.2198        0.236842       0.475265       
18.2198        0.315789       0.613635       
18.2198        0.394737       0.743129       
18.2198        0.473684       0.864352       
18.2198        0.552632       0.977864       
18.2198        0.631579       1.08418        
18.2198        0.710526       1.18378        
18.2198        0.789474       1.2771         
18.2198        0.868421       1.36455        
18.2198        0.947368       1.4465         
18.2198        1.02632        1.5233         
18.2198        1.10526        1.59529        
18.2198        1.18421        1.66275        
18.2198        1.26316        1.72598        
18.2198        1.34211        1.78522        
18.2198        1.42105        1.84073        
18.2198        1.5            1.89273        
18.409         0              0              
18.409         0.0789474      0.186677       
18.409         0.157895       0.362758       
18.409         0.236842       0.52893        
18.409         0.315789       0.685832       
18.409         0.394737       0.834052       
18.409         0.473684       0.974135       
18.409         0.552632       1.10658        
18.409         0.631579       1.23187        
18.409         0.710526       1.35042        
18.409         0.789474       1.46265        
18.409         0.868421       1.56893        
18.409         0.947368       1.6696         
18.409         1.02632        1.765          
18.409         1.10526        1.85543        
18.409         1.18421        1.94116        
18.409         1.26316        2.02248        
18.409         1.34211        2.09961        
18.409         1.42105        2.1728         
18.409         1.5            2.24227        
18.5981        0              0              
18.5981        0.0789474      0.200012       
18.5981        0.157895       0.38997        
18.5981        0.236842       0.570476       
18.5981        0.315789       0.742089       
18.5981        0.394737       0.905327       
18.5981        0.473684       1.06067        
18.5981        0.552632       1.20858        
18.5981        0.631579       1.34946        
18.5981        0.710526       1.48372        
18.5981        0.789474       1.6117         
18.5981        0.868421       1.73377        
18.5981        0.947368       1.85023        
18.5981        1.02632        1.96139        
18.5981        1.10526        2.06752        
18.5981        1.18421        2.1689         
18.5981        1.26316        2.26576        
18.5981        1.34211        2.35833        
18.5981        1.42105        2.44685        
18.5981        1.5            2.5315         
18.7873        0              0              
18.7873        0.0789474      0.21013        
18.7873        0.157895       0.410807       
18.7873        0.236842       0.602549       
18.7873        0.315789       0.785842       
18.7873        0.394737       0.961141       
18.7873        0.473684       1.12887        
18.7873        0.552632       1.28942        
18.7873        0.631579       1.44317        
18.7873        0.710526       1.59047        
18.7873        0.789474       1.73164        
18.7873        0.868421       1.867          
18.7873        0.947368       1.99682        
18.7873        1.02632        2.12139        
18.7873        1.10526        2.24096        
18.7873        1.18421        2.35577        
18.7873        1.26316        2.46604        
18.7873        1.34211        2.572          
18.7873        1.42105        2.67384        
18.7873        1.5            2.77176        
18.9764        0              0              
18.9764        0.0789474      0.217724       
18.9764        0.157895       0.426619       
18.9764        0.236842       0.627132       
18.9764        0.315789       0.819678       
18.9764        0.394737       1.00465        
18.9764        0.473684       1.18242        
18.9764        0.552632       1.35333        
18.9764        0.631579       1.51771        
18.9764        0.710526       1.67587        
18.9764        0.789474       1.82809        
18.9764        0.868421       1.97466        
18.9764        0.947368       2.11583        
18.9764        1.02632        2.25184        
18.9764        1.10526        2.38293        
18.9764        1.18421        2.50932        
18.9764        1.26316        2.6312         
18.9764        1.34211        2.74879        
18.9764        1.42105        2.86226        
18.9764        1.5            2.97179        
19.1656        0              0              
19.1656        0.0789474      0.223319       
19.1656        0.157895       0.43844        
19.1656        0.236842       0.645742       
19.1656        0.315789       0.845578       
19.1656        0.394737       1.03829        
19.1656        0.473684       1.22418        
19.1656        0.552632       1.40357        
19.1656        0.631579       1.57673        
19.1656        0.710526       1.74393        
19.1656        0.789474       1.90543        
19.1656        0.868421       2.06147        
19.1656        0.947368       2.21228        
19.1656        1.02632        2.35808        
19.1656        1.10526        2.49907        
19.1656        1.18421        2.63545        
19.1656        1.26316        2.76742        
19.1656        1.34211        2.89513        
19.1656        1.42105        3.01878        
19.1656        1.5            3.13851        
19.3547        0              0              
19.3547        0.0789474      0.227321       
19.3547        0.157895       0.447068       
19.3547        0.236842       0.659556       
19.3547        0.315789       0.865085       
19.3547        0.394737       1.06394        
19.3547        0.473684       1.25639        
19.3547        0.552632       1.44269        
19.3547        0.631579       1.62309        
19.3547        0.710526       1.79782        
19.3547        0.789474       1.9671         
19.3547        0.868421       2.13115        
19.3547        0.947368       2.29017        
19.3547        1.02632        2.44434        
19.3547        1.10526        2.59385        
19.3547        1.18421        2.73888        
19.3547        1.26316        2.8796         
19.3547        1.34211        3.01616        
19.3547        1.42105        3.14872        
19.3547        1.5            3.27742        
19.5439        0              0              
19.5439        0.0789474      0.230049       
19.5439        0.157895       0.453129       
19.5439        0.236842       0.669502       
19.5439        0.315789       0.879415       
19.5439        0.394737       1.08311        
19.5439        0.473684       1.2808         
19.5439        0.552632       1.47272        
19.5439        0.631579       1.65908        
19.5439        0.710526       1.84006        
19.5439        0.789474       2.01587        
19.5439        0.868421       2.18668        
19.5439        0.947368       2.35268        
19.5439        1.02632        2.51402        
19.5439        1.10526        2.67088        
19.5439        1.18421        2.8234         
19.5439        1.26316        2.97173        
19.5439        1.34211        3.11602        
19.5439        1.42105        3.2564         
19.5439        1.5            3.393          
19.733         0              0              
19.733         0.0789474      0.231752       
19.733         0.157895       0.457119       
19.733         0.236842       0.676312       
19.733         0.315789       0.889534       
19.733         0.394737       1.09698        
19.733         0.473684       1.29884        
19.733         0.552632       1.4953         
19.733         0.631579       1.68652        
19.733         0.710526       1.87269        
19.733         0.789474       2.05395        
19.733         0.868421       2.23047        
19.733         0.947368       2.40241        
19.733         1.02632        2.56989        
19.733         1.10526        2.73307        
19.733         1.18421        2.89207        
19.733         1.26316        3.04703        
19.733         1.34211        3.19808        
19.733         1.42105        3.34533        
19.733         1.5            3.48891        
19.9222        0              0              
19.9222        0.0789474      0.232629       
19.9222        0.157895       0.459432       
19.9222        0.236842       0.680574       
19.9222        0.315789       0.896219       
19.9222        0.394737       1.10652        
19.9222        0.473684       1.31164        
19.9222        0.552632       1.51172        
19.9222        0.631579       1.70691        
19.9222        0.710526       1.89734        
19.9222        0.789474       2.08315        
19.9222        0.868421       2.26448        
19.9222        0.947368       2.44145        
19.9222        1.02632        2.61419        
19.9222        1.10526        2.78281        
19.9222        1.18421        2.94743        
19.9222        1.26316        3.10817        
19.9222        1.34211        3.26513        
19.9222        1.42105        3.41842        
19.9222        1.5            3.56815        
20.1113        0              0              
20.1113        0.0789474      0.232841       
20.1113        0.157895       0.460386       
20.1113        0.236842       0.682762       
20.1113        0.315789       0.900096       
20.1113        0.394737       1.11251        
20.1113        0.473684       1.32013        
20.1113        0.552632       1.52306        
20.1113        0.631579       1.72144        
20.1113        0.710526       1.91536        
20.1113        0.789474       2.10495        
20.1113        0.868421       2.29031        
20.1113        0.947368       2.47155        
20.1113        1.02632        2.64877        
20.1113        1.10526        2.82207        
20.1113        1.18421        2.99156        
20.1113        1.26316        3.15732        
20.1113        1.34211        3.31946        
20.1113        1.42105        3.47807        
20.1113        1.5            3.63323        
20.3005        0              0              
20.3005        0.0789474      0.232515       
20.3005        0.157895       0.460237       
20.3005        0.236842       0.683258       
20.3005        0.315789       0.901673       
20.3005        0.394737       1.11557        
20.3005        0.473684       1.32505        
20.3005        0.552632       1.53019        
20.3005        0.631579       1.7311         
20.3005        0.710526       1.92786        
20.3005        0.789474       2.12056        
20.3005        0.868421       2.30928        
20.3005        0.947368       2.49412        
20.3005        1.02632        2.67516        
20.3005        1.10526        2.85248        
20.3005        1.18421        3.02617        
20.3005        1.26316        3.19631        
20.3005        1.34211        3.36298        
20.3005        1.42105        3.52626        
20.3005        1.5            3.68622        
20.4896        0              0              
20.4896        0.0789474      0.231755       
20.4896        0.157895       0.459193       
20.4896        0.236842       0.682375       
20.4896        0.315789       0.901365       
20.4896        0.394737       1.11623        
20.4896        0.473684       1.32703        
20.4896        0.552632       1.53384        
20.4896        0.631579       1.73672        
20.4896        0.710526       1.93574        
20.4896        0.789474       2.13098        
20.4896        0.868421       2.32249        
20.4896        0.947368       2.51036        
20.4896        1.02632        2.69464        
20.4896        1.10526        2.87541        
20.4896        1.18421        3.05273        
20.4896        1.26316        3.22667        
20.4896        1.34211        3.3973         
20.4896        1.42105        3.56468        
20.4896        1.5            3.72888        
20.6788        0              0              
20.6788        0.0789474      0.230647       
20.6788        0.157895       0.457426       
20.6788        0.236842       0.680369       
20.6788        0.315789       0.899514       
20.6788        0.394737       1.1149         
20.6788        0.473684       1.32657        
20.6788        0.552632       1.53458        
20.6788        0.631579       1.73896        
20.6788        0.710526       1.93976        
20.6788        0.789474       2.13705        
20.6788        0.868421       2.33086        
20.6788        0.947368       2.52125        
20.6788        1.02632        2.70827        
20.6788        1.10526        2.89198        
20.6788        1.18421        3.07242        
20.6788        1.26316        3.24966        
20.6788        1.34211        3.42375        
20.6788        1.42105        3.59474        
20.6788        1.5            3.76268        
20.8679        0              0              
20.8679        0.0789474      0.22926        
20.8679        0.157895       0.455073       
20.8679        0.236842       0.677449       
20.8679        0.315789       0.896401       
20.8679        0.394737       1.11195        
20.8679        0.473684       1.32411        
20.8679        0.552632       1.53291        
20.8679        0.631579       1.73839        
20.8679        0.710526       1.94056        
20.8679        0.789474       2.13947        
20.8679        0.868421       2.33514        
20.8679        0.947368       2.52762        
20.8679        1.02632        2.71694        
20.8679        1.10526        2.90315        
20.8679        1.18421        3.08628        
20.8679        1.26316        3.26637        
20.8679        1.34211        3.44347        
20.8679        1.42105        3.61762        
20.8679        1.5            3.78887        
21.0571        0              0              
21.0571        0.0789474      0.227649       
21.0571        0.157895       0.45225        
21.0571        0.236842       0.673789       
21.0571        0.315789       0.892258       
21.0571        0.394737       1.10766        
21.0571        0.473684       1.31999        
21.0571        0.552632       1.52925        
21.0571        0.631579       1.73547        
21.0571        0.710526       1.93865        
21.0571        0.789474       2.13882        
21.0571        0.868421       2.33598        
21.0571        0.947368       2.53017        
21.0571        1.02632        2.72141        
21.0571        1.10526        2.90973        
21.0571        1.18421        3.09515        
21.0571        1.26316        3.27771        
21.0571        1.34211        3.45743        
21.0571        1.42105        3.63435        
21.0571        1.5            3.80851        
21.2462        0              0              
21.2462        0.0789474      0.225863       
21.2462        0.157895       0.449051       
21.2462        0.236842       0.669532       
21.2462        0.315789       0.887278       
21.2462        0.394737       1.10227        
21.2462        0.473684       1.31449        
21.2462        0.552632       1.52394        
21.2462        0.631579       1.73061        
21.2462        0.710526       1.93449        
21.2462        0.789474       2.13559        
21.2462        0.868421       2.33393        
21.2462        0.947368       2.5295         
21.2462        1.02632        2.72232        
21.2462        1.10526        2.9124         
21.2462        1.18421        3.09977        
21.2462        1.26316        3.28445        
21.2462        1.34211        3.46644        
21.2462        1.42105        3.64579        
21.2462        1.5            3.8225         
21.4354        0              0              
21.4354        0.0789474      0.22394        
21.4354        0.157895       0.445555       
21.4354        0.236842       0.664796       
21.4354        0.315789       0.88162        
21.4354        0.394737       1.09599        
21.4354        0.473684       1.30788        
21.4354        0.552632       1.51726        
21.4354        0.631579       1.72412        
21.4354        0.710526       1.92844        
21.4354        0.789474       2.13021        
21.4354        0.868421       2.32943        
21.4354        0.947368       2.52609        
21.4354        1.02632        2.72019        
21.4354        1.10526        2.91175        
21.4354        1.18421        3.10077        
21.4354        1.26316        3.28725        
21.4354        1.34211        3.47121        
21.4354        1.42105        3.65266        
21.4354        1.5            3.83162        
21.6245        0              0              
21.6245        0.0789474      0.22191        
21.6245        0.157895       0.441826       
21.6245        0.236842       0.659681       
21.6245        0.315789       0.875419       
21.6245        0.394737       1.08899        
21.6245        0.473684       1.30035        
21.6245        0.552632       1.50946        
21.6245        0.631579       1.71629        
21.6245        0.710526       1.92082        
21.6245        0.789474       2.12301        
21.6245        0.868421       2.32287        
21.6245        0.947368       2.52037        
21.6245        1.02632        2.7155         
21.6245        1.10526        2.90827        
21.6245        1.18421        3.09866        
21.6245        1.26316        3.28667        
21.6245        1.34211        3.47232        
21.6245        1.42105        3.65561        
21.6245        1.5            3.83654        
21.8137        0              0              
21.8137        0.0789474      0.219801       
21.8137        0.157895       0.437917       
21.8137        0.236842       0.654269       
21.8137        0.315789       0.868786       
21.8137        0.394737       1.08141        
21.8137        0.473684       1.29207        
21.8137        0.552632       1.50073        
21.8137        0.631579       1.70735        
21.8137        0.710526       1.91189        
21.8137        0.789474       2.11431        
21.8137        0.868421       2.31459        
21.8137        0.947368       2.5127         
21.8137        1.02632        2.70864        
21.8137        1.10526        2.90237        
21.8137        1.18421        3.0939         
21.8137        1.26316        3.28321        
21.8137        1.34211        3.4703         
21.8137        1.42105        3.65517        
21.8137        1.5            3.83782        
22.0028        0              0              
22.0028        0.0789474      0.217634       
22.0028        0.157895       0.433874       
22.0028        0.236842       0.648629       
22.0028        0.315789       0.861815       
22.0028        0.394737       1.07336        
22.0028        0.473684       1.28319        
22.0028        0.552632       1.49126        
22.0028        0.631579       1.6975         
22.0028        0.710526       1.90188        
22.0028        0.789474       2.10434        
22.0028        0.868421       2.30486        
22.0028        0.947368       2.50339        
22.0028        1.02632        2.69993        
22.0028        1.10526        2.89443        
22.0028        1.18421        3.08688        
22.0028        1.26316        3.27727        
22.0028        1.34211        3.46559        
22.0028        1.42105        3.65182        
22.0028        1.5            3.83595        
22.192         0              0              
22.192         0.0789474      0.215427       
22.192         0.157895       0.429733       
22.192         0.236842       0.642817       
22.192         0.315789       0.854584       
22.192         0.394737       1.06495        
22.192         0.473684       1.27384        
22.192         0.552632       1.48118        
22.192         0.631579       1.68691        
22.192         0.710526       1.89098        
22.192         0.789474       2.09333        
22.192         0.868421       2.29392        
22.192         0.947368       2.49271        
22.192         1.02632        2.68966        
22.192         1.10526        2.88475        
22.192         1.18421        3.07794        
22.192         1.26316        3.26922        
22.192         1.34211        3.45856        
22.192         1.42105        3.64595        
22.192         1.5            3.83138        
22.3812        0              0              
22.3812        0.0789474      0.213195       
22.3812        0.157895       0.425526       
22.3812        0.236842       0.636881       
22.3812        0.315789       0.847158       
22.3812        0.394737       1.05626        
22.3812        0.473684       1.26411        
22.3812        0.552632       1.47062        
22.3812        0.631579       1.67572        
22.3812        0.710526       1.87935        
22.3812        0.789474       2.08146        
22.3812        0.868421       2.28198        
22.3812        0.947368       2.48087        
22.3812        1.02632        2.67809        
22.3812        1.10526        2.8736         
22.3812        1.18421        3.06736        
22.3812        1.26316        3.25935        
22.3812        1.34211        3.44955        
22.3812        1.42105        3.63792        
22.3812        1.5            3.82446        
22.5703        0              0              
22.5703        0.0789474      0.21095        
22.5703        0.157895       0.421278       
22.5703        0.236842       0.630862       
22.5703        0.315789       0.839593       
22.5703        0.394737       1.04737        
22.5703        0.473684       1.25409        
22.5703        0.552632       1.45968        
22.5703        0.631579       1.66406        
22.5703        0.710526       1.86714        
22.5703        0.789474       2.06888        
22.5703        0.868421       2.26921        
22.5703        0.947368       2.46807        
22.5703        1.02632        2.66542        
22.5703        1.10526        2.8612         
22.5703        1.18421        3.05539        
22.5703        1.26316        3.24795        
22.5703        1.34211        3.43884        
22.5703        1.42105        3.62804        
22.5703        1.5            3.81552        
22.7595        0              0              
22.7595        0.0789474      0.208703       
22.7595        0.157895       0.41701        
22.7595        0.236842       0.624793       
22.7595        0.315789       0.831934       
22.7595        0.394737       1.03832        
22.7595        0.473684       1.24386        
22.7595        0.552632       1.44845        
22.7595        0.631579       1.65201        
22.7595        0.710526       1.85447        
22.7595        0.789474       2.05574        
22.7595        0.868421       2.25576        
22.7595        0.947368       2.45448        
22.7595        1.02632        2.65183        
22.7595        1.10526        2.84777        
22.7595        1.18421        3.04225        
22.7595        1.26316        3.23524        
22.7595        1.34211        3.42668        
22.7595        1.42105        3.61656        
22.7595        1.5            3.80483        
22.9486        0              0              
22.9486        0.0789474      0.206462       
22.9486        0.157895       0.412741       
22.9486        0.236842       0.618702       
22.9486        0.315789       0.824221       
22.9486        0.394737       1.02918        
22.9486        0.473684       1.23348        
22.9486        0.552632       1.43701        
22.9486        0.631579       1.63969        
22.9486        0.710526       1.84142        
22.9486        0.789474       2.04214        
22.9486        0.868421       2.24176        
22.9486        0.947368       2.44024        
22.9486        1.02632        2.63749        
22.9486        1.10526        2.83347        
22.9486        1.18421        3.02813        
22.9486        1.26316        3.22141        
22.9486        1.34211        3.41329        
22.9486        1.42105        3.60371        
22.9486        1.5            3.79265        
23.1378        0              0              
23.1378        0.0789474      0.204233       
23.1378        0.157895       0.408484       
23.1378        0.236842       0.612611       
23.1378        0.315789       0.816486       
23.1378        0.394737       1.01998        
23.1378        0.473684       1.223          
23.1378        0.552632       1.42542        
23.1378        0.631579       1.62715        
23.1378        0.710526       1.8281         
23.1378        0.789474       2.02818        
23.1378        0.868421       2.22733        
23.1378        0.947368       2.42547        
23.1378        1.02632        2.62252        
23.1378        1.10526        2.81844        
23.1378        1.18421        3.01317        
23.1378        1.26316        3.20665        
23.1378        1.34211        3.39884        
23.1378        1.42105        3.5897         
23.1378        1.5            3.77918        
23.3269        0              0              
23.3269        0.0789474      0.202023       
23.3269        0.157895       0.404251       
23.3269        0.236842       0.606541       
23.3269        0.315789       0.808755       
23.3269        0.394737       1.01077        
23.3269        0.473684       1.21246        
23.3269        0.552632       1.41373        
23.3269        0.631579       1.61446        
23.3269        0.710526       1.81456        
23.3269        0.789474       2.01396        
23.3269        0.868421       2.21255        
23.3269        0.947368       2.41028        
23.3269        1.02632        2.60706        
23.3269        1.10526        2.80283        
23.3269        1.18421        2.99753        
23.3269        1.26316        3.19111        
23.3269        1.34211        3.38352        
23.3269        1.42105        3.5747         
23.3269        1.5            3.76462        
23.5161        0              0              
23.5161        0.0789474      0.199835       
23.5161        0.157895       0.400054       
23.5161        0.236842       0.600506       
23.5161        0.315789       0.801052       
23.5161        0.394737       1.00156        
23.5161        0.473684       1.20191        
23.5161        0.552632       1.40198        
23.5161        0.631579       1.60168        
23.5161        0.710526       1.80089        
23.5161        0.789474       1.99953        
23.5161        0.868421       2.19751        
23.5161        0.947368       2.39476        
23.5161        1.02632        2.59118        
23.5161        1.10526        2.78673        
23.5161        1.18421        2.98133        
23.5161        1.26316        3.17492        
23.5161        1.34211        3.36745        
23.5161        1.42105        3.55886        
23.5161        1.5            3.74912        
23.7052        0              0              
23.7052        0.0789474      0.197674       
23.7052        0.157895       0.395899       
23.7052        0.236842       0.594521       
23.7052        0.315789       0.793395       
23.7052        0.394737       0.992387       
23.7052        0.473684       1.19137        
23.7052        0.552632       1.39023        
23.7052        0.631579       1.58885        
23.7052        0.710526       1.78713        
23.7052        0.789474       1.98497        
23.7052        0.868421       2.18228        
23.7052        0.947368       2.37898        
23.7052        1.02632        2.575          
23.7052        1.10526        2.77025        
23.7052        1.18421        2.96466        
23.7052        1.26316        3.15819        
23.7052        1.34211        3.35076        
23.7052        1.42105        3.54232        
23.7052        1.5            3.73282        
23.8944        0              0              
23.8944        0.0789474      0.195543       
23.8944        0.157895       0.391793       
23.8944        0.236842       0.588595       
23.8944        0.315789       0.7858         
23.8944        0.394737       0.98327        
23.8944        0.473684       1.18087        
23.8944        0.552632       1.37849        
23.8944        0.631579       1.57601        
23.8944        0.710526       1.77332        
23.8944        0.789474       1.97032        
23.8944        0.868421       2.16692        
23.8944        0.947368       2.36303        
23.8944        1.02632        2.55857        
23.8944        1.10526        2.75346        
23.8944        1.18421        2.94763        
23.8944        1.26316        3.14102        
23.8944        1.34211        3.33356        
23.8944        1.42105        3.52519        
23.8944        1.5            3.71586        
24.0835        0              0              
24.0835        0.0789474      0.193443       
24.0835        0.157895       0.387742       
24.0835        0.236842       0.582738       
24.0835        0.315789       0.778279       
24.0835        0.394737       0.974225       
24.0835        0.473684       1.17044        
24.0835        0.552632       1.3668         
24.0835        0.631579       1.5632         
24.0835        0.710526       1.75951        
24.0835        0.789474       1.95564        
24.0835        0.868421       2.15148        
24.0835        0.947368       2.34696        
24.0835        1.02632        2.54197        
24.0835        1.10526        2.73645        
24.0835        1.18421        2.93032        
24.0835        1.26316        3.1235         
24.0835        1.34211        3.31594        
24.0835        1.42105        3.50757        
24.0835        1.5            3.69834        
24.2727        0              0              
24.2727        0.0789474      0.191377       
24.2727        0.157895       0.38375        
24.2727        0.236842       0.576957       
24.2727        0.315789       0.770844       
24.2727        0.394737       0.965267       
24.2727        0.473684       1.16009        
24.2727        0.552632       1.35519        
24.2727        0.631579       1.55044        
24.2727        0.710526       1.74573        
24.2727        0.789474       1.94095        
24.2727        0.868421       2.13601        
24.2727        0.947368       2.33081        
24.2727        1.02632        2.52526        
24.2727        1.10526        2.71927        
24.2727        1.18421        2.91278        
24.2727        1.26316        3.10571        
24.2727        1.34211        3.29799        
24.2727        1.42105        3.48956        
24.2727        1.5            3.68036        
24.4618        0              0              
24.4618        0.0789474      0.189346       
24.4618        0.157895       0.37982        
24.4618        0.236842       0.571257       
24.4618        0.315789       0.763502       
24.4618        0.394737       0.956408       
24.4618        0.473684       1.14984        
24.4618        0.552632       1.34366        
24.4618        0.631579       1.53775        
24.4618        0.710526       1.732          
24.4618        0.789474       1.9263         
24.4618        0.868421       2.12054        
24.4618        0.947368       2.31463        
24.4618        1.02632        2.50847        
24.4618        1.10526        2.70199        
24.4618        1.18421        2.89509        
24.4618        1.26316        3.08772        
24.4618        1.34211        3.27979        
24.4618        1.42105        3.47123        
24.4618        1.5            3.662          
24.651         0              0              
24.651         0.0789474      0.187351       
24.651         0.157895       0.375954       
24.651         0.236842       0.565643       
24.651         0.315789       0.75626        
24.651         0.394737       0.947657       
24.651         0.473684       1.13969        
24.651         0.552632       1.33224        
24.651         0.631579       1.52517        
24.651         0.710526       1.71836        
24.651         0.789474       1.91171        
24.651         0.868421       2.10511        
24.651         0.947368       2.29846        
24.651         1.02632        2.49166        
24.651         1.10526        2.68464        
24.651         1.18421        2.8773         
24.651         1.26316        3.06957        
24.651         1.34211        3.26138        
24.651         1.42105        3.45266        
24.651         1.5            3.64334        
24.8401        0              0              
24.8401        0.0789474      0.185393       
24.8401        0.157895       0.372155       
24.8401        0.236842       0.560118       
24.8401        0.315789       0.749124       
24.8401        0.394737       0.939023       
24.8401        0.473684       1.12967        
24.8401        0.552632       1.32094        
24.8401        0.631579       1.5127         
24.8401        0.710526       1.70482        
24.8401        0.789474       1.89721        
24.8401        0.868421       2.08974        
24.8401        0.947368       2.28232        
24.8401        1.02632        2.47486        
24.8401        1.10526        2.66727        
24.8401        1.18421        2.85945        
24.8401        1.26316        3.05133        
24.8401        1.34211        3.24284        
24.8401        1.42105        3.4339         
24.8401        1.5            3.62444        
25.0293        0              0              
25.0293        0.0789474      0.183471       
25.0293        0.157895       0.368423       
25.0293        0.236842       0.554685       
25.0293        0.315789       0.742098       
25.0293        0.394737       0.93051        
25.0293        0.473684       1.11978        
25.0293        0.552632       1.30977        
25.0293        0.631579       1.50035        
25.0293        0.710526       1.6914         
25.0293        0.789474       1.88281        
25.0293        0.868421       2.07446        
25.0293        0.947368       2.26626        
25.0293        1.02632        2.45811        
25.0293        1.10526        2.64991        
25.0293        1.18421        2.84158        
25.0293        1.26316        3.03303        
25.0293        1.34211        3.2242         
25.0293        1.42105        3.415          
25.0293        1.5            3.60537        
25.2184        0              0              
25.2184        0.0789474      0.181587       
25.2184        0.157895       0.364759       
25.2184        0.236842       0.549345       
25.2184        0.315789       0.735185       
25.2184        0.394737       0.922125       
25.2184        0.473684       1.11002        
25.2184        0.552632       1.29874        
25.2184        0.631579       1.48814        
25.2184        0.710526       1.67811        
25.2184        0.789474       1.86853        
25.2184        0.868421       2.05929        
25.2184        0.947368       2.25029        
25.2184        1.02632        2.44142        
25.2184        1.10526        2.6326         
25.2184        1.18421        2.82372        
25.2184        1.26316        3.01472        
25.2184        1.34211        3.20551        
25.2184        1.42105        3.39602        
25.2184        1.5            3.58617        
25.4076        0              0              
25.4076        0.0789474      0.179741       
25.4076        0.157895       0.361164       
25.4076        0.236842       0.5441         
25.4076        0.315789       0.728386       
25.4076        0.394737       0.91387        
25.4076        0.473684       1.1004         
25.4076        0.552632       1.28785        
25.4076        0.631579       1.47608        
25.4076        0.710526       1.66497        
25.4076        0.789474       1.8544         
25.4076        0.868421       2.04425        
25.4076        0.947368       2.23443        
25.4076        1.02632        2.42483        
25.4076        1.10526        2.61535        
25.4076        1.18421        2.80591        
25.4076        1.26316        2.99643        
25.4076        1.34211        3.18681        
25.4076        1.42105        3.37699        
25.4076        1.5            3.56688        
25.5967        0              0              
25.5967        0.0789474      0.177931       
25.5967        0.157895       0.357638       
25.5967        0.236842       0.53895        
25.5967        0.315789       0.721705       
25.5967        0.394737       0.905748       
25.5967        0.473684       1.09093        
25.5967        0.552632       1.27712        
25.5967        0.631579       1.46418        
25.5967        0.710526       1.65198        
25.5967        0.789474       1.84041        
25.5967        0.868421       2.02935        
25.5967        0.947368       2.2187         
25.5967        1.02632        2.40835        
25.5967        1.10526        2.5982         
25.5967        1.18421        2.78818        
25.5967        1.26316        2.97818        
25.5967        1.34211        3.16813        
25.5967        1.42105        3.35794        
25.5967        1.5            3.54755        
25.7859        0              0              
25.7859        0.0789474      0.176158       
25.7859        0.157895       0.35418        
25.7859        0.236842       0.533895       
25.7859        0.315789       0.71514        
25.7859        0.394737       0.89776        
25.7859        0.473684       1.08161        
25.7859        0.552632       1.26654        
25.7859        0.631579       1.45243        
25.7859        0.710526       1.63915        
25.7859        0.789474       1.82658        
25.7859        0.868421       2.0146         
25.7859        0.947368       2.20311        
25.7859        1.02632        2.392          
25.7859        1.10526        2.58117        
25.7859        1.18421        2.77054        
25.7859        1.26316        2.96           
25.7859        1.34211        3.14949        
25.7859        1.42105        3.33892        
25.7859        1.5            3.52821        
25.975         0              0              
25.975         0.0789474      0.174422       
25.975         0.157895       0.350791       
25.975         0.236842       0.528936       
25.975         0.315789       0.708694       
25.975         0.394737       0.889909       
25.975         0.473684       1.07243        
25.975         0.552632       1.25613        
25.975         0.631579       1.44086        
25.975         0.710526       1.62649        
25.975         0.789474       1.81292        
25.975         0.868421       2.00001        
25.975         0.947368       2.18767        
25.975         1.02632        2.37579        
25.975         1.10526        2.56427        
25.975         1.18421        2.75301        
25.975         1.26316        2.94192        
25.975         1.34211        3.13093        
25.975         1.42105        3.31994        
25.975         1.5            3.50889        
26.1642        0              0              
26.1642        0.0789474      0.172721       
26.1642        0.157895       0.347469       
26.1642        0.236842       0.524071       
26.1642        0.315789       0.702365       
26.1642        0.394737       0.882194       
26.1642        0.473684       1.06341        
26.1642        0.552632       1.24587        
26.1642        0.631579       1.42945        
26.1642        0.710526       1.61401        
26.1642        0.789474       1.79943        
26.1642        0.868421       1.9856         
26.1642        0.947368       2.1724         
26.1642        1.02632        2.35974        
26.1642        1.10526        2.5475         
26.1642        1.18421        2.73561        
26.1642        1.26316        2.92395        
26.1642        1.34211        3.11246        
26.1642        1.42105        3.30104        
26.1642        1.5            3.48962        
26.3533        0              0              
26.3533        0.0789474      0.171057       
26.3533        0.157895       0.344214       
26.3533        0.236842       0.5193         
26.3533        0.315789       0.696152       
26.3533        0.394737       0.874615       
26.3533        0.473684       1.05454        
26.3533        0.552632       1.23578        
26.3533        0.631579       1.41821        
26.3533        0.710526       1.6017         
26.3533        0.789474       1.78612        
26.3533        0.868421       1.97136        
26.3533        0.947368       2.15731        
26.3533        1.02632        2.34385        
26.3533        1.10526        2.5309         
26.3533        1.18421        2.71835        
26.3533        1.26316        2.90611        
26.3533        1.34211        3.0941         
26.3533        1.42105        3.28223        
26.3533        1.5            3.47042        
26.5425        0              0              
26.5425        0.0789474      0.169427       
26.5425        0.157895       0.341024       
26.5425        0.236842       0.514622       
26.5425        0.315789       0.690056       
26.5425        0.394737       0.867171       
26.5425        0.473684       1.04582        
26.5425        0.552632       1.22586        
26.5425        0.631579       1.40715        
26.5425        0.710526       1.58957        
26.5425        0.789474       1.77299        
26.5425        0.868421       1.9573         
26.5425        0.947368       2.14239        
26.5425        1.02632        2.32814        
26.5425        1.10526        2.51446        
26.5425        1.18421        2.70125        
26.5425        1.26316        2.88841        
26.5425        1.34211        3.07587        
26.5425        1.42105        3.26352        
26.5425        1.5            3.45131        
26.7316        0              0              
26.7316        0.0789474      0.167831       
26.7316        0.157895       0.3379         
26.7316        0.236842       0.510035       
26.7316        0.315789       0.684075       
26.7316        0.394737       0.859862       
26.7316        0.473684       1.03725        
26.7316        0.552632       1.21609        
26.7316        0.631579       1.39626        
26.7316        0.710526       1.57762        
26.7316        0.789474       1.76005        
26.7316        0.868421       1.94344        
26.7316        0.947368       2.12766        
26.7316        1.02632        2.31261        
26.7316        1.10526        2.4982         
26.7316        1.18421        2.68431        
26.7316        1.26316        2.87087        
26.7316        1.34211        3.05777        
26.7316        1.42105        3.24494        
26.7316        1.5            3.4323         
26.9208        0              0              
26.9208        0.0789474      0.166269       
26.9208        0.157895       0.334839       
26.9208        0.236842       0.505539       
26.9208        0.315789       0.678207       
26.9208        0.394737       0.852687       
26.9208        0.473684       1.02883        
26.9208        0.552632       1.2065         
26.9208        0.631579       1.38555        
26.9208        0.710526       1.56586        
26.9208        0.789474       1.7473         
26.9208        0.868421       1.92976        
26.9208        0.947368       2.11311        
26.9208        1.02632        2.29727        
26.9208        1.10526        2.48211        
26.9208        1.18421        2.66755        
26.9208        1.26316        2.85349        
26.9208        1.34211        3.03983        
26.9208        1.42105        3.2265         
26.9208        1.5            3.41342        
27.1099        0              0              
27.1099        0.0789474      0.16474        
27.1099        0.157895       0.331841       
27.1099        0.236842       0.501132       
27.1099        0.315789       0.672451       
27.1099        0.394737       0.845643       
27.1099        0.473684       1.02056        
27.1099        0.552632       1.19706        
27.1099        0.631579       1.37501        
27.1099        0.710526       1.55427        
27.1099        0.789474       1.73473        
27.1099        0.868421       1.91627        
27.1099        0.947368       2.09876        
27.1099        1.02632        2.28211        
27.1099        1.10526        2.46622        
27.1099        1.18421        2.65097        
27.1099        1.26316        2.83628        
27.1099        1.34211        3.02205        
27.1099        1.42105        3.20821        
27.1099        1.5            3.39467        
27.2991        0              0              
27.2991        0.0789474      0.163244       
27.2991        0.157895       0.328904       
27.2991        0.236842       0.496812       
27.2991        0.315789       0.666805       
27.2991        0.394737       0.83873        
27.2991        0.473684       1.01244        
27.2991        0.552632       1.18779        
27.2991        0.631579       1.36464        
27.2991        0.710526       1.54287        
27.2991        0.789474       1.72236        
27.2991        0.868421       1.90297        
27.2991        0.947368       2.08461        
27.2991        1.02632        2.26716        
27.2991        1.10526        2.45051        
27.2991        1.18421        2.63457        
27.2991        1.26316        2.81925        
27.2991        1.34211        3.00445        
27.2991        1.42105        3.19008        
27.2991        1.5            3.37607        
27.4882        0              0              
27.4882        0.0789474      0.161778       
27.4882        0.157895       0.326027       
27.4882        0.236842       0.492577       
27.4882        0.315789       0.661268       
27.4882        0.394737       0.831945       
27.4882        0.473684       1.00446        
27.4882        0.552632       1.17867        
27.4882        0.631579       1.35445        
27.4882        0.710526       1.53165        
27.4882        0.789474       1.71017        
27.4882        0.868421       1.88987        
27.4882        0.947368       2.07065        
27.4882        1.02632        2.25239        
27.4882        1.10526        2.435          
27.4882        1.18421        2.61837        
27.4882        1.26316        2.8024         
27.4882        1.34211        2.98702        
27.4882        1.42105        3.17212        
27.4882        1.5            3.35762        
27.6774        0              0              
27.6774        0.0789474      0.160344       
27.6774        0.157895       0.323209       
27.6774        0.236842       0.488427       
27.6774        0.315789       0.655837       
27.6774        0.394737       0.825287       
27.6774        0.473684       0.996627       
27.6774        0.552632       1.16972        
27.6774        0.631579       1.34442        
27.6774        0.710526       1.52062        
27.6774        0.789474       1.69817        
27.6774        0.868421       1.87696        
27.6774        0.947368       2.05689        
27.6774        1.02632        2.23783        
27.6774        1.10526        2.41969        
27.6774        1.18421        2.60236        
27.6774        1.26316        2.78575        
27.6774        1.34211        2.96977        
27.6774        1.42105        3.15433        
27.6774        1.5            3.33934        
27.8665        0              0              
27.8665        0.0789474      0.15894        
27.8665        0.157895       0.320448       
27.8665        0.236842       0.484359       
27.8665        0.315789       0.650511       
27.8665        0.394737       0.818753       
27.8665        0.473684       0.988936       
27.8665        0.552632       1.16092        
27.8665        0.631579       1.33457        
27.8665        0.710526       1.50976        
27.8665        0.789474       1.68636        
27.8665        0.868421       1.86425        
27.8665        0.947368       2.04332        
27.8665        1.02632        2.22346        
27.8665        1.10526        2.40457        
27.8665        1.18421        2.58654        
27.8665        1.26316        2.76929        
27.8665        1.34211        2.95271        
27.8665        1.42105        3.13672        
27.8665        1.5            3.32123        
28.0557        0              0              
28.0557        0.0789474      0.157565       
28.0557        0.157895       0.317744       
28.0557        0.236842       0.480371       
28.0557        0.315789       0.645288       
28.0557        0.394737       0.81234        
28.0557        0.473684       0.981383       
28.0557        0.552632       1.15227        
28.0557        0.631579       1.32488        
28.0557        0.710526       1.49907        
28.0557        0.789474       1.67473        
28.0557        0.868421       1.85173        
28.0557        0.947368       2.02995        
28.0557        1.02632        2.2093         
28.0557        1.10526        2.38966        
28.0557        1.18421        2.57093        
28.0557        1.26316        2.75302        
28.0557        1.34211        2.93584        
28.0557        1.42105        3.11929        
28.0557        1.5            3.30329        
28.2448        0              0              
28.2448        0.0789474      0.156219       
28.2448        0.157895       0.315095       
28.2448        0.236842       0.476463       
28.2448        0.315789       0.640165       
28.2448        0.394737       0.806048       
28.2448        0.473684       0.973967       
28.2448        0.552632       1.14378        
28.2448        0.631579       1.31536        
28.2448        0.710526       1.48857        
28.2448        0.789474       1.66329        
28.2448        0.868421       1.83939        
28.2448        0.947368       2.01678        
28.2448        1.02632        2.19533        
28.2448        1.10526        2.37494        
28.2448        1.18421        2.55551        
28.2448        1.26316        2.73695        
28.2448        1.34211        2.91916        
28.2448        1.42105        3.10205        
28.2448        1.5            3.28554        
28.434         0              0              
28.434         0.0789474      0.154901       
28.434         0.157895       0.312499       
28.434         0.236842       0.472631       
28.434         0.315789       0.63514        
28.434         0.394737       0.799873       
28.434         0.473684       0.966686       
28.434         0.552632       1.13544        
28.434         0.631579       1.306          
28.434         0.710526       1.47823        
28.434         0.789474       1.65203        
28.434         0.868421       1.82725        
28.434         0.947368       2.0038         
28.434         1.02632        2.18156        
28.434         1.10526        2.36043        
28.434         1.18421        2.5403         
28.434         1.26316        2.72108        
28.434         1.34211        2.90268        
28.434         1.42105        3.08501        
28.434         1.5            3.26798        
28.6231        0              0              
28.6231        0.0789474      0.15361        
28.6231        0.157895       0.309956       
28.6231        0.236842       0.468875       
28.6231        0.315789       0.630211       
28.6231        0.394737       0.793813       
28.6231        0.473684       0.959536       
28.6231        0.552632       1.12724        
28.6231        0.631579       1.2968         
28.6231        0.710526       1.46807        
28.6231        0.789474       1.64094        
28.6231        0.868421       1.8153         
28.6231        0.947368       1.99101        
28.6231        1.02632        2.16799        
28.6231        1.10526        2.34611        
28.6231        1.18421        2.52528        
28.6231        1.26316        2.70541        
28.6231        1.34211        2.8864         
28.6231        1.42105        3.06816        
28.6231        1.5            3.2506         
28.8123        0              0              
28.8123        0.0789474      0.152345       
28.8123        0.157895       0.307463       
28.8123        0.236842       0.465193       
28.8123        0.315789       0.625377       
28.8123        0.394737       0.787866       
28.8123        0.473684       0.952516       
28.8123        0.552632       1.11919        
28.8123        0.631579       1.28775        
28.8123        0.710526       1.45808        
28.8123        0.789474       1.63004        
28.8123        0.868421       1.80353        
28.8123        0.947368       1.97842        
28.8123        1.02632        2.15461        
28.8123        1.10526        2.33199        
28.8123        1.18421        2.51047        
28.8123        1.26316        2.68994        
28.8123        1.34211        2.87032        
28.8123        1.42105        3.0515         
28.8123        1.5            3.23341        
29.0014        0              0              
29.0014        0.0789474      0.151107       
29.0014        0.157895       0.305021       
29.0014        0.236842       0.461582       
29.0014        0.315789       0.620634       
29.0014        0.394737       0.782029       
29.0014        0.473684       0.945623       
29.0014        0.552632       1.11128        
29.0014        0.631579       1.27886        
29.0014        0.710526       1.44825        
29.0014        0.789474       1.61932        
29.0014        0.868421       1.79194        
29.0014        0.947368       1.96602        
29.0014        1.02632        2.14143        
29.0014        1.10526        2.31808        
29.0014        1.18421        2.49586        
29.0014        1.26316        2.67467        
29.0014        1.34211        2.85443        
29.0014        1.42105        3.03504        
29.0014        1.5            3.21642        
29.1906        0              0              
29.1906        0.0789474      0.149893       
29.1906        0.157895       0.302627       
29.1906        0.236842       0.458041       
29.1906        0.315789       0.615981       
29.1906        0.394737       0.7763         
29.1906        0.473684       0.938854       
29.1906        0.552632       1.10351        
29.1906        0.631579       1.27013        
29.1906        0.710526       1.43858        
29.1906        0.789474       1.60876        
29.1906        0.868421       1.78054        
29.1906        0.947368       1.9538         
29.1906        1.02632        2.12844        
29.1906        1.10526        2.30435        
29.1906        1.18421        2.48144        
29.1906        1.26316        2.6596         
29.1906        1.34211        2.83874        
29.1906        1.42105        3.01878        
29.1906        1.5            3.19962        
29.3797        0              0              
29.3797        0.0789474      0.148705       
29.3797        0.157895       0.300281       
29.3797        0.236842       0.454569       
29.3797        0.315789       0.611417       
29.3797        0.394737       0.770676       
29.3797        0.473684       0.932207       
29.3797        0.552632       1.09587        
29.3797        0.631579       1.26154        
29.3797        0.710526       1.42908        
29.3797        0.789474       1.59838        
29.3797        0.868421       1.76931        
29.3797        0.947368       1.94177        
29.3797        1.02632        2.11564        
29.3797        1.10526        2.29083        
29.3797        1.18421        2.46722        
29.3797        1.26316        2.64473        
29.3797        1.34211        2.82326        
29.3797        1.42105        3.00272        
29.3797        1.5            3.18302        
29.5689        0              0              
29.5689        0.0789474      0.14754        
29.5689        0.157895       0.29798        
29.5689        0.236842       0.451163       
29.5689        0.315789       0.606938       
29.5689        0.394737       0.765156       
29.5689        0.473684       0.925678       
29.5689        0.552632       1.08837        
29.5689        0.631579       1.25309        
29.5689        0.710526       1.41973        
29.5689        0.789474       1.58816        
29.5689        0.868421       1.75826        
29.5689        0.947368       1.92992        
29.5689        1.02632        2.10303        
29.5689        1.10526        2.27749        
29.5689        1.18421        2.4532         
29.5689        1.26316        2.63005        
29.5689        1.34211        2.80797        
29.5689        1.42105        2.98685        
29.5689        1.5            3.16661        
29.758         0              0              
29.758         0.0789474      0.146398       
29.758         0.157895       0.295725       
29.758         0.236842       0.447823       
29.758         0.315789       0.602542       
29.758         0.394737       0.759737       
29.758         0.473684       0.919266       
29.758         0.552632       1.081          
29.758         0.631579       1.2448         
29.758         0.710526       1.41054        
29.758         0.789474       1.57811        
29.758         0.868421       1.74738        
29.758         0.947368       1.91825        
29.758         1.02632        2.09061        
29.758         1.10526        2.26435        
29.758         1.18421        2.43937        
29.758         1.26316        2.61557        
29.758         1.34211        2.79287        
29.758         1.42105        2.97117        
29.758         1.5            3.15039        
29.9472        0              0              
29.9472        0.0789474      0.145279       
29.9472        0.157895       0.293513       
29.9472        0.236842       0.444546       
29.9472        0.315789       0.598229       
29.9472        0.394737       0.754416       
29.9472        0.473684       0.912968       
29.9472        0.552632       1.07375        
29.9472        0.631579       1.23664        
29.9472        0.710526       1.4015         
29.9472        0.789474       1.56822        
29.9472        0.868421       1.73667        
29.9472        0.947368       1.90676        
29.9472        1.02632        2.07837        
29.9472        1.10526        2.25139        
29.9472        1.18421        2.42573        
29.9472        1.26316        2.60129        
29.9472        1.34211        2.77797        
29.9472        1.42105        2.9557         
29.9472        1.5            3.13437        
30.1363        0              0              
30.1363        0.0789474      0.144182       
30.1363        0.157895       0.291344       
30.1363        0.236842       0.441331       
30.1363        0.315789       0.593995       
30.1363        0.394737       0.749191       
30.1363        0.473684       0.906781       
30.1363        0.552632       1.06663        
30.1363        0.631579       1.22861        
30.1363        0.710526       1.3926         
30.1363        0.789474       1.55848        
30.1363        0.868421       1.72613        
30.1363        0.947368       1.89544        
30.1363        1.02632        2.0663         
30.1363        1.10526        2.23862        
30.1363        1.18421        2.41228        
30.1363        1.26316        2.58719        
30.1363        1.34211        2.76327        
30.1363        1.42105        2.94041        
30.1363        1.5            3.11854        
30.3255        0              0              
30.3255        0.0789474      0.143107       
30.3255        0.157895       0.289217       
30.3255        0.236842       0.438177       
30.3255        0.315789       0.589839       
30.3255        0.394737       0.74406        
30.3255        0.473684       0.900704       
30.3255        0.552632       1.05964        
30.3255        0.631579       1.22073        
30.3255        0.710526       1.38386        
30.3255        0.789474       1.5489         
30.3255        0.868421       1.71575        
30.3255        0.947368       1.8843         
30.3255        1.02632        2.05442        
30.3255        1.10526        2.22603        
30.3255        1.18421        2.39902        
30.3255        1.26316        2.57329        
30.3255        1.34211        2.74876        
30.3255        1.42105        2.92532        
30.3255        1.5            3.10291        
30.5146        0              0              
30.5146        0.0789474      0.142052       
30.5146        0.157895       0.28713        
30.5146        0.236842       0.435081       
30.5146        0.315789       0.585759       
30.5146        0.394737       0.739021       
30.5146        0.473684       0.894732       
30.5146        0.552632       1.05276        
30.5146        0.631579       1.21297        
30.5146        0.710526       1.37525        
30.5146        0.789474       1.53948        
30.5146        0.868421       1.70554        
30.5146        0.947368       1.87332        
30.5146        1.02632        2.04271        
30.5146        1.10526        2.21362        
30.5146        1.18421        2.38594        
30.5146        1.26316        2.55957        
30.5146        1.34211        2.73443        
30.5146        1.42105        2.91043        
30.5146        1.5            3.08747        
30.7038        0              0              
30.7038        0.0789474      0.141018       
30.7038        0.157895       0.285082       
30.7038        0.236842       0.432043       
30.7038        0.315789       0.581753       
30.7038        0.394737       0.734072       
30.7038        0.473684       0.888864       
30.7038        0.552632       1.046          
30.7038        0.631579       1.20535        
30.7038        0.710526       1.36679        
30.7038        0.789474       1.53021        
30.7038        0.868421       1.69548        
30.7038        0.947368       1.86251        
30.7038        1.02632        2.03118        
30.7038        1.10526        2.20139        
30.7038        1.18421        2.37304        
30.7038        1.26316        2.54604        
30.7038        1.34211        2.7203         
30.7038        1.42105        2.89572        
30.7038        1.5            3.07221        
30.8929        0              0              
30.8929        0.0789474      0.140003       
30.8929        0.157895       0.283073       
30.8929        0.236842       0.42906        
30.8929        0.315789       0.577819       
30.8929        0.394737       0.72921        
30.8929        0.473684       0.883098       
30.8929        0.552632       1.03935        
30.8929        0.631579       1.19785        
30.8929        0.710526       1.35846        
30.8929        0.789474       1.52108        
30.8929        0.868421       1.68558        
30.8929        0.947368       1.85186        
30.8929        1.02632        2.01981        
30.8929        1.10526        2.18934        
30.8929        1.18421        2.36033        
30.8929        1.26316        2.5327         
30.8929        1.34211        2.70635        
30.8929        1.42105        2.88119        
30.8929        1.5            3.05714        
31.0821        0              0              
31.0821        0.0789474      0.139008       
31.0821        0.157895       0.281102       
31.0821        0.236842       0.426132       
31.0821        0.315789       0.573956       
31.0821        0.394737       0.724434       
31.0821        0.473684       0.877432       
31.0821        0.552632       1.03282        
31.0821        0.631579       1.19047        
31.0821        0.710526       1.35027        
31.0821        0.789474       1.51209        
31.0821        0.868421       1.67583        
31.0821        0.947368       1.84137        
31.0821        1.02632        2.00861        
31.0821        1.10526        2.17745        
31.0821        1.18421        2.34779        
31.0821        1.26316        2.51953        
31.0821        1.34211        2.69258        
31.0821        1.42105        2.86685        
31.0821        1.5            3.04226        
31.2712        0              0              
31.2712        0.0789474      0.138032       
31.2712        0.157895       0.279167       
31.2712        0.236842       0.423258       
31.2712        0.315789       0.570162       
31.2712        0.394737       0.719741       
31.2712        0.473684       0.871862       
31.2712        0.552632       1.0264         
31.2712        0.631579       1.18322        
31.2712        0.710526       1.34221        
31.2712        0.789474       1.50325        
31.2712        0.868421       1.66623        
31.2712        0.947368       1.83104        
31.2712        1.02632        1.99758        
31.2712        1.10526        2.16574        
31.2712        1.18421        2.33543        
31.2712        1.26316        2.50654        
31.2712        1.34211        2.679          
31.2712        1.42105        2.8527         
31.2712        1.5            3.02757        
31.4604        0              0              
31.4604        0.0789474      0.137073       
31.4604        0.157895       0.277267       
31.4604        0.236842       0.420435       
31.4604        0.315789       0.566434       
31.4604        0.394737       0.715129       
31.4604        0.473684       0.866386       
31.4604        0.552632       1.02008        
31.4604        0.631579       1.17608        
31.4604        0.710526       1.33428        
31.4604        0.789474       1.49455        
31.4604        0.868421       1.65678        
31.4604        0.947368       1.82087        
31.4604        1.02632        1.9867         
31.4604        1.10526        2.15419        
31.4604        1.18421        2.32323        
31.4604        1.26316        2.49373        
31.4604        1.34211        2.66559        
31.4604        1.42105        2.83873        
31.4604        1.5            3.01305        
31.6495        0              0              
31.6495        0.0789474      0.136133       
31.6495        0.157895       0.275402       
31.6495        0.236842       0.417662       
31.6495        0.315789       0.562772       
31.6495        0.394737       0.710597       
31.6495        0.473684       0.861004       
31.6495        0.552632       1.01387        
31.6495        0.631579       1.16906        
31.6495        0.710526       1.32647        
31.6495        0.789474       1.48598        
31.6495        0.868421       1.64747        
31.6495        0.947368       1.81084        
31.6495        1.02632        1.97599        
31.6495        1.10526        2.14281        
31.6495        1.18421        2.31121        
31.6495        1.26316        2.48109        
31.6495        1.34211        2.65236        
31.6495        1.42105        2.82493        
31.6495        1.5            2.99872        
31.8387        0              0              
31.8387        0.0789474      0.13521        
31.8387        0.157895       0.273571       
31.8387        0.236842       0.414939       
31.8387        0.315789       0.559174       
31.8387        0.394737       0.706142       
31.8387        0.473684       0.855711       
31.8387        0.552632       1.00776        
31.8387        0.631579       1.16215        
31.8387        0.710526       1.31879        
31.8387        0.789474       1.47754        
31.8387        0.868421       1.6383         
31.8387        0.947368       1.80096        
31.8387        1.02632        1.96543        
31.8387        1.10526        2.13159        
31.8387        1.18421        2.29935        
31.8387        1.26316        2.46862        
31.8387        1.34211        2.6393         
31.8387        1.42105        2.81131        
31.8387        1.5            2.98456        
32.0278        0              0              
32.0278        0.0789474      0.134303       
32.0278        0.157895       0.271772       
32.0278        0.236842       0.412263       
32.0278        0.315789       0.555638       
32.0278        0.394737       0.701763       
32.0278        0.473684       0.850507       
32.0278        0.552632       1.00175        
32.0278        0.631579       1.15536        
32.0278        0.710526       1.31122        
32.0278        0.789474       1.46923        
32.0278        0.868421       1.62927        
32.0278        0.947368       1.79123        
32.0278        1.02632        1.95502        
32.0278        1.10526        2.12052        
32.0278        1.18421        2.28765        
32.0278        1.26316        2.45631        
32.0278        1.34211        2.62641        
32.0278        1.42105        2.79786        
32.0278        1.5            2.97058        
32.217         0              0              
32.217         0.0789474      0.133414       
32.217         0.157895       0.270006       
32.217         0.236842       0.409635       
32.217         0.315789       0.552163       
32.217         0.394737       0.697457       
32.217         0.473684       0.845389       
32.217         0.552632       0.995833       
32.217         0.631579       1.14867        
32.217         0.710526       1.30378        
32.217         0.789474       1.46105        
32.217         0.868421       1.62038        
32.217         0.947368       1.78164        
32.217         1.02632        1.94476        
32.217         1.10526        2.10961        
32.217         1.18421        2.27612        
32.217         1.26316        2.44417        
32.217         1.34211        2.61369        
32.217         1.42105        2.78459        
32.217         1.5            2.95678        
32.4061        0              0              
32.4061        0.0789474      0.13254        
32.4061        0.157895       0.268271       
32.4061        0.236842       0.407052       
32.4061        0.315789       0.548747       
32.4061        0.394737       0.693224       
32.4061        0.473684       0.840355       
32.4061        0.552632       0.990015       
32.4061        0.631579       1.14209        
32.4061        0.710526       1.29645        
32.4061        0.789474       1.453          
32.4061        0.868421       1.61161        
32.4061        0.947368       1.7722         
32.4061        1.02632        1.93464        
32.4061        1.10526        2.09886        
32.4061        1.18421        2.26474        
32.4061        1.26316        2.4322         
32.4061        1.34211        2.60114        
32.4061        1.42105        2.77148        
32.4061        1.5            2.94314        
32.5953        0              0              
32.5953        0.0789474      0.131681       
32.5953        0.157895       0.266566       
32.5953        0.236842       0.404513       
32.5953        0.315789       0.545389       
32.5953        0.394737       0.689061       
32.5953        0.473684       0.835403       
32.5953        0.552632       0.984291       
32.5953        0.631579       1.13561        
32.5953        0.710526       1.28923        
32.5953        0.789474       1.44506        
32.5953        0.868421       1.60298        
32.5953        0.947368       1.76289        
32.5953        1.02632        1.92467        
32.5953        1.10526        2.08825        
32.5953        1.18421        2.25352        
32.5953        1.26316        2.42038        
32.5953        1.34211        2.58875        
32.5953        1.42105        2.75854        
32.5953        1.5            2.92967        
32.7844        0              0              
32.7844        0.0789474      0.130838       
32.7844        0.157895       0.26489        
32.7844        0.236842       0.402018       
32.7844        0.315789       0.542087       
32.7844        0.394737       0.684967       
32.7844        0.473684       0.830531       
32.7844        0.552632       0.978658       
32.7844        0.631579       1.12923        
32.7844        0.710526       1.28213        
32.7844        0.789474       1.43725        
32.7844        0.868421       1.59447        
32.7844        0.947368       1.75371        
32.7844        1.02632        1.91485        
32.7844        1.10526        2.07779        
32.7844        1.18421        2.24244        
32.7844        1.26316        2.40872        
32.7844        1.34211        2.57652        
32.7844        1.42105        2.74576        
32.7844        1.5            2.91637        
32.9736        0              0              
32.9736        0.0789474      0.13001        
32.9736        0.157895       0.263244       
32.9736        0.236842       0.399565       
32.9736        0.315789       0.53884        
32.9736        0.394737       0.680939       
32.9736        0.473684       0.825738       
32.9736        0.552632       0.973114       
32.9736        0.631579       1.12295        
32.9736        0.710526       1.27513        
32.9736        0.789474       1.42955        
32.9736        0.868421       1.58609        
32.9736        0.947368       1.74466        
32.9736        1.02632        1.90516        
32.9736        1.10526        2.06747        
32.9736        1.18421        2.23152        
32.9736        1.26316        2.39721        
32.9736        1.34211        2.56445        
32.9736        1.42105        2.73315        
32.9736        1.5            2.90323        
33.1627        0              0              
33.1627        0.0789474      0.129196       
33.1627        0.157895       0.261626       
33.1627        0.236842       0.397154       
33.1627        0.315789       0.535647       
33.1627        0.394737       0.676978       
33.1627        0.473684       0.821021       
33.1627        0.552632       0.967657       
33.1627        0.631579       1.11677        
33.1627        0.710526       1.26824        
33.1627        0.789474       1.42197        
33.1627        0.868421       1.57784        
33.1627        0.947368       1.73575        
33.1627        1.02632        1.8956         
33.1627        1.10526        2.0573         
33.1627        1.18421        2.22075        
33.1627        1.26316        2.38585        
33.1627        1.34211        2.55253        
33.1627        1.42105        2.72069        
33.1627        1.5            2.89025        
33.3519        0              0              
33.3519        0.0789474      0.128396       
33.3519        0.157895       0.260035       
33.3519        0.236842       0.394782       
33.3519        0.315789       0.532506       
33.3519        0.394737       0.67308        
33.3519        0.473684       0.816379       
33.3519        0.552632       0.962284       
33.3519        0.631579       1.11068        
33.3519        0.710526       1.26145        
33.3519        0.789474       1.41449        
33.3519        0.868421       1.5697         
33.3519        0.947368       1.72696        
33.3519        1.02632        1.88618        
33.3519        1.10526        2.04726        
33.3519        1.18421        2.21012        
33.3519        1.26316        2.37465        
33.3519        1.34211        2.54077        
33.3519        1.42105        2.70839        
33.3519        1.5            2.87743        
33.541         0              0              
33.541         0.0789474      0.127609       
33.541         0.157895       0.258471       
33.541         0.236842       0.39245        
33.541         0.315789       0.529416       
33.541         0.394737       0.669244       
33.541         0.473684       0.81181        
33.541         0.552632       0.956995       
33.541         0.631579       1.10468        
33.541         0.710526       1.25477        
33.541         0.789474       1.40713        
33.541         0.868421       1.56167        
33.541         0.947368       1.71829        
33.541         1.02632        1.87689        
33.541         1.10526        2.03736        
33.541         1.18421        2.19963        
33.541         1.26316        2.36358        
33.541         1.34211        2.52915        
33.541         1.42105        2.69624        
33.541         1.5            2.86477        
33.7302        0              0              
33.7302        0.0789474      0.126836       
33.7302        0.157895       0.256933       
33.7302        0.236842       0.390156       
33.7302        0.315789       0.526377       
33.7302        0.394737       0.665469       
33.7302        0.473684       0.807312       
33.7302        0.552632       0.951787       
33.7302        0.631579       1.09878        
33.7302        0.710526       1.24818        
33.7302        0.789474       1.39988        
33.7302        0.868421       1.55377        
33.7302        0.947368       1.70975        
33.7302        1.02632        1.86772        
33.7302        1.10526        2.0276         
33.7302        1.18421        2.18927        
33.7302        1.26316        2.35267        
33.7302        1.34211        2.51768        
33.7302        1.42105        2.68424        
33.7302        1.5            2.85226        
33.9193        0              0              
33.9193        0.0789474      0.126076       
33.9193        0.157895       0.25542        
33.9193        0.236842       0.387899       
33.9193        0.315789       0.523385       
33.9193        0.394737       0.661754       
33.9193        0.473684       0.802884       
33.9193        0.552632       0.946659       
33.9193        0.631579       1.09296        
33.9193        0.710526       1.24169        
33.9193        0.789474       1.39273        
33.9193        0.868421       1.54597        
33.9193        0.947368       1.70132        
33.9193        1.02632        1.85869        
33.9193        1.10526        2.01796        
33.9193        1.18421        2.17906        
33.9193        1.26316        2.34189        
33.9193        1.34211        2.50636        
33.9193        1.42105        2.67239        
33.9193        1.5            2.8399         
34.1085        0              0              
34.1085        0.0789474      0.125329       
34.1085        0.157895       0.253932       
34.1085        0.236842       0.385679       
34.1085        0.315789       0.520442       
34.1085        0.394737       0.658097       
34.1085        0.473684       0.798524       
34.1085        0.552632       0.941607       
34.1085        0.631579       1.08723        
34.1085        0.710526       1.23529        
34.1085        0.789474       1.38568        
34.1085        0.868421       1.53829        
34.1085        0.947368       1.69302        
34.1085        1.02632        1.84977        
34.1085        1.10526        2.00846        
34.1085        1.18421        2.16898        
34.1085        1.26316        2.33125        
34.1085        1.34211        2.49518        
34.1085        1.42105        2.66069        
34.1085        1.5            2.82769        
34.2976        0              0              
34.2976        0.0789474      0.124594       
34.2976        0.157895       0.252468       
34.2976        0.236842       0.383494       
34.2976        0.315789       0.517544       
34.2976        0.394737       0.654496       
34.2976        0.473684       0.794231       
34.2976        0.552632       0.936632       
34.2976        0.631579       1.08159        
34.2976        0.710526       1.22899        
34.2976        0.789474       1.37873        
34.2976        0.868421       1.53071        
34.2976        0.947368       1.68482        
34.2976        1.02632        1.84098        
34.2976        1.10526        1.99908        
34.2976        1.18421        2.15903        
34.2976        1.26316        2.32074        
34.2976        1.34211        2.48414        
34.2976        1.42105        2.64913        
34.2976        1.5            2.81563        
34.4868        0              0              
34.4868        0.0789474      0.123871       
34.4868        0.157895       0.251028       
34.4868        0.236842       0.381344       
34.4868        0.315789       0.514692       
34.4868        0.394737       0.650951       
34.4868        0.473684       0.790002       
34.4868        0.552632       0.931731       
34.4868        0.631579       1.07603        
34.4868        0.710526       1.22278        
34.4868        0.789474       1.37188        
34.4868        0.868421       1.52324        
34.4868        0.947368       1.67674        
34.4868        1.02632        1.8323         
34.4868        1.10526        1.98982        
34.4868        1.18421        2.14921        
34.4868        1.26316        2.31037        
34.4868        1.34211        2.47323        
34.4868        1.42105        2.63771        
34.4868        1.5            2.80371        
34.6759        0              0              
34.6759        0.0789474      0.123159       
34.6759        0.157895       0.249611       
34.6759        0.236842       0.379228       
34.6759        0.315789       0.511884       
34.6759        0.394737       0.64746        
34.6759        0.473684       0.785837       
34.6759        0.552632       0.926902       
34.6759        0.631579       1.07054        
34.6759        0.710526       1.21665        
34.6759        0.789474       1.36513        
34.6759        0.868421       1.51587        
34.6759        0.947368       1.66877        
34.6759        1.02632        1.82374        
34.6759        1.10526        1.98068        
34.6759        1.18421        2.13951        
34.6759        1.26316        2.30013        
34.6759        1.34211        2.46247        
34.6759        1.42105        2.62642        
34.6759        1.5            2.79193        
34.8651        0              0              
34.8651        0.0789474      0.122459       
34.8651        0.157895       0.248217       
34.8651        0.236842       0.377144       
34.8651        0.315789       0.509119       
34.8651        0.394737       0.644021       
34.8651        0.473684       0.781734       
34.8651        0.552632       0.922144       
34.8651        0.631579       1.06514        
34.8651        0.710526       1.21062        
34.8651        0.789474       1.35847        
34.8651        0.868421       1.5086         
34.8651        0.947368       1.66091        
34.8651        1.02632        1.81529        
34.8651        1.10526        1.97167        
34.8651        1.18421        2.12994        
34.8651        1.26316        2.29002        
34.8651        1.34211        2.45183        
34.8651        1.42105        2.61528        
34.8651        1.5            2.78029        
35.0542        0              0              
35.0542        0.0789474      0.121771       
35.0542        0.157895       0.246844       
35.0542        0.236842       0.375093       
35.0542        0.315789       0.506397       
35.0542        0.394737       0.640635       
35.0542        0.473684       0.777692       
35.0542        0.552632       0.917455       
35.0542        0.631579       1.05982        
35.0542        0.710526       1.20467        
35.0542        0.789474       1.35191        
35.0542        0.868421       1.50143        
35.0542        0.947368       1.65315        
35.0542        1.02632        1.80696        
35.0542        1.10526        1.96277        
35.0542        1.18421        2.12049        
35.0542        1.26316        2.28004        
35.0542        1.34211        2.44132        
35.0542        1.42105        2.60427        
35.0542        1.5            2.76879        
35.2434        0              0              
35.2434        0.0789474      0.121093       
35.2434        0.157895       0.245493       
35.2434        0.236842       0.373074       
35.2434        0.315789       0.503715       
35.2434        0.394737       0.637299       
35.2434        0.473684       0.773709       
35.2434        0.552632       0.912834       
35.2434        0.631579       1.05457        
35.2434        0.710526       1.1988         
35.2434        0.789474       1.34543        
35.2434        0.868421       1.49436        
35.2434        0.947368       1.64549        
35.2434        1.02632        1.79873        
35.2434        1.10526        1.95398        
35.2434        1.18421        2.11116        
35.2434        1.26316        2.27017        
35.2434        1.34211        2.43095        
35.2434        1.42105        2.59339        
35.2434        1.5            2.75742        
35.4325        0              0              
35.4325        0.0789474      0.120426       
35.4325        0.157895       0.244162       
35.4325        0.236842       0.371085       
35.4325        0.315789       0.501074       
35.4325        0.394737       0.634012       
35.4325        0.473684       0.769784       
35.4325        0.552632       0.908279       
35.4325        0.631579       1.04939        
35.4325        0.710526       1.19301        
35.4325        0.789474       1.33904        
35.4325        0.868421       1.48738        
35.4325        0.947368       1.63794        
35.4325        1.02632        1.79061        
35.4325        1.10526        1.94531        
35.4325        1.18421        2.10195        
35.4325        1.26316        2.26043        
35.4325        1.34211        2.42069        
35.4325        1.42105        2.58264        
35.4325        1.5            2.74619        
35.6217        0              0              
35.6217        0.0789474      0.119769       
35.6217        0.157895       0.242852       
35.6217        0.236842       0.369126       
35.6217        0.315789       0.498472       
35.6217        0.394737       0.630773       
35.6217        0.473684       0.765915       
35.6217        0.552632       0.903789       
35.6217        0.631579       1.04429        
35.6217        0.710526       1.18731        
35.6217        0.789474       1.33274        
35.6217        0.868421       1.4805         
35.6217        0.947368       1.63048        
35.6217        1.02632        1.78259        
35.6217        1.10526        1.93674        
35.6217        1.18421        2.09285        
35.6217        1.26316        2.25081        
35.6217        1.34211        2.41056        
35.6217        1.42105        2.57201        
35.6217        1.5            2.73508        
35.8108        0              0              
35.8108        0.0789474      0.119122       
35.8108        0.157895       0.241562       
35.8108        0.236842       0.367197       
35.8108        0.315789       0.495908       
35.8108        0.394737       0.627581       
35.8108        0.473684       0.762102       
35.8108        0.552632       0.899362       
35.8108        0.631579       1.03926        
35.8108        0.710526       1.18168        
35.8108        0.789474       1.32653        
35.8108        0.868421       1.47371        
35.8108        0.947368       1.62312        
35.8108        1.02632        1.77468        
35.8108        1.10526        1.92829        
35.8108        1.18421        2.08386        
35.8108        1.26316        2.24131        
35.8108        1.34211        2.40056        
35.8108        1.42105        2.56151        
35.8108        1.5            2.72411        
36             0              0              
36             0.0789474      0.118485       
36             0.157895       0.240291       
36             0.236842       0.365296       
36             0.315789       0.493382       
36             0.394737       0.624435       
36             0.473684       0.758343       
36             0.552632       0.894998       
36             0.631579       1.03429        
36             0.710526       1.17613        
36             0.789474       1.3204         
36             0.868421       1.46701        
36             0.947368       1.61586        
36             1.02632        1.76687        
36             1.10526        1.91994        
36             1.18421        2.07499        
36             1.26316        2.23192        
36             1.34211        2.39067        
36             1.42105        2.55114        
36             1.5            2.71325        
