17.2741   36        100       0         1.5       20        
17.2741        0              0              
17.2741        0.0789474      0.00277559     
17.2741        0.157895       0.00539591     
17.2741        0.236842       0.00787382     
17.2741        0.315789       0.0102208      
17.2741        0.394737       0.0124472      
17.2741        0.473684       0.0145622      
17.2741        0.552632       0.0165741      
17.2741        0.631579       0.0184905      
17.2741        0.710526       0.020318       
17.2741        0.789474       0.0220629      
17.2741        0.868421       0.0237308      
17.2741        0.947368       0.0253266      
17.2741        1.02632        0.0268552      
17.2741        1.10526        0.0283207      
17.2741        1.18421        0.0297271      
17.2741        1.26316        0.0310779      
17.2741        1.34211        0.0323764      
17.2741        1.42105        0.0336256      
17.2741        1.5            0.0348284      
17.4632        0              0              
17.4632        0.0789474      0.0332059      
17.4632        0.157895       0.0645936      
17.4632        0.236842       0.0943152      
17.4632        0.315789       0.122506       
17.4632        0.394737       0.149287       
17.4632        0.473684       0.174766       
17.4632        0.552632       0.199041       
17.4632        0.631579       0.222199       
17.4632        0.710526       0.244319       
17.4632        0.789474       0.265474       
17.4632        0.868421       0.285729       
17.4632        0.947368       0.305141       
17.4632        1.02632        0.323767       
17.4632        1.10526        0.341654       
17.4632        1.18421        0.358849       
17.4632        1.26316        0.375392       
17.4632        1.34211        0.391322       
17.4632        1.42105        0.406673       
17.4632        1.5            0.421479       
17.6524        0              0              
17.6524        0.0789474      0.0406683      
17.6524        0.157895       0.0792071      
17.6524        0.236842       0.115792       
17.6524        0.315789       0.150577       
17.6524        0.394737       0.183704       
17.6524        0.473684       0.215297       
17.6524        0.552632       0.245468       
17.6524        0.631579       0.274318       
17.6524        0.710526       0.30194        
17.6524        0.789474       0.328416       
17.6524        0.868421       0.353821       
17.6524        0.947368       0.378225       
17.6524        1.02632        0.401689       
17.6524        1.10526        0.424272       
17.6524        1.18421        0.446025       
17.6524        1.26316        0.466997       
17.6524        1.34211        0.487232       
17.6524        1.42105        0.506771       
17.6524        1.5            0.525652       
17.8415        0              0              
17.8415        0.0789474      0.0436455      
17.8415        0.157895       0.085116       
17.8415        0.236842       0.124587       
17.8415        0.315789       0.162216       
17.8415        0.394737       0.198142       
17.8415        0.473684       0.232491       
17.8415        0.552632       0.265376       
17.8415        0.631579       0.296899       
17.8415        0.710526       0.327152       
17.8415        0.789474       0.35622        
17.8415        0.868421       0.384177       
17.8415        0.947368       0.411093       
17.8415        1.02632        0.437032       
17.8415        1.10526        0.462052       
17.8415        1.18421        0.486205       
17.8415        1.26316        0.50954        
17.8415        1.34211        0.532102       
17.8415        1.42105        0.553932       
17.8415        1.5            0.57507        
18.0307        0              0              
18.0307        0.0789474      0.0442556      
18.0307        0.157895       0.0864208      
18.0307        0.236842       0.126662       
18.0307        0.315789       0.165127       
18.0307        0.394737       0.201948       
18.0307        0.473684       0.237246       
18.0307        0.552632       0.271126       
18.0307        0.631579       0.303685       
18.0307        0.710526       0.33501        
18.0307        0.789474       0.365181       
18.0307        0.868421       0.394271       
18.0307        0.947368       0.422343       
18.0307        1.02632        0.44946        
18.0307        1.10526        0.475674       
18.0307        1.18421        0.501037       
18.0307        1.26316        0.525595       
18.0307        1.34211        0.549391       
18.0307        1.42105        0.572464       
18.0307        1.5            0.59485        
18.2198        0              0              
18.2198        0.0789474      0.0433694      
18.2198        0.157895       0.0848061      
18.2198        0.236842       0.124462       
18.2198        0.315789       0.162472       
18.2198        0.394737       0.198958       
18.2198        0.473684       0.234027       
18.2198        0.552632       0.267778       
18.2198        0.631579       0.300298       
18.2198        0.710526       0.331668       
18.2198        0.789474       0.361959       
18.2198        0.868421       0.391236       
18.2198        0.947368       0.41956        
18.2198        1.02632        0.446985       
18.2198        1.10526        0.473561       
18.2198        1.18421        0.499333       
18.2198        1.26316        0.524345       
18.2198        1.34211        0.548634       
18.2198        1.42105        0.572236       
18.2198        1.5            0.595186       
18.409         0              0              
18.409         0.0789474      0.0414612      
18.409         0.157895       0.08119        
18.409         0.236842       0.119322       
18.409         0.315789       0.155976       
18.409         0.394737       0.191261       
18.409         0.473684       0.225273       
18.409         0.552632       0.258097       
18.409         0.631579       0.289812       
18.409         0.710526       0.320488       
18.409         0.789474       0.350188       
18.409         0.868421       0.37897        
18.409         0.947368       0.406887       
18.409         1.02632        0.433986       
18.409         1.10526        0.460312       
18.409         1.18421        0.485904       
18.409         1.26316        0.5108         
18.409         1.34211        0.535033       
18.409         1.42105        0.558635       
18.409         1.5            0.581635       
18.5981        0              0              
18.5981        0.0789474      0.038828       
18.5981        0.157895       0.0761485      
18.5981        0.236842       0.112079       
18.5981        0.315789       0.146724       
18.5981        0.394737       0.180176       
18.5981        0.473684       0.212518       
18.5981        0.552632       0.243824       
18.5981        0.631579       0.274162       
18.5981        0.710526       0.303591       
18.5981        0.789474       0.332165       
18.5981        0.868421       0.359935       
18.5981        0.947368       0.386943       
18.5981        1.02632        0.413232       
18.5981        1.10526        0.438838       
18.5981        1.18421        0.463795       
18.5981        1.26316        0.488135       
18.5981        1.34211        0.511886       
18.5981        1.42105        0.535074       
18.5981        1.5            0.557725       
18.7873        0              0              
18.7873        0.0789474      0.0356713      
18.7873        0.157895       0.0700729      
18.7873        0.236842       0.103305       
18.7873        0.315789       0.135454       
18.7873        0.394737       0.166601       
18.7873        0.473684       0.196813       
18.7873        0.552632       0.226154       
18.7873        0.631579       0.254678       
18.7873        0.710526       0.282435       
18.7873        0.789474       0.30947        
18.7873        0.868421       0.335825       
18.7873        0.947368       0.361534       
18.7873        1.02632        0.386631       
18.7873        1.10526        0.411147       
18.7873        1.18421        0.43511        
18.7873        1.26316        0.458543       
18.7873        1.34211        0.481471       
18.7873        1.42105        0.503914       
18.7873        1.5            0.525892       
18.9764        0              0              
18.9764        0.0789474      0.0321348      
18.9764        0.157895       0.0632427      
18.9764        0.236842       0.0934063      
18.9764        0.315789       0.122698       
18.9764        0.394737       0.151182       
18.9764        0.473684       0.178914       
18.9764        0.552632       0.205944       
18.9764        0.631579       0.232317       
18.9764        0.710526       0.258073       
18.9764        0.789474       0.283246       
18.9764        0.868421       0.307868       
18.9764        0.947368       0.331968       
18.9764        1.02632        0.355571       
18.9764        1.10526        0.378701       
18.9764        1.18421        0.401378       
18.9764        1.26316        0.423622       
18.9764        1.34211        0.44545        
18.9764        1.42105        0.466877       
18.9764        1.5            0.48792        
19.1656        0              0              
19.1656        0.0789474      0.0283241      
19.1656        0.157895       0.0558642      
19.1656        0.236842       0.0826863      
19.1656        0.315789       0.108848       
19.1656        0.394737       0.134399       
19.1656        0.473684       0.159382       
19.1656        0.552632       0.183838       
19.1656        0.631579       0.207798       
19.1656        0.710526       0.231293       
19.1656        0.789474       0.254348       
19.1656        0.868421       0.276987       
19.1656        0.947368       0.29923        
19.1656        1.02632        0.321095       
19.1656        1.10526        0.342599       
19.1656        1.18421        0.363756       
19.1656        1.26316        0.384579       
19.1656        1.34211        0.405081       
19.1656        1.42105        0.425271       
19.1656        1.5            0.445159       
19.3547        0              0              
19.3547        0.0789474      0.0243188      
19.3547        0.157895       0.048093       
19.3547        0.236842       0.071373       
19.3547        0.315789       0.0942017      
19.3547        0.394737       0.116616       
19.3547        0.473684       0.138648       
19.3547        0.552632       0.160324       
19.3547        0.631579       0.181667       
19.3547        0.710526       0.202698       
19.3547        0.789474       0.223434       
19.3547        0.868421       0.24389        
19.3547        0.947368       0.264077       
19.3547        1.02632        0.284008       
19.3547        1.10526        0.303692       
19.3547        1.18421        0.323137       
19.3547        1.26316        0.342351       
19.3547        1.34211        0.361338       
19.3547        1.42105        0.380106       
19.3547        1.5            0.398659       
19.5439        0              0              
19.5439        0.0789474      0.0201799      
19.5439        0.157895       0.0400486      
19.5439        0.236842       0.059642       
19.5439        0.315789       0.0789897      
19.5439        0.394737       0.0981161      
19.5439        0.473684       0.117041       
19.5439        0.552632       0.135782       
19.5439        0.631579       0.154352       
19.5439        0.710526       0.172761       
19.5439        0.789474       0.191018       
19.5439        0.868421       0.209131       
19.5439        0.947368       0.227105       
19.5439        1.02632        0.244943       
19.5439        1.10526        0.262649       
19.5439        1.18421        0.280225       
19.5439        1.26316        0.297672       
19.5439        1.34211        0.314992       
19.5439        1.42105        0.332184       
19.5439        1.5            0.349249       
19.733         0              0              
19.733         0.0789474      0.0159542      
19.733         0.157895       0.0318236      
19.733         0.236842       0.0476302      
19.733         0.315789       0.063391       
19.733         0.394737       0.079119       
19.733         0.473684       0.0948235      
19.733         0.552632       0.110511       
19.733         0.631579       0.126186       
19.733         0.710526       0.141851       
19.733         0.789474       0.157505       
19.733         0.868421       0.17315        
19.733         0.947368       0.188782       
19.733         1.02632        0.2044         
19.733         1.10526        0.22           
19.733         1.18421        0.235578       
19.733         1.26316        0.251132       
19.733         1.34211        0.266656       
19.733         1.42105        0.282146       
19.733         1.5            0.297597       
19.9222        0              0              
19.9222        0.0789474      0.0116786      
19.9222        0.157895       0.0234902      
19.9222        0.236842       0.0354444      
19.9222        0.315789       0.0475463      
19.9222        0.394737       0.0597983      
19.9222        0.473684       0.0721995      
19.9222        0.552632       0.0847474      
19.9222        0.631579       0.0974373      
19.9222        0.710526       0.110264       
19.9222        0.789474       0.123219       
19.9222        0.868421       0.136296       
19.9222        0.947368       0.149487       
19.9222        1.02632        0.162782       
19.9222        1.10526        0.176173       
19.9222        1.18421        0.18965        
19.9222        1.26316        0.203204       
19.9222        1.34211        0.216827       
19.9222        1.42105        0.230508       
19.9222        1.5            0.24424        
20.1113        0              0              
20.1113        0.0789474      0.00738162     
20.1113        0.157895       0.0151054      
20.1113        0.236842       0.023169       
20.1113        0.315789       0.0315671      
20.1113        0.394737       0.0402917      
20.1113        0.473684       0.0493328      
20.1113        0.552632       0.058679       
20.1113        0.631579       0.0683178      
20.1113        0.710526       0.0782357      
20.1113        0.789474       0.0884188      
20.1113        0.868421       0.0988526      
20.1113        0.947368       0.109523       
20.1113        1.02632        0.120414       
20.1113        1.10526        0.131513       
20.1113        1.18421        0.142804       
20.1113        1.26316        0.154274       
20.1113        1.34211        0.165909       
20.1113        1.42105        0.177694       
20.1113        1.5            0.189618       
20.3005        0              0              
20.3005        0.0789474      0.00308589     
20.3005        0.157895       0.0067139      
20.3005        0.236842       0.010871       
20.3005        0.315789       0.0155417      
20.3005        0.394737       0.0207087      
20.3005        0.473684       0.0263536      
20.3005        0.552632       0.0324569      
20.3005        0.631579       0.0389984      
20.3005        0.710526       0.0459576      
20.3005        0.789474       0.0533139      
20.3005        0.868421       0.0610467      
20.3005        0.947368       0.0691356      
20.3005        1.02632        0.0775604      
20.3005        1.10526        0.0863014      
20.3005        1.18421        0.0953393      
20.3005        1.26316        0.104655       
20.3005        1.34211        0.114231       
20.3005        1.42105        0.124049       
20.3005        1.5            0.134092       
20.4896        0              0              
20.4896        0.0789474      -0.00119093    
20.4896        0.157895       -0.00164894    
20.4896        0.236842       -0.00139704    
20.4896        0.315789       -0.000459858   
20.4896        0.394737       0.0011368      
20.4896        0.473684       0.00336639     
20.4896        0.552632       0.00620195     
20.4896        0.631579       0.00961635     
20.4896        0.710526       0.0135825      
20.4896        0.789474       0.0180737      
20.4896        0.868421       0.0230634      
20.4896        0.947368       0.0285258      
20.4896        1.02632        0.0344354      
20.4896        1.10526        0.0407678      
20.4896        1.18421        0.0474988      
20.4896        1.26316        0.0546053      
20.4896        1.34211        0.0620648      
20.4896        1.42105        0.0698558      
20.4896        1.5            0.0779574      
20.6788        0              0              
20.6788        0.0789474      -0.00543495    
20.6788        0.157895       -0.00995529    
20.6788        0.236842       -0.0135931     
20.6788        0.315789       -0.0163816     
20.6788        0.394737       -0.0183544     
20.6788        0.473684       -0.0195455     
20.6788        0.552632       -0.0199887     
20.6788        0.631579       -0.0197176     
20.6788        0.710526       -0.0187654     
20.6788        0.789474       -0.0171646     
20.6788        0.868421       -0.0149471     
20.6788        0.947368       -0.012144      
20.6788        1.02632        -0.00878534    
20.6788        1.10526        -0.00490045    
20.6788        1.18421        -0.000517632   
20.6788        1.26316        0.00433578     
20.6788        1.34211        0.00963342     
20.6788        1.42105        0.0153499      
20.6788        1.5            0.0214609      
20.8679        0              0              
20.8679        0.0789474      -0.00963532    
20.8679        0.157895       -0.0181833     
20.8679        0.236842       -0.0256844     
20.8679        0.315789       -0.0321794     
20.8679        0.394737       -0.0377095     
20.8679        0.473684       -0.0423152     
20.8679        0.552632       -0.046037      
20.8679        0.631579       -0.0489142     
20.8679        0.710526       -0.0509859     
20.8679        0.789474       -0.0522898     
20.8679        0.868421       -0.0528629     
20.8679        0.947368       -0.0527409     
20.8679        1.02632        -0.0519586     
20.8679        1.10526        -0.0505494     
20.8679        1.18421        -0.0485459     
20.8679        1.26316        -0.0459792     
20.8679        1.34211        -0.0428793     
20.8679        1.42105        -0.0392752     
20.8679        1.5            -0.0351946     
21.0571        0              0              
21.0571        0.0789474      -0.0137836     
21.0571        0.157895       -0.0263158     
21.0571        0.236842       -0.0376447     
21.0571        0.315789       -0.0478183     
21.0571        0.394737       -0.0568843     
21.0571        0.473684       -0.0648897     
21.0571        0.552632       -0.0718805     
21.0571        0.631579       -0.077902      
21.0571        0.710526       -0.0829982     
21.0571        0.789474       -0.0872119     
21.0571        0.868421       -0.0905846     
21.0571        0.947368       -0.0931567     
21.0571        1.02632        -0.094967      
21.0571        1.10526        -0.0960531     
21.0571        1.18421        -0.0964512     
21.0571        1.26316        -0.0961962     
21.0571        1.34211        -0.0953215     
21.0571        1.42105        -0.0938593     
21.0571        1.5            -0.0918406     
21.2462        0              0              
21.2462        0.0789474      -0.0178734     
21.2462        0.157895       -0.0343397     
21.2462        0.236842       -0.049454      
21.2462        0.315789       -0.0632709     
21.2462        0.394737       -0.0758441     
21.2462        0.473684       -0.0872265     
21.2462        0.552632       -0.0974695     
21.2462        0.631579       -0.106623      
21.2462        0.710526       -0.114737      
21.2462        0.789474       -0.121858      
21.2462        0.868421       -0.128032      
21.2462        0.947368       -0.133303      
21.2462        1.02632        -0.137715      
21.2462        1.10526        -0.141308      
21.2462        1.18421        -0.144123      
21.2462        1.26316        -0.146197      
21.2462        1.34211        -0.147568      
21.2462        1.42105        -0.14827       
21.2462        1.5            -0.148337      
21.4354        0              0              
21.4354        0.0789474      -0.0218998     
21.4354        0.157895       -0.0422448     
21.4354        0.236842       -0.0610967     
21.4354        0.315789       -0.0785158     
21.4354        0.394737       -0.0945618     
21.4354        0.473684       -0.109292      
21.4354        0.552632       -0.122764      
21.4354        0.631579       -0.135033      
21.4354        0.710526       -0.146151      
21.4354        0.789474       -0.15617       
21.4354        0.868421       -0.16514       
21.4354        0.947368       -0.17311       
21.4354        1.02632        -0.180125      
21.4354        1.10526        -0.186231      
21.4354        1.18421        -0.191471      
21.4354        1.26316        -0.195885      
21.4354        1.34211        -0.199515      
21.4354        1.42105        -0.202397      
21.4354        1.5            -0.204569      
21.6245        0              0              
21.6245        0.0789474      -0.0258591     
21.6245        0.157895       -0.0500236     
21.6245        0.236842       -0.0725608     
21.6245        0.315789       -0.0935368     
21.6245        0.394737       -0.113016      
21.6245        0.473684       -0.131062      
21.6245        0.552632       -0.147734      
21.6245        0.631579       -0.163094      
21.6245        0.710526       -0.177197      
21.6245        0.789474       -0.1901        
21.6245        0.868421       -0.201857      
21.6245        0.947368       -0.212518      
21.6245        1.02632        -0.222134      
21.6245        1.10526        -0.230752      
21.6245        1.18421        -0.23842       
21.6245        1.26316        -0.245181      
21.6245        1.34211        -0.251077      
21.6245        1.42105        -0.256151      
21.6245        1.5            -0.26044       
21.8137        0              0              
21.8137        0.0789474      -0.0297488     
21.8137        0.157895       -0.0576705     
21.8137        0.236842       -0.0838377     
21.8137        0.315789       -0.108322      
21.8137        0.394737       -0.131191      
21.8137        0.473684       -0.152514      
21.8137        0.552632       -0.172355      
21.8137        0.631579       -0.190779      
21.8137        0.710526       -0.207845      
21.8137        0.789474       -0.223613      
21.8137        0.868421       -0.23814       
21.8137        0.947368       -0.251482      
21.8137        1.02632        -0.26369       
21.8137        1.10526        -0.274817      
21.8137        1.18421        -0.284911      
21.8137        1.26316        -0.294019      
21.8137        1.34211        -0.302186      
21.8137        1.42105        -0.309457      
21.8137        1.5            -0.315872      
22.0028        0              0              
22.0028        0.0789474      -0.0335671     
22.0028        0.157895       -0.0651817     
22.0028        0.236842       -0.0949211     
22.0028        0.315789       -0.122861      
22.0028        0.394737       -0.149075      
22.0028        0.473684       -0.173635      
22.0028        0.552632       -0.196609      
22.0028        0.631579       -0.218065      
22.0028        0.710526       -0.238067      
22.0028        0.789474       -0.256678      
22.0028        0.868421       -0.273958      
22.0028        0.947368       -0.289965      
22.0028        1.02632        -0.304754      
22.0028        1.10526        -0.31838       
22.0028        1.18421        -0.330895      
22.0028        1.26316        -0.342347      
22.0028        1.34211        -0.352785      
22.0028        1.42105        -0.362254      
22.0028        1.5            -0.370799      
22.192         0              0              
22.192         0.0789474      -0.037313      
22.192         0.157895       -0.0725546     
22.192         0.236842       -0.105807      
22.192         0.315789       -0.137149      
22.192         0.394737       -0.16666       
22.192         0.473684       -0.194413      
22.192         0.552632       -0.220482      
22.192         0.631579       -0.244937      
22.192         0.710526       -0.267846      
22.192         0.789474       -0.289274      
22.192         0.868421       -0.309284      
22.192         0.947368       -0.327938      
22.192         1.02632        -0.345294      
22.192         1.10526        -0.361407      
22.192         1.18421        -0.376333      
22.192         1.26316        -0.390123      
22.192         1.34211        -0.402827      
22.192         1.42105        -0.414493      
22.192         1.5            -0.425168      
22.3812        0              0              
22.3812        0.0789474      -0.0409859     
22.3812        0.157895       -0.0797879     
22.3812        0.236842       -0.116492      
22.3812        0.315789       -0.151182      
22.3812        0.394737       -0.183939      
22.3812        0.473684       -0.214841      
22.3812        0.552632       -0.243965      
22.3812        0.631579       -0.271383      
22.3812        0.710526       -0.297167      
22.3812        0.789474       -0.321384      
22.3812        0.868421       -0.3441        
22.3812        0.947368       -0.36538       
22.3812        1.02632        -0.385283      
22.3812        1.10526        -0.403869      
22.3812        1.18421        -0.421194      
22.3812        1.26316        -0.437312      
22.3812        1.34211        -0.452276      
22.3812        1.42105        -0.466135      
22.3812        1.5            -0.478937      
22.5703        0              0              
22.5703        0.0789474      -0.0445856     
22.5703        0.157895       -0.0868811     
22.5703        0.236842       -0.126976      
22.5703        0.315789       -0.164958      
22.5703        0.394737       -0.20091       
22.5703        0.473684       -0.234915      
22.5703        0.552632       -0.267051      
22.5703        0.631579       -0.297394      
22.5703        0.710526       -0.326019      
22.5703        0.789474       -0.352995      
22.5703        0.868421       -0.378391      
22.5703        0.947368       -0.402274      
22.5703        1.02632        -0.424705      
22.5703        1.10526        -0.445746      
22.5703        1.18421        -0.465455      
22.5703        1.26316        -0.48389       
22.5703        1.34211        -0.501103      
22.5703        1.42105        -0.517147      
22.5703        1.5            -0.532072      
22.7595        0              0              
22.7595        0.0789474      -0.0481126     
22.7595        0.157895       -0.0938344     
22.7595        0.236842       -0.137258      
22.7595        0.315789       -0.178475      
22.7595        0.394737       -0.217571      
22.7595        0.473684       -0.254631      
22.7595        0.552632       -0.289736      
22.7595        0.631579       -0.322966      
22.7595        0.710526       -0.354397      
22.7595        0.789474       -0.3841        
22.7595        0.868421       -0.412148      
22.7595        0.947368       -0.438607      
22.7595        1.02632        -0.463544      
22.7595        1.10526        -0.487021      
22.7595        1.18421        -0.509098      
22.7595        1.26316        -0.529834      
22.7595        1.34211        -0.549285      
22.7595        1.42105        -0.567505      
22.7595        1.5            -0.584545      
22.9486        0              0              
22.9486        0.0789474      -0.0515673     
22.9486        0.157895       -0.100649      
22.9486        0.236842       -0.14734       
22.9486        0.315789       -0.191734      
22.9486        0.394737       -0.233922      
22.9486        0.473684       -0.273989      
22.9486        0.552632       -0.31202       
22.9486        0.631579       -0.348096      
22.9486        0.710526       -0.382296      
22.9486        0.789474       -0.414694      
22.9486        0.868421       -0.445363      
22.9486        0.947368       -0.474373      
22.9486        1.02632        -0.501791      
22.9486        1.10526        -0.527682      
22.9486        1.18421        -0.552109      
22.9486        1.26316        -0.575131      
22.9486        1.34211        -0.596806      
22.9486        1.42105        -0.61719       
22.9486        1.5            -0.636335      
23.1378        0              0              
23.1378        0.0789474      -0.0549506     
23.1378        0.157895       -0.107325      
23.1378        0.236842       -0.157222      
23.1378        0.315789       -0.204738      
23.1378        0.394737       -0.249964      
23.1378        0.473684       -0.29299       
23.1378        0.552632       -0.333903      
23.1378        0.631579       -0.372784      
23.1378        0.710526       -0.409715      
23.1378        0.789474       -0.444773      
23.1378        0.868421       -0.478033      
23.1378        0.947368       -0.509565      
23.1378        1.02632        -0.53944       
23.1378        1.10526        -0.567724      
23.1378        1.18421        -0.59448       
23.1378        1.26316        -0.61977       
23.1378        1.34211        -0.643654      
23.1378        1.42105        -0.666187      
23.1378        1.5            -0.687426      
23.3269        0              0              
23.3269        0.0789474      -0.0582634     
23.3269        0.157895       -0.113866      
23.3269        0.236842       -0.166908      
23.3269        0.315789       -0.217488      
23.3269        0.394737       -0.2657        
23.3269        0.473684       -0.311637      
23.3269        0.552632       -0.355385      
23.3269        0.631579       -0.397031      
23.3269        0.710526       -0.436656      
23.3269        0.789474       -0.474339      
23.3269        0.868421       -0.510157      
23.3269        0.947368       -0.544183      
23.3269        1.02632        -0.576488      
23.3269        1.10526        -0.60714       
23.3269        1.18421        -0.636204      
23.3269        1.26316        -0.663743      
23.3269        1.34211        -0.689819      
23.3269        1.42105        -0.714488      
23.3269        1.5            -0.737808      
23.5161        0              0              
23.5161        0.0789474      -0.0615068     
23.5161        0.157895       -0.120272      
23.5161        0.236842       -0.176399      
23.5161        0.315789       -0.229987      
23.5161        0.394737       -0.281134      
23.5161        0.473684       -0.329932      
23.5161        0.552632       -0.376471      
23.5161        0.631579       -0.420839      
23.5161        0.710526       -0.46312       
23.5161        0.789474       -0.503393      
23.5161        0.868421       -0.541737      
23.5161        0.947368       -0.578227      
23.5161        1.02632        -0.612935      
23.5161        1.10526        -0.64593       
23.5161        1.18421        -0.67728       
23.5161        1.26316        -0.707048      
23.5161        1.34211        -0.735297      
23.5161        1.42105        -0.762086      
23.5161        1.5            -0.787472      
23.7052        0              0              
23.7052        0.0789474      -0.064682      
23.7052        0.157895       -0.126546      
23.7052        0.236842       -0.185698      
23.7052        0.315789       -0.242239      
23.7052        0.394737       -0.296268      
23.7052        0.473684       -0.347879      
23.7052        0.552632       -0.397165      
23.7052        0.631579       -0.444214      
23.7052        0.710526       -0.489111      
23.7052        0.789474       -0.531938      
23.7052        0.868421       -0.572775      
23.7052        0.947368       -0.611698      
23.7052        1.02632        -0.648781      
23.7052        1.10526        -0.684094      
23.7052        1.18421        -0.717706      
23.7052        1.26316        -0.749682      
23.7052        1.34211        -0.780085      
23.7052        1.42105        -0.808977      
23.7052        1.5            -0.836415      
23.8944        0              0              
23.8944        0.0789474      -0.0677904     
23.8944        0.157895       -0.132691      
23.8944        0.236842       -0.194809      
23.8944        0.315789       -0.254247      
23.8944        0.394737       -0.311107      
23.8944        0.473684       -0.365484      
23.8944        0.552632       -0.417471      
23.8944        0.631579       -0.467158      
23.8944        0.710526       -0.514633      
23.8944        0.789474       -0.559979      
23.8944        0.868421       -0.603275      
23.8944        0.947368       -0.644601      
23.8944        1.02632        -0.68403       
23.8944        1.10526        -0.721635      
23.8944        1.18421        -0.757485      
23.8944        1.26316        -0.791646      
23.8944        1.34211        -0.824184      
23.8944        1.42105        -0.85516       
23.8944        1.5            -0.884634      
24.0835        0              0              
24.0835        0.0789474      -0.0708334     
24.0835        0.157895       -0.138709      
24.0835        0.236842       -0.203735      
24.0835        0.315789       -0.266017      
24.0835        0.394737       -0.325656      
24.0835        0.473684       -0.382751      
24.0835        0.552632       -0.437395      
24.0835        0.631579       -0.489679      
24.0835        0.710526       -0.539693      
24.0835        0.789474       -0.58752       
24.0835        0.868421       -0.633243      
24.0835        0.947368       -0.67694       
24.0835        1.02632        -0.718687      
24.0835        1.10526        -0.758556      
24.0835        1.18421        -0.79662       
24.0835        1.26316        -0.832945      
24.0835        1.34211        -0.867597      
24.0835        1.42105        -0.900638      
24.0835        1.5            -0.93213       
24.2727        0              0              
24.2727        0.0789474      -0.0738122     
24.2727        0.157895       -0.144602      
24.2727        0.236842       -0.21248       
24.2727        0.315789       -0.277552      
24.2727        0.394737       -0.339921      
24.2727        0.473684       -0.399686      
24.2727        0.552632       -0.456942      
24.2727        0.631579       -0.511783      
24.2727        0.710526       -0.564297      
24.2727        0.789474       -0.61457       
24.2727        0.868421       -0.662685      
24.2727        0.947368       -0.708721      
24.2727        1.02632        -0.752756      
24.2727        1.10526        -0.794864      
24.2727        1.18421        -0.835116      
24.2727        1.26316        -0.873581      
24.2727        1.34211        -0.910326      
24.2727        1.42105        -0.945413      
24.2727        1.5            -0.978905      
24.4618        0              0              
24.4618        0.0789474      -0.0767285     
24.4618        0.157895       -0.150374      
24.4618        0.236842       -0.221047      
24.4618        0.315789       -0.288857      
24.4618        0.394737       -0.353906      
24.4618        0.473684       -0.416295      
24.4618        0.552632       -0.47612       
24.4618        0.631579       -0.533476      
24.4618        0.710526       -0.588451      
24.4618        0.789474       -0.641134      
24.4618        0.868421       -0.691607      
24.4618        0.947368       -0.739952      
24.4618        1.02632        -0.786246      
24.4618        1.10526        -0.830565      
24.4618        1.18421        -0.87298       
24.4618        1.26316        -0.913562      
24.4618        1.34211        -0.952377      
24.4618        1.42105        -0.989491      
24.4618        1.5            -1.02496       
24.651         0              0              
24.651         0.0789474      -0.0795836     
24.651         0.157895       -0.156027      
24.651         0.236842       -0.229441      
24.651         0.315789       -0.299937      
24.651         0.394737       -0.367617      
24.651         0.473684       -0.432584      
24.651         0.552632       -0.494935      
24.651         0.631579       -0.554765      
24.651         0.710526       -0.612164      
24.651         0.789474       -0.66722       
24.651         0.868421       -0.720018      
24.651         0.947368       -0.77064       
24.651         1.02632        -0.819164      
24.651         1.10526        -0.865665      
24.651         1.18421        -0.910218      
24.651         1.26316        -0.952893      
24.651         1.34211        -0.993757      
24.651         1.42105        -1.03288       
24.651         1.5            -1.07031       
24.8401        0              0              
24.8401        0.0789474      -0.0823789     
24.8401        0.157895       -0.161563      
24.8401        0.236842       -0.237665      
24.8401        0.315789       -0.310796      
24.8401        0.394737       -0.38106       
24.8401        0.473684       -0.44856       
24.8401        0.552632       -0.513394      
24.8401        0.631579       -0.575657      
24.8401        0.710526       -0.635442      
24.8401        0.789474       -0.692836      
24.8401        0.868421       -0.747926      
24.8401        0.947368       -0.800793      
24.8401        1.02632        -0.851517      
24.8401        1.10526        -0.900174      
24.8401        1.18421        -0.946839      
24.8401        1.26316        -0.991582      
24.8401        1.34211        -1.03447       
24.8401        1.42105        -1.07558       
24.8401        1.5            -1.11496       
25.0293        0              0              
25.0293        0.0789474      -0.085116      
25.0293        0.157895       -0.166986      
25.0293        0.236842       -0.245724      
25.0293        0.315789       -0.32144       
25.0293        0.394737       -0.39424       
25.0293        0.473684       -0.464229      
25.0293        0.552632       -0.531504      
25.0293        0.631579       -0.596161      
25.0293        0.710526       -0.658294      
25.0293        0.789474       -0.717991      
25.0293        0.868421       -0.775339      
25.0293        0.947368       -0.83042       
25.0293        1.02632        -0.883314      
25.0293        1.10526        -0.9341        
25.0293        1.18421        -0.982851      
25.0293        1.26316        -1.02964       
25.0293        1.34211        -1.07453       
25.0293        1.42105        -1.1176        
25.0293        1.5            -1.15891       
25.2184        0              0              
25.2184        0.0789474      -0.0877963     
25.2184        0.157895       -0.172298      
25.2184        0.236842       -0.25362       
25.2184        0.315789       -0.331873      
25.2184        0.394737       -0.407164      
25.2184        0.473684       -0.479597      
25.2184        0.552632       -0.549272      
25.2184        0.631579       -0.616284      
25.2184        0.710526       -0.680728      
25.2184        0.789474       -0.742693      
25.2184        0.868421       -0.802266      
25.2184        0.947368       -0.85953       
25.2184        1.02632        -0.914566      
25.2184        1.10526        -0.967452      
25.2184        1.18421        -1.01826       
25.2184        1.26316        -1.06707       
25.2184        1.34211        -1.11395       
25.2184        1.42105        -1.15896       
25.2184        1.5            -1.20217       
25.4076        0              0              
25.4076        0.0789474      -0.0904213     
25.4076        0.157895       -0.177502      
25.4076        0.236842       -0.261358      
25.4076        0.315789       -0.3421        
25.4076        0.394737       -0.419837      
25.4076        0.473684       -0.494672      
25.4076        0.552632       -0.566705      
25.4076        0.631579       -0.636034      
25.4076        0.710526       -0.702753      
25.4076        0.789474       -0.766951      
25.4076        0.868421       -0.828716      
25.4076        0.947368       -0.888132      
25.4076        1.02632        -0.94528       
25.4076        1.10526        -1.00024       
25.4076        1.18421        -1.05308       
25.4076        1.26316        -1.10389       
25.4076        1.34211        -1.15272       
25.4076        1.42105        -1.19965       
25.4076        1.5            -1.24475       
25.5967        0              0              
25.5967        0.0789474      -0.0929923     
25.5967        0.157895       -0.182601      
25.5967        0.236842       -0.268942      
25.5967        0.315789       -0.352127      
25.5967        0.394737       -0.432264      
25.5967        0.473684       -0.509459      
25.5967        0.552632       -0.583811      
25.5967        0.631579       -0.655419      
25.5967        0.710526       -0.724376      
25.5967        0.789474       -0.790773      
25.5967        0.868421       -0.854698      
25.5967        0.947368       -0.916235      
25.5967        1.02632        -0.975467      
25.5967        1.10526        -1.03247       
25.5967        1.18421        -1.08732       
25.5967        1.26316        -1.1401        
25.5967        1.34211        -1.19087       
25.5967        1.42105        -1.2397        
25.5967        1.5            -1.28666       
25.7859        0              0              
25.7859        0.0789474      -0.0955107     
25.7859        0.157895       -0.187597      
25.7859        0.236842       -0.276375      
25.7859        0.315789       -0.361957      
25.7859        0.394737       -0.444453      
25.7859        0.473684       -0.523966      
25.7859        0.552632       -0.600597      
25.7859        0.631579       -0.674446      
25.7859        0.710526       -0.745606      
25.7859        0.789474       -0.814168      
25.7859        0.868421       -0.880221      
25.7859        0.947368       -0.94385       
25.7859        1.02632        -1.00514       
25.7859        1.10526        -1.06416       
25.7859        1.18421        -1.121         
25.7859        1.26316        -1.17572       
25.7859        1.34211        -1.2284        
25.7859        1.42105        -1.27911       
25.7859        1.5            -1.32791       
25.975         0              0              
25.975         0.0789474      -0.0979779     
25.975         0.157895       -0.192493      
25.975         0.236842       -0.283662      
25.975         0.315789       -0.371597      
25.975         0.394737       -0.456407      
25.975         0.473684       -0.538198      
25.975         0.552632       -0.617071      
25.975         0.631579       -0.693124      
25.975         0.710526       -0.766452      
25.975         0.789474       -0.837146      
25.975         0.868421       -0.905295      
25.975         0.947368       -0.970985      
25.975         1.02632        -1.0343        
25.975         1.10526        -1.09531       
25.975         1.18421        -1.15411       
25.975         1.26316        -1.21075       
25.975         1.34211        -1.26532       
25.975         1.42105        -1.31789       
25.975         1.5            -1.36852       
26.1642        0              0              
26.1642        0.0789474      -0.100395      
26.1642        0.157895       -0.197291      
26.1642        0.236842       -0.290805      
26.1642        0.315789       -0.381049      
26.1642        0.394737       -0.468133      
26.1642        0.473684       -0.552162      
26.1642        0.552632       -0.633238      
26.1642        0.631579       -0.711459      
26.1642        0.710526       -0.786921      
26.1642        0.789474       -0.859715      
26.1642        0.868421       -0.929929      
26.1642        0.947368       -0.99765       
26.1642        1.02632        -1.06296       
26.1642        1.10526        -1.12594       
26.1642        1.18421        -1.18667       
26.1642        1.26316        -1.24521       
26.1642        1.34211        -1.30165       
26.1642        1.42105        -1.35605       
26.1642        1.5            -1.40848       
26.3533        0              0              
26.3533        0.0789474      -0.102764      
26.3533        0.157895       -0.201995      
26.3533        0.236842       -0.297809      
26.3533        0.315789       -0.39032       
26.3533        0.394737       -0.479637      
26.3533        0.473684       -0.565865      
26.3533        0.552632       -0.649107      
26.3533        0.631579       -0.729461      
26.3533        0.710526       -0.807022      
26.3533        0.789474       -0.881883      
26.3533        0.868421       -0.954132      
26.3533        0.947368       -1.02386       
26.3533        1.02632        -1.09114       
26.3533        1.10526        -1.15605       
26.3533        1.18421        -1.21869       
26.3533        1.26316        -1.27911       
26.3533        1.34211        -1.33739       
26.3533        1.42105        -1.39361       
26.3533        1.5            -1.44782       
26.5425        0              0              
26.5425        0.0789474      -0.105086      
26.5425        0.157895       -0.206605      
26.5425        0.236842       -0.304677      
26.5425        0.315789       -0.399413      
26.5425        0.394737       -0.490923      
26.5425        0.473684       -0.579312      
26.5425        0.552632       -0.664684      
26.5425        0.631579       -0.747136      
26.5425        0.710526       -0.826764      
26.5425        0.789474       -0.90366       
26.5425        0.868421       -0.977914      
26.5425        0.947368       -1.04961       
26.5425        1.02632        -1.11883       
26.5425        1.10526        -1.18566       
26.5425        1.18421        -1.25018       
26.5425        1.26316        -1.31245       
26.5425        1.34211        -1.37256       
26.5425        1.42105        -1.43056       
26.5425        1.5            -1.48654       
26.7316        0              0              
26.7316        0.0789474      -0.107361      
26.7316        0.157895       -0.211126      
26.7316        0.236842       -0.311412      
26.7316        0.315789       -0.408332      
26.7316        0.394737       -0.501997      
26.7316        0.473684       -0.59251       
26.7316        0.552632       -0.679976      
26.7316        0.631579       -0.764492      
26.7316        0.710526       -0.846154      
26.7316        0.789474       -0.925054      
26.7316        0.868421       -1.00128       
26.7316        0.947368       -1.07492       
26.7316        1.02632        -1.14606       
26.7316        1.10526        -1.21478       
26.7316        1.18421        -1.28115       
26.7316        1.26316        -1.34525       
26.7316        1.34211        -1.40716       
26.7316        1.42105        -1.46694       
26.7316        1.5            -1.52466       
26.9208        0              0              
26.9208        0.0789474      -0.109592      
26.9208        0.157895       -0.215559      
26.9208        0.236842       -0.318018      
26.9208        0.315789       -0.417083      
26.9208        0.394737       -0.512864      
26.9208        0.473684       -0.605465      
26.9208        0.552632       -0.694989      
26.9208        0.631579       -0.781536      
26.9208        0.710526       -0.8652        
26.9208        0.789474       -0.946074      
26.9208        0.868421       -1.02425       
26.9208        0.947368       -1.09981       
26.9208        1.02632        -1.17283       
26.9208        1.10526        -1.24341       
26.9208        1.18421        -1.31161       
26.9208        1.26316        -1.37752       
26.9208        1.34211        -1.4412        
26.9208        1.42105        -1.50273       
26.9208        1.5            -1.56218       
27.1099        0              0              
27.1099        0.0789474      -0.111779      
27.1099        0.157895       -0.219906      
27.1099        0.236842       -0.324498      
27.1099        0.315789       -0.42567       
27.1099        0.394737       -0.523529      
27.1099        0.473684       -0.618182      
27.1099        0.552632       -0.709731      
27.1099        0.631579       -0.798275      
27.1099        0.710526       -0.88391       
27.1099        0.789474       -0.966727      
27.1099        0.868421       -1.04682       
27.1099        0.947368       -1.12426       
27.1099        1.02632        -1.19915       
27.1099        1.10526        -1.27157       
27.1099        1.18421        -1.34158       
27.1099        1.26316        -1.40927       
27.1099        1.34211        -1.47471       
27.1099        1.42105        -1.53797       
27.1099        1.5            -1.59912       
27.2991        0              0              
27.2991        0.0789474      -0.113923      
27.2991        0.157895       -0.224169      
27.2991        0.236842       -0.330856      
27.2991        0.315789       -0.434095      
27.2991        0.394737       -0.533997      
27.2991        0.473684       -0.630668      
27.2991        0.552632       -0.724208      
27.2991        0.631579       -0.814718      
27.2991        0.710526       -0.902292      
27.2991        0.789474       -0.987023      
27.2991        0.868421       -1.069         
27.2991        0.947368       -1.14831       
27.2991        1.02632        -1.22504       
27.2991        1.10526        -1.29926       
27.2991        1.18421        -1.37106       
27.2991        1.26316        -1.44051       
27.2991        1.34211        -1.50768       
27.2991        1.42105        -1.57265       
27.2991        1.5            -1.63548       
27.4882        0              0              
27.4882        0.0789474      -0.116026      
27.4882        0.157895       -0.228352      
27.4882        0.236842       -0.337094      
27.4882        0.315789       -0.442365      
27.4882        0.394737       -0.544274      
27.4882        0.473684       -0.642927      
27.4882        0.552632       -0.738426      
27.4882        0.631579       -0.830869      
27.4882        0.710526       -0.920352      
27.4882        0.789474       -1.00697       
27.4882        0.868421       -1.09081       
27.4882        0.947368       -1.17195       
27.4882        1.02632        -1.25049       
27.4882        1.10526        -1.3265        
27.4882        1.18421        -1.40006       
27.4882        1.26316        -1.47124       
27.4882        1.34211        -1.54013       
27.4882        1.42105        -1.60678       
27.4882        1.5            -1.67128       
27.6774        0              0              
27.6774        0.0789474      -0.118089      
27.6774        0.157895       -0.232455      
27.6774        0.236842       -0.343215      
27.6774        0.315789       -0.450481      
27.6774        0.394737       -0.554363      
27.6774        0.473684       -0.654965      
27.6774        0.552632       -0.75239       
27.6774        0.631579       -0.846737      
27.6774        0.710526       -0.9381        
27.6774        0.789474       -1.02657       
27.6774        0.868421       -1.11224       
27.6774        0.947368       -1.1952        
27.6774        1.02632        -1.27552       
27.6774        1.10526        -1.35329       
27.6774        1.18421        -1.42859       
27.6774        1.26316        -1.50149       
27.6774        1.34211        -1.57207       
27.6774        1.42105        -1.64039       
27.6774        1.5            -1.70653       
27.8665        0              0              
27.8665        0.0789474      -0.120112      
27.8665        0.157895       -0.236481      
27.8665        0.236842       -0.349223      
27.8665        0.315789       -0.458449      
27.8665        0.394737       -0.564269      
27.8665        0.473684       -0.666789      
27.8665        0.552632       -0.766108      
27.8665        0.631579       -0.862327      
27.8665        0.710526       -0.955541      
27.8665        0.789474       -1.04584       
27.8665        0.868421       -1.13332       
27.8665        0.947368       -1.21805       
27.8665        1.02632        -1.30014       
27.8665        1.10526        -1.37965       
27.8665        1.18421        -1.45666       
27.8665        1.26316        -1.53125       
27.8665        1.34211        -1.6035        
27.8665        1.42105        -1.67347       
27.8665        1.5            -1.74124       
28.0557        0              0              
28.0557        0.0789474      -0.122098      
28.0557        0.157895       -0.240432      
28.0557        0.236842       -0.35512       
28.0557        0.315789       -0.466272      
28.0557        0.394737       -0.573997      
28.0557        0.473684       -0.678401      
28.0557        0.552632       -0.779585      
28.0557        0.631579       -0.877647      
28.0557        0.710526       -0.972683      
28.0557        0.789474       -1.06478       
28.0557        0.868421       -1.15404       
28.0557        0.947368       -1.24053       
28.0557        1.02632        -1.32435       
28.0557        1.10526        -1.40558       
28.0557        1.18421        -1.48428       
28.0557        1.26316        -1.56055       
28.0557        1.34211        -1.63445       
28.0557        1.42105        -1.70605       
28.0557        1.5            -1.77542       
28.2448        0              0              
28.2448        0.0789474      -0.124046      
28.2448        0.157895       -0.24431       
28.2448        0.236842       -0.360909      
28.2448        0.315789       -0.473953      
28.2448        0.394737       -0.583552      
28.2448        0.473684       -0.689809      
28.2448        0.552632       -0.792827      
28.2448        0.631579       -0.892703      
28.2448        0.710526       -0.989532      
28.2448        0.789474       -1.08341       
28.2448        0.868421       -1.17441       
28.2448        0.947368       -1.26264       
28.2448        1.02632        -1.34817       
28.2448        1.10526        -1.43109       
28.2448        1.18421        -1.51147       
28.2448        1.26316        -1.58938       
28.2448        1.34211        -1.66491       
28.2448        1.42105        -1.73812       
28.2448        1.5            -1.80908       
28.434         0              0              
28.434         0.0789474      -0.125958      
28.434         0.157895       -0.248117      
28.434         0.236842       -0.366592      
28.434         0.315789       -0.481496      
28.434         0.394737       -0.592936      
28.434         0.473684       -0.701017      
28.434         0.552632       -0.805839      
28.434         0.631579       -0.907501      
28.434         0.710526       -1.0061        
28.434         0.789474       -1.10172       
28.434         0.868421       -1.19445       
28.434         0.947368       -1.28439       
28.434         1.02632        -1.37161       
28.434         1.10526        -1.45619       
28.434         1.18421        -1.53822       
28.434         1.26316        -1.61776       
28.434         1.34211        -1.6949        
28.434         1.42105        -1.7697        
28.434         1.5            -1.84222       
28.6231        0              0              
28.6231        0.0789474      -0.127834      
28.6231        0.157895       -0.251854      
28.6231        0.236842       -0.372174      
28.6231        0.315789       -0.488905      
28.6231        0.394737       -0.602155      
28.6231        0.473684       -0.712029      
28.6231        0.552632       -0.818627      
28.6231        0.631579       -0.922046      
28.6231        0.710526       -1.02238       
28.6231        0.789474       -1.11972       
28.6231        0.868421       -1.21416       
28.6231        0.947368       -1.30578       
28.6231        1.02632        -1.39467       
28.6231        1.10526        -1.4809        
28.6231        1.18421        -1.56455       
28.6231        1.26316        -1.6457        
28.6231        1.34211        -1.72443       
28.6231        1.42105        -1.80079       
28.6231        1.5            -1.87487       
28.8123        0              0              
28.8123        0.0789474      -0.129676      
28.8123        0.157895       -0.255523      
28.8123        0.236842       -0.377655      
28.8123        0.315789       -0.496182      
28.8123        0.394737       -0.611213      
28.8123        0.473684       -0.72285       
28.8123        0.552632       -0.831195      
28.8123        0.631579       -0.936345      
28.8123        0.710526       -1.03839       
28.8123        0.789474       -1.13743       
28.8123        0.868421       -1.23355       
28.8123        0.947368       -1.32683       
28.8123        1.02632        -1.41736       
28.8123        1.10526        -1.50521       
28.8123        1.18421        -1.59047       
28.8123        1.26316        -1.67321       
28.8123        1.34211        -1.7535        
28.8123        1.42105        -1.83142       
28.8123        1.5            -1.90703       
29.0014        0              0              
29.0014        0.0789474      -0.131485      
29.0014        0.157895       -0.259126      
29.0014        0.236842       -0.383038      
29.0014        0.315789       -0.503332      
29.0014        0.394737       -0.620113      
29.0014        0.473684       -0.733486      
29.0014        0.552632       -0.84355       
29.0014        0.631579       -0.950403      
29.0014        0.710526       -1.05414       
29.0014        0.789474       -1.15485       
29.0014        0.868421       -1.25262       
29.0014        0.947368       -1.34754       
29.0014        1.02632        -1.43968       
29.0014        1.10526        -1.52914       
29.0014        1.18421        -1.61599       
29.0014        1.26316        -1.70029       
29.0014        1.34211        -1.78214       
29.0014        1.42105        -1.86159       
29.0014        1.5            -1.93871       
29.1906        0              0              
29.1906        0.0789474      -0.13326       
29.1906        0.157895       -0.262665      
29.1906        0.236842       -0.388327      
29.1906        0.315789       -0.510356      
29.1906        0.394737       -0.628859      
29.1906        0.473684       -0.743939      
29.1906        0.552632       -0.855696      
29.1906        0.631579       -0.964227      
29.1906        0.710526       -1.06962       
29.1906        0.789474       -1.17198       
29.1906        0.868421       -1.27138       
29.1906        0.947368       -1.36791       
29.1906        1.02632        -1.46166       
29.1906        1.10526        -1.5527        
29.1906        1.18421        -1.64111       
29.1906        1.26316        -1.72696       
29.1906        1.34211        -1.81033       
29.1906        1.42105        -1.8913        
29.1906        1.5            -1.96992       
29.3797        0              0              
29.3797        0.0789474      -0.135004      
29.3797        0.157895       -0.266141      
29.3797        0.236842       -0.393522      
29.3797        0.315789       -0.517258      
29.3797        0.394737       -0.637455      
29.3797        0.473684       -0.754215      
29.3797        0.552632       -0.867638      
29.3797        0.631579       -0.97782       
29.3797        0.710526       -1.08486       
29.3797        0.789474       -1.18883       
29.3797        0.868421       -1.28984       
29.3797        0.947368       -1.38796       
29.3797        1.02632        -1.48329       
29.3797        1.10526        -1.57588       
29.3797        1.18421        -1.66584       
29.3797        1.26316        -1.75322       
29.3797        1.34211        -1.83811       
29.3797        1.42105        -1.92056       
29.3797        1.5            -2.00066       
29.5689        0              0              
29.5689        0.0789474      -0.136717      
29.5689        0.157895       -0.269555      
29.5689        0.236842       -0.398627      
29.5689        0.315789       -0.524042      
29.5689        0.394737       -0.645905      
29.5689        0.473684       -0.764318      
29.5689        0.552632       -0.879381      
29.5689        0.631579       -0.99119       
29.5689        0.710526       -1.09984       
29.5689        0.789474       -1.20541       
29.5689        0.868421       -1.30801       
29.5689        0.947368       -1.4077        
29.5689        1.02632        -1.50457       
29.5689        1.10526        -1.59871       
29.5689        1.18421        -1.69019       
29.5689        1.26316        -1.77908       
29.5689        1.34211        -1.86546       
29.5689        1.42105        -1.9494        
29.5689        1.5            -2.03096       
29.758         0              0              
29.758         0.0789474      -0.1384        
29.758         0.157895       -0.27291       
29.758         0.236842       -0.403644      
29.758         0.315789       -0.530709      
29.758         0.394737       -0.654211      
29.758         0.473684       -0.774252      
29.758         0.552632       -0.890929      
29.758         0.631579       -1.00434       
29.758         0.710526       -1.11458       
29.758         0.789474       -1.22173       
29.758         0.868421       -1.32588       
29.758         0.947368       -1.42712       
29.758         1.02632        -1.52553       
29.758         1.10526        -1.62119       
29.758         1.18421        -1.71417       
29.758         1.26316        -1.80455       
29.758         1.34211        -1.89241       
29.758         1.42105        -1.9778        
29.758         1.5            -2.06081       
29.9472        0              0              
29.9472        0.0789474      -0.140053      
29.9472        0.157895       -0.276207      
29.9472        0.236842       -0.408574      
29.9472        0.315789       -0.537263      
29.9472        0.394737       -0.662378      
29.9472        0.473684       -0.78402       
29.9472        0.552632       -0.902288      
29.9472        0.631579       -1.01728       
29.9472        0.710526       -1.12908       
29.9472        0.789474       -1.23778       
29.9472        0.868421       -1.34348       
29.9472        0.947368       -1.44624       
29.9472        1.02632        -1.54617       
29.9472        1.10526        -1.64332       
29.9472        1.18421        -1.73779       
29.9472        1.26316        -1.82964       
29.9472        1.34211        -1.91895       
29.9472        1.42105        -2.00579       
29.9472        1.5            -2.09022       
30.1363        0              0              
30.1363        0.0789474      -0.141677      
30.1363        0.157895       -0.279447      
30.1363        0.236842       -0.413421      
30.1363        0.315789       -0.543706      
30.1363        0.394737       -0.670408      
30.1363        0.473684       -0.793627      
30.1363        0.552632       -0.91346       
30.1363        0.631579       -1.03          
30.1363        0.710526       -1.14335       
30.1363        0.789474       -1.25358       
30.1363        0.868421       -1.36079       
30.1363        0.947368       -1.46507       
30.1363        1.02632        -1.56648       
30.1363        1.10526        -1.66512       
30.1363        1.18421        -1.76105       
30.1363        1.26316        -1.85436       
30.1363        1.34211        -1.94511       
30.1363        1.42105        -2.03337       
30.1363        1.5            -2.11921       
30.3255        0              0              
30.3255        0.0789474      -0.143273      
30.3255        0.157895       -0.282631      
30.3255        0.236842       -0.418185      
30.3255        0.315789       -0.550042      
30.3255        0.394737       -0.678305      
30.3255        0.473684       -0.803076      
30.3255        0.552632       -0.924451      
30.3255        0.631579       -1.04252       
30.3255        0.710526       -1.15739       
30.3255        0.789474       -1.26913       
30.3255        0.868421       -1.37784       
30.3255        0.947368       -1.4836        
30.3255        1.02632        -1.58649       
30.3255        1.10526        -1.68659       
30.3255        1.18421        -1.78397       
30.3255        1.26316        -1.87871       
30.3255        1.34211        -1.97088       
30.3255        1.42105        -2.06055       
30.3255        1.5            -2.14779       
30.5146        0              0              
30.5146        0.0789474      -0.144842      
30.5146        0.157895       -0.285761      
30.5146        0.236842       -0.422869      
30.5146        0.315789       -0.556272      
30.5146        0.394737       -0.686072      
30.5146        0.473684       -0.812371      
30.5146        0.552632       -0.935264      
30.5146        0.631579       -1.05485       
30.5146        0.710526       -1.17121       
30.5146        0.789474       -1.28444       
30.5146        0.868421       -1.39463       
30.5146        0.947368       -1.50185       
30.5146        1.02632        -1.60619       
30.5146        1.10526        -1.70773       
30.5146        1.18421        -1.80654       
30.5146        1.26316        -1.9027        
30.5146        1.34211        -1.99627       
30.5146        1.42105        -2.08733       
30.5146        1.5            -2.17595       
30.7038        0              0              
30.7038        0.0789474      -0.146383      
30.7038        0.157895       -0.288839      
30.7038        0.236842       -0.427475      
30.7038        0.315789       -0.562399      
30.7038        0.394737       -0.693712      
30.7038        0.473684       -0.821515      
30.7038        0.552632       -0.945905      
30.7038        0.631579       -1.06697       
30.7038        0.710526       -1.18481       
30.7038        0.789474       -1.29951       
30.7038        0.868421       -1.41115       
30.7038        0.947368       -1.51982       
30.7038        1.02632        -1.6256        
30.7038        1.10526        -1.72856       
30.7038        1.18421        -1.82878       
30.7038        1.26316        -1.92633       
30.7038        1.34211        -2.0213        
30.7038        1.42105        -2.11373       
30.7038        1.5            -2.20371       
30.8929        0              0              
30.8929        0.0789474      -0.147899      
30.8929        0.157895       -0.291864      
30.8929        0.236842       -0.432004      
30.8929        0.315789       -0.568425      
30.8929        0.394737       -0.701228      
30.8929        0.473684       -0.830513      
30.8929        0.552632       -0.956375      
30.8929        0.631579       -1.07891       
30.8929        0.710526       -1.1982        
30.8929        0.789474       -1.31435       
30.8929        0.868421       -1.42742       
30.8929        0.947368       -1.53752       
30.8929        1.02632        -1.64471       
30.8929        1.10526        -1.74908       
30.8929        1.18421        -1.85069       
30.8929        1.26316        -1.94963       
30.8929        1.34211        -2.04596       
30.8929        1.42105        -2.13976       
30.8929        1.5            -2.23108       
31.0821        0              0              
31.0821        0.0789474      -0.149389      
31.0821        0.157895       -0.29484       
31.0821        0.236842       -0.436459      
31.0821        0.315789       -0.574353      
31.0821        0.394737       -0.708622      
31.0821        0.473684       -0.839366      
31.0821        0.552632       -0.96668       
31.0821        0.631579       -1.09066       
31.0821        0.710526       -1.21139       
31.0821        0.789474       -1.32896       
31.0821        0.868421       -1.44345       
31.0821        0.947368       -1.55495       
31.0821        1.02632        -1.66354       
31.0821        1.10526        -1.76929       
31.0821        1.18421        -1.87228       
31.0821        1.26316        -1.97258       
31.0821        1.34211        -2.07027       
31.0821        1.42105        -2.16541       
31.0821        1.5            -2.25806       
31.2712        0              0              
31.2712        0.0789474      -0.150855      
31.2712        0.157895       -0.297766      
31.2712        0.236842       -0.440841      
31.2712        0.315789       -0.580185      
31.2712        0.394737       -0.715898      
31.2712        0.473684       -0.848079      
31.2712        0.552632       -0.976823      
31.2712        0.631579       -1.10222       
31.2712        0.710526       -1.22437       
31.2712        0.789474       -1.34334       
31.2712        0.868421       -1.45923       
31.2712        0.947368       -1.57212       
31.2712        1.02632        -1.68209       
31.2712        1.10526        -1.78921       
31.2712        1.18421        -1.89356       
31.2712        1.26316        -1.99521       
31.2712        1.34211        -2.09423       
31.2712        1.42105        -2.1907        
31.2712        1.5            -2.28467       
31.4604        0              0              
31.4604        0.0789474      -0.152296      
31.4604        0.157895       -0.300644      
31.4604        0.236842       -0.445152      
31.4604        0.315789       -0.585923      
31.4604        0.394737       -0.723058      
31.4604        0.473684       -0.856655      
31.4604        0.552632       -0.986808      
31.4604        0.631579       -1.11361       
31.4604        0.710526       -1.23715       
31.4604        0.789474       -1.35751       
31.4604        0.868421       -1.47478       
31.4604        0.947368       -1.58904       
31.4604        1.02632        -1.70036       
31.4604        1.10526        -1.80884       
31.4604        1.18421        -1.91453       
31.4604        1.26316        -2.01751       
31.4604        1.34211        -2.11785       
31.4604        1.42105        -2.21563       
31.4604        1.5            -2.3109        
31.6495        0              0              
31.6495        0.0789474      -0.153713      
31.6495        0.157895       -0.303476      
31.6495        0.236842       -0.449393      
31.6495        0.315789       -0.59157       
31.6495        0.394737       -0.730105      
31.6495        0.473684       -0.865097      
31.6495        0.552632       -0.996638      
31.6495        0.631579       -1.12482       
31.6495        0.710526       -1.24973       
31.6495        0.789474       -1.37146       
31.6495        0.868421       -1.49009       
31.6495        0.947368       -1.6057        
31.6495        1.02632        -1.71837       
31.6495        1.10526        -1.82818       
31.6495        1.18421        -1.93519       
31.6495        1.26316        -2.03949       
31.6495        1.34211        -2.14114       
31.6495        1.42105        -2.24022       
31.6495        1.5            -2.33678       
31.8387        0              0              
31.8387        0.0789474      -0.155107      
31.8387        0.157895       -0.306261      
31.8387        0.236842       -0.453567      
31.8387        0.315789       -0.597127      
31.8387        0.394737       -0.737041      
31.8387        0.473684       -0.873407      
31.8387        0.552632       -1.00632       
31.8387        0.631579       -1.13586       
31.8387        0.710526       -1.26213       
31.8387        0.789474       -1.38521       
31.8387        0.868421       -1.50518       
31.8387        0.947368       -1.62212       
31.8387        1.02632        -1.73612       
31.8387        1.10526        -1.84724       
31.8387        1.18421        -1.95557       
31.8387        1.26316        -2.06116       
31.8387        1.34211        -2.16411       
31.8387        1.42105        -2.26446       
31.8387        1.5            -2.36229       
32.0278        0              0              
32.0278        0.0789474      -0.156479      
32.0278        0.157895       -0.309002      
32.0278        0.236842       -0.457673      
32.0278        0.315789       -0.602596      
32.0278        0.394737       -0.743869      
32.0278        0.473684       -0.881588      
32.0278        0.552632       -1.01585       
32.0278        0.631579       -1.14673       
32.0278        0.710526       -1.27434       
32.0278        0.789474       -1.39875       
32.0278        0.868421       -1.52004       
32.0278        0.947368       -1.6383        
32.0278        1.02632        -1.75361       
32.0278        1.10526        -1.86603       
32.0278        1.18421        -1.97565       
32.0278        1.26316        -2.08253       
32.0278        1.34211        -2.18675       
32.0278        1.42105        -2.28837       
32.0278        1.5            -2.38745       
32.217         0              0              
32.217         0.0789474      -0.157828      
32.217         0.157895       -0.311699      
32.217         0.236842       -0.461715      
32.217         0.315789       -0.60798       
32.217         0.394737       -0.750591      
32.217         0.473684       -0.889644      
32.217         0.552632       -1.02523       
32.217         0.631579       -1.15744       
32.217         0.710526       -1.28637       
32.217         0.789474       -1.41209       
32.217         0.868421       -1.53469       
32.217         0.947368       -1.65425       
32.217         1.02632        -1.77084       
32.217         1.10526        -1.88455       
32.217         1.18421        -1.99545       
32.217         1.26316        -2.1036        
32.217         1.34211        -2.20908       
32.217         1.42105        -2.31195       
32.217         1.5            -2.41228       
32.4061        0              0              
32.4061        0.0789474      -0.159156      
32.4061        0.157895       -0.314353      
32.4061        0.236842       -0.465694      
32.4061        0.315789       -0.61328       
32.4061        0.394737       -0.757209      
32.4061        0.473684       -0.897577      
32.4061        0.552632       -1.03447       
32.4061        0.631579       -1.16799       
32.4061        0.710526       -1.29822       
32.4061        0.789474       -1.42523       
32.4061        0.868421       -1.54912       
32.4061        0.947368       -1.66996       
32.4061        1.02632        -1.78784       
32.4061        1.10526        -1.90281       
32.4061        1.18421        -2.01497       
32.4061        1.26316        -2.12437       
32.4061        1.34211        -2.23109       
32.4061        1.42105        -2.3352        
32.4061        1.5            -2.43676       
32.5953        0              0              
32.5953        0.0789474      -0.160463      
32.5953        0.157895       -0.316965      
32.5953        0.236842       -0.46961       
32.5953        0.315789       -0.618498      
32.5953        0.394737       -0.763726      
32.5953        0.473684       -0.90539       
32.5953        0.552632       -1.04358       
32.5953        0.631579       -1.17838       
32.5953        0.710526       -1.30989       
32.5953        0.789474       -1.43819       
32.5953        0.868421       -1.56335       
32.5953        0.947368       -1.68545       
32.5953        1.02632        -1.80459       
32.5953        1.10526        -1.92081       
32.5953        1.18421        -2.03422       
32.5953        1.26316        -2.14486       
32.5953        1.34211        -2.25281       
32.5953        1.42105        -2.35814       
32.5953        1.5            -2.46092       
32.7844        0              0              
32.7844        0.0789474      -0.161749      
32.7844        0.157895       -0.319536      
32.7844        0.236842       -0.473466      
32.7844        0.315789       -0.623636      
32.7844        0.394737       -0.770144      
32.7844        0.473684       -0.913085      
32.7844        0.552632       -1.05255       
32.7844        0.631579       -1.18862       
32.7844        0.710526       -1.3214        
32.7844        0.789474       -1.45095       
32.7844        0.868421       -1.57737       
32.7844        0.947368       -1.70072       
32.7844        1.02632        -1.8211        
32.7844        1.10526        -1.93857       
32.7844        1.18421        -2.0532        
32.7844        1.26316        -2.16506       
32.7844        1.34211        -2.27423       
32.7844        1.42105        -2.38077       
32.7844        1.5            -2.48475       
32.9736        0              0              
32.9736        0.0789474      -0.163015      
32.9736        0.157895       -0.322068      
32.9736        0.236842       -0.477262      
32.9736        0.315789       -0.628696      
32.9736        0.394737       -0.776465      
32.9736        0.473684       -0.920664      
32.9736        0.552632       -1.06138       
32.9736        0.631579       -1.19871       
32.9736        0.710526       -1.33273       
32.9736        0.789474       -1.46353       
32.9736        0.868421       -1.59118       
32.9736        0.947368       -1.71578       
32.9736        1.02632        -1.83738       
32.9736        1.10526        -1.95607       
32.9736        1.18421        -2.07192       
32.9736        1.26316        -2.18499       
32.9736        1.34211        -2.29536       
32.9736        1.42105        -2.4031        
32.9736        1.5            -2.50826       
33.1627        0              0              
33.1627        0.0789474      -0.164261      
33.1627        0.157895       -0.32456       
33.1627        0.236842       -0.481         
33.1627        0.315789       -0.633679      
33.1627        0.394737       -0.782691      
33.1627        0.473684       -0.928132      
33.1627        0.552632       -1.07009       
33.1627        0.631579       -1.20865       
33.1627        0.710526       -1.3439        
33.1627        0.789474       -1.47593       
33.1627        0.868421       -1.60481       
33.1627        0.947368       -1.73062       
33.1627        1.02632        -1.85343       
33.1627        1.10526        -1.97333       
33.1627        1.18421        -2.09038       
33.1627        1.26316        -2.20465       
33.1627        1.34211        -2.31621       
33.1627        1.42105        -2.42513       
33.1627        1.5            -2.53147       
33.3519        0              0              
33.3519        0.0789474      -0.165488      
33.3519        0.157895       -0.327015      
33.3519        0.236842       -0.484682      
33.3519        0.315789       -0.638587      
33.3519        0.394737       -0.788825      
33.3519        0.473684       -0.935488      
33.3519        0.552632       -1.07867       
33.3519        0.631579       -1.21845       
33.3519        0.710526       -1.35492       
33.3519        0.789474       -1.48815       
33.3519        0.868421       -1.61824       
33.3519        0.947368       -1.74525       
33.3519        1.02632        -1.86926       
33.3519        1.10526        -1.99035       
33.3519        1.18421        -2.10859       
33.3519        1.26316        -2.22404       
33.3519        1.34211        -2.33678       
33.3519        1.42105        -2.44686       
33.3519        1.5            -2.55436       
33.541         0              0              
33.541         0.0789474      -0.166696      
33.541         0.157895       -0.329431      
33.541         0.236842       -0.488307      
33.541         0.315789       -0.643421      
33.541         0.394737       -0.794867      
33.541         0.473684       -0.942737      
33.541         0.552632       -1.08712       
33.541         0.631579       -1.2281        
33.541         0.710526       -1.36577       
33.541         0.789474       -1.5002        
33.541         0.868421       -1.63148       
33.541         0.947368       -1.75968       
33.541         1.02632        -1.88488       
33.541         1.10526        -2.00714       
33.541         1.18421        -2.12655       
33.541         1.26316        -2.24317       
33.541         1.34211        -2.35707       
33.541         1.42105        -2.46831       
33.541         1.5            -2.57696       
33.7302        0              0              
33.7302        0.0789474      -0.167885      
33.7302        0.157895       -0.331812      
33.7302        0.236842       -0.491879      
33.7302        0.315789       -0.648184      
33.7302        0.394737       -0.800821      
33.7302        0.473684       -0.94988       
33.7302        0.552632       -1.09545       
33.7302        0.631579       -1.23762       
33.7302        0.710526       -1.37647       
33.7302        0.789474       -1.51208       
33.7302        0.868421       -1.64454       
33.7302        0.947368       -1.77391       
33.7302        1.02632        -1.90027       
33.7302        1.10526        -2.02371       
33.7302        1.18421        -2.14427       
33.7302        1.26316        -2.26205       
33.7302        1.34211        -2.37709       
33.7302        1.42105        -2.48948       
33.7302        1.5            -2.59926       
33.9193        0              0              
33.9193        0.0789474      -0.169057      
33.9193        0.157895       -0.334156      
33.9193        0.236842       -0.495397      
33.9193        0.315789       -0.652876      
33.9193        0.394737       -0.806687      
33.9193        0.473684       -0.956919      
33.9193        0.552632       -1.10366       
33.9193        0.631579       -1.247         
33.9193        0.710526       -1.38702       
33.9193        0.789474       -1.5238        
33.9193        0.868421       -1.65741       
33.9193        0.947368       -1.78794       
33.9193        1.02632        -1.91546       
33.9193        1.10526        -2.04004       
33.9193        1.18421        -2.16176       
33.9193        1.26316        -2.28067       
33.9193        1.34211        -2.39685       
33.9193        1.42105        -2.51037       
33.9193        1.5            -2.62127       
34.1085        0              0              
34.1085        0.0789474      -0.17021       
34.1085        0.157895       -0.336465      
34.1085        0.236842       -0.498863      
34.1085        0.315789       -0.6575        
34.1085        0.394737       -0.812468      
34.1085        0.473684       -0.963857      
34.1085        0.552632       -1.11176       
34.1085        0.631579       -1.25625       
34.1085        0.710526       -1.39742       
34.1085        0.789474       -1.53535       
34.1085        0.868421       -1.67011       
34.1085        0.947368       -1.80178       
34.1085        1.02632        -1.93044       
34.1085        1.10526        -2.05616       
34.1085        1.18421        -2.17901       
34.1085        1.26316        -2.29905       
34.1085        1.34211        -2.41635       
34.1085        1.42105        -2.53098       
34.1085        1.5            -2.643         
34.2976        0              0              
34.2976        0.0789474      -0.171347      
34.2976        0.157895       -0.33874       
34.2976        0.236842       -0.502278      
34.2976        0.315789       -0.662056      
34.2976        0.394737       -0.818165      
34.2976        0.473684       -0.970696      
34.2976        0.552632       -1.11974       
34.2976        0.631579       -1.26537       
34.2976        0.710526       -1.40767       
34.2976        0.789474       -1.54674       
34.2976        0.868421       -1.68263       
34.2976        0.947368       -1.81544       
34.2976        1.02632        -1.94522       
34.2976        1.10526        -2.07207       
34.2976        1.18421        -2.19603       
34.2976        1.26316        -2.31719       
34.2976        1.34211        -2.4356        
34.2976        1.42105        -2.55133       
34.2976        1.5            -2.66445       
34.4868        0              0              
34.4868        0.0789474      -0.172466      
34.4868        0.157895       -0.340982      
34.4868        0.236842       -0.505644      
34.4868        0.315789       -0.666546      
34.4868        0.394737       -0.823781      
34.4868        0.473684       -0.977437      
34.4868        0.552632       -1.1276        
34.4868        0.631579       -1.27436       
34.4868        0.710526       -1.41779       
34.4868        0.789474       -1.55797       
34.4868        0.868421       -1.69499       
34.4868        0.947368       -1.82891       
34.4868        1.02632        -1.95981       
34.4868        1.10526        -2.08776       
34.4868        1.18421        -2.21283       
34.4868        1.26316        -2.33509       
34.4868        1.34211        -2.4546        
34.4868        1.42105        -2.57142       
34.4868        1.5            -2.68563       
34.6759        0              0              
34.6759        0.0789474      -0.173569      
34.6759        0.157895       -0.34319       
34.6759        0.236842       -0.50896       
34.6759        0.315789       -0.670971      
34.6759        0.394737       -0.829316      
34.6759        0.473684       -0.984083      
34.6759        0.552632       -1.13536       
34.6759        0.631579       -1.28322       
34.6759        0.710526       -1.42776       
34.6759        0.789474       -1.56905       
34.6759        0.868421       -1.70717       
34.6759        0.947368       -1.8422        
34.6759        1.02632        -1.9742        
34.6759        1.10526        -2.10324       
34.6759        1.18421        -2.22941       
34.6759        1.26316        -2.35275       
34.6759        1.34211        -2.47335       
34.6759        1.42105        -2.59126       
34.6759        1.5            -2.70654       
34.8651        0              0              
34.8651        0.0789474      -0.174656      
34.8651        0.157895       -0.345367      
34.8651        0.236842       -0.512228      
34.8651        0.315789       -0.675334      
34.8651        0.394737       -0.834773      
34.8651        0.473684       -0.990635      
34.8651        0.552632       -1.14301       
34.8651        0.631579       -1.29197       
34.8651        0.710526       -1.4376        
34.8651        0.789474       -1.57998       
34.8651        0.868421       -1.71919       
34.8651        0.947368       -1.85531       
34.8651        1.02632        -1.98839       
34.8651        1.10526        -2.11852       
34.8651        1.18421        -2.24577       
34.8651        1.26316        -2.37019       
34.8651        1.34211        -2.49186       
34.8651        1.42105        -2.61084       
34.8651        1.5            -2.72718       
35.0542        0              0              
35.0542        0.0789474      -0.175727      
35.0542        0.157895       -0.347512      
35.0542        0.236842       -0.51545       
35.0542        0.315789       -0.679634      
35.0542        0.394737       -0.840153      
35.0542        0.473684       -0.997096      
35.0542        0.552632       -1.15055       
35.0542        0.631579       -1.30059       
35.0542        0.710526       -1.4473        
35.0542        0.789474       -1.59077       
35.0542        0.868421       -1.73105       
35.0542        0.947368       -1.86824       
35.0542        1.02632        -2.0024        
35.0542        1.10526        -2.1336        
35.0542        1.18421        -2.26192       
35.0542        1.26316        -2.3874        
35.0542        1.34211        -2.51013       
35.0542        1.42105        -2.63017       
35.0542        1.5            -2.74757       
35.2434        0              0              
35.2434        0.0789474      -0.176782      
35.2434        0.157895       -0.349626      
35.2434        0.236842       -0.518625      
35.2434        0.315789       -0.683873      
35.2434        0.394737       -0.845458      
35.2434        0.473684       -1.00347       
35.2434        0.552632       -1.15799       
35.2434        0.631579       -1.30909       
35.2434        0.710526       -1.45687       
35.2434        0.789474       -1.6014        
35.2434        0.868421       -1.74276       
35.2434        0.947368       -1.88101       
35.2434        1.02632        -2.01623       
35.2434        1.10526        -2.14849       
35.2434        1.18421        -2.27786       
35.2434        1.26316        -2.4044        
35.2434        1.34211        -2.52818       
35.2434        1.42105        -2.64926       
35.2434        1.5            -2.7677        
35.4325        0              0              
35.4325        0.0789474      -0.177822      
35.4325        0.157895       -0.35171       
35.4325        0.236842       -0.521756      
35.4325        0.315789       -0.688052      
35.4325        0.394737       -0.850688      
35.4325        0.473684       -1.00975       
35.4325        0.552632       -1.16532       
35.4325        0.631579       -1.31748       
35.4325        0.710526       -1.46632       
35.4325        0.789474       -1.6119        
35.4325        0.868421       -1.7543        
35.4325        0.947368       -1.89361       
35.4325        1.02632        -2.02988       
35.4325        1.10526        -2.16318       
35.4325        1.18421        -2.29359       
35.4325        1.26316        -2.42118       
35.4325        1.34211        -2.54599       
35.4325        1.42105        -2.66811       
35.4325        1.5            -2.78758       
35.6217        0              0              
35.6217        0.0789474      -0.178848      
35.6217        0.157895       -0.353764      
35.6217        0.236842       -0.524842      
35.6217        0.315789       -0.692173      
35.6217        0.394737       -0.855846      
35.6217        0.473684       -1.01595       
35.6217        0.552632       -1.17256       
35.6217        0.631579       -1.32576       
35.6217        0.710526       -1.47563       
35.6217        0.789474       -1.62226       
35.6217        0.868421       -1.7657        
35.6217        0.947368       -1.90604       
35.6217        1.02632        -2.04335       
35.6217        1.10526        -2.17769       
35.6217        1.18421        -2.30913       
35.6217        1.26316        -2.43774       
35.6217        1.34211        -2.56359       
35.6217        1.42105        -2.68672       
35.6217        1.5            -2.80722       
35.8108        0              0              
35.8108        0.0789474      -0.179858      
35.8108        0.157895       -0.355789      
35.8108        0.236842       -0.527885      
35.8108        0.315789       -0.696237      
35.8108        0.394737       -0.860933      
35.8108        0.473684       -1.02206       
35.8108        0.552632       -1.1797        
35.8108        0.631579       -1.33393       
35.8108        0.710526       -1.48483       
35.8108        0.789474       -1.63248       
35.8108        0.868421       -1.77695       
35.8108        0.947368       -1.91831       
35.8108        1.02632        -2.05664       
35.8108        1.10526        -2.19201       
35.8108        1.18421        -2.32447       
35.8108        1.26316        -2.4541        
35.8108        1.34211        -2.58096       
35.8108        1.42105        -2.70511       
35.8108        1.5            -2.82661       
36             0              0              
36             0.0789474      -0.180854      
36             0.157895       -0.357785      
36             0.236842       -0.530886      
36             0.315789       -0.700245      
36             0.394737       -0.865951      
36             0.473684       -1.02809       
36             0.552632       -1.18674       
36             0.631579       -1.34198       
36             0.710526       -1.4939        
36             0.789474       -1.64256       
36             0.868421       -1.78805       
36             0.947368       -1.93042       
36             1.02632        -2.06977       
36             1.10526        -2.20614       
36             1.18421        -2.33962       
36             1.26316        -2.47025       
36             1.34211        -2.59812       
36             1.42105        -2.72327       
36             1.5            -2.84577       
