17.2741   36        100       0         1.5       20        
17.2741        0              0              
17.2741        0.0789474      0.444157       
17.2741        0.157895       0.876561       
17.2741        0.236842       1.2976         
17.2741        0.315789       1.70764        
17.2741        0.394737       2.10704        
17.2741        0.473684       2.49616        
17.2741        0.552632       2.87532        
17.2741        0.631579       3.24485        
17.2741        0.710526       3.60506        
17.2741        0.789474       3.95626        
17.2741        0.868421       4.29873        
17.2741        0.947368       4.63275        
17.2741        1.02632        4.9586         
17.2741        1.10526        5.27652        
17.2741        1.18421        5.58678        
17.2741        1.26316        5.8896         
17.2741        1.34211        6.18523        
17.2741        1.42105        6.47389        
17.2741        1.5            6.75578        
17.4632        0              0              
17.4632        0.0789474      0.448172       
17.4632        0.157895       0.883532       
17.4632        0.236842       1.3066         
17.4632        0.315789       1.71787        
17.4632        0.394737       2.11781        
17.4632        0.473684       2.50684        
17.4632        0.552632       2.88539        
17.4632        0.631579       3.25386        
17.4632        0.710526       3.6126         
17.4632        0.789474       3.96198        
17.4632        0.868421       4.30233        
17.4632        0.947368       4.63397        
17.4632        1.02632        4.95722        
17.4632        1.10526        5.27235        
17.4632        1.18421        5.57965        
17.4632        1.26316        5.87939        
17.4632        1.34211        6.17181        
17.4632        1.42105        6.45716        
17.4632        1.5            6.73568        
17.6524        0              0              
17.6524        0.0789474      0.429365       
17.6524        0.157895       0.846453       
17.6524        0.236842       1.25177        
17.6524        0.315789       1.64581        
17.6524        0.394737       2.029          
17.6524        0.473684       2.40178        
17.6524        0.552632       2.76455        
17.6524        0.631579       3.11769        
17.6524        0.710526       3.46155        
17.6524        0.789474       3.79649        
17.6524        0.868421       4.12281        
17.6524        0.947368       4.44084        
17.6524        1.02632        4.75085        
17.6524        1.10526        5.05314        
17.6524        1.18421        5.34796        
17.6524        1.26316        5.63557        
17.6524        1.34211        5.91621        
17.6524        1.42105        6.19012        
17.6524        1.5            6.45751        
17.8415        0              0              
17.8415        0.0789474      0.409582       
17.8415        0.157895       0.80752        
17.8415        0.236842       1.1943         
17.8415        0.315789       1.57038        
17.8415        0.394737       1.93618        
17.8415        0.473684       2.29212        
17.8415        0.552632       2.63856        
17.8415        0.631579       2.97588        
17.8415        0.710526       3.30441        
17.8415        0.789474       3.62447        
17.8415        0.868421       3.93637        
17.8415        0.947368       4.24041        
17.8415        1.02632        4.53685        
17.8415        1.10526        4.82597        
17.8415        1.18421        5.10801        
17.8415        1.26316        5.38322        
17.8415        1.34211        5.65181        
17.8415        1.42105        5.91402        
17.8415        1.5            6.17005        
18.0307        0              0              
18.0307        0.0789474      0.390539       
18.0307        0.157895       0.770047       
18.0307        0.236842       1.13899        
18.0307        0.315789       1.49779        
18.0307        0.394737       1.84685        
18.0307        0.473684       2.18657        
18.0307        0.552632       2.5173         
18.0307        0.631579       2.83938        
18.0307        0.710526       3.15313        
18.0307        0.789474       3.45886        
18.0307        0.868421       3.75686        
18.0307        0.947368       4.04741        
18.0307        1.02632        4.33075        
18.0307        1.10526        4.60715        
18.0307        1.18421        4.87685        
18.0307        1.26316        5.14006        
18.0307        1.34211        5.397          
18.0307        1.42105        5.64788        
18.0307        1.5            5.8929         
18.2198        0              0              
18.2198        0.0789474      0.372633       
18.2198        0.157895       0.734802       
18.2198        0.236842       1.08694        
18.2198        0.315789       1.42947        
18.2198        0.394737       1.76276        
18.2198        0.473684       2.08717        
18.2198        0.552632       2.40306        
18.2198        0.631579       2.71074        
18.2198        0.710526       3.01052        
18.2198        0.789474       3.30269        
18.2198        0.868421       3.58752        
18.2198        0.947368       3.86527        
18.2198        1.02632        4.13618        
18.2198        1.10526        4.40051        
18.2198        1.18421        4.65846        
18.2198        1.26316        4.91026        
18.2198        1.34211        5.1561         
18.2198        1.42105        5.39619        
18.2198        1.5            5.63071        
18.409         0              0              
18.409         0.0789474      0.355924       
18.409         0.157895       0.701899       
18.409         0.236842       1.03834        
18.409         0.315789       1.36563        
18.409         0.394737       1.68415        
18.409         0.473684       1.99423        
18.409         0.552632       2.29619        
18.409         0.631579       2.59035        
18.409         0.710526       2.877          
18.409         0.789474       3.1564         
18.409         0.868421       3.42882        
18.409         0.947368       3.69451        
18.409         1.02632        3.9537         
18.409         1.10526        4.20662        
18.409         1.18421        4.45348        
18.409         1.26316        4.69448        
18.409         1.34211        4.92981        
18.409         1.42105        5.15967        
18.409         1.5            5.38422        
18.5981        0              0              
18.5981        0.0789474      0.340362       
18.5981        0.157895       0.671242       
18.5981        0.236842       0.993033       
18.5981        0.315789       1.30611        
18.5981        0.394737       1.61081        
18.5981        0.473684       1.90747        
18.5981        0.552632       2.1964         
18.5981        0.631579       2.47788        
18.5981        0.710526       2.7522         
18.5981        0.789474       3.01962        
18.5981        0.868421       3.28038        
18.5981        0.947368       3.53472        
18.5981        1.02632        3.78286        
18.5981        1.10526        4.02503        
18.5981        1.18421        4.26141        
18.5981        1.26316        4.49221        
18.5981        1.34211        4.71761        
18.5981        1.42105        4.93778        
18.5981        1.5            5.1529         
18.7873        0              0              
18.7873        0.0789474      0.325863       
18.7873        0.157895       0.642666       
18.7873        0.236842       0.950784       
18.7873        0.315789       1.25057        
18.7873        0.394737       1.54236        
18.7873        0.473684       1.82646        
18.7873        0.552632       2.10317        
18.7873        0.631579       2.37277        
18.7873        0.710526       2.63552        
18.7873        0.789474       2.89168        
18.7873        0.868421       3.14147        
18.7873        0.947368       3.38514        
18.7873        1.02632        3.62288        
18.7873        1.10526        3.8549         
18.7873        1.18421        4.0814         
18.7873        1.26316        4.30257        
18.7873        1.34211        4.51857        
18.7873        1.42105        4.72958        
18.7873        1.5            4.93576        
18.9764        0              0              
18.9764        0.0789474      0.312334       
18.9764        0.157895       0.61599        
18.9764        0.236842       0.911328       
18.9764        0.315789       1.19869        
18.9764        0.394737       1.47838        
18.9764        0.473684       1.75071        
18.9764        0.552632       2.01597        
18.9764        0.631579       2.27441        
18.9764        0.710526       2.5263         
18.9764        0.789474       2.77186        
18.9764        0.868421       3.01134        
18.9764        0.947368       3.24493        
18.9764        1.02632        3.47286        
18.9764        1.10526        3.69532        
18.9764        1.18421        3.91249        
18.9764        1.26316        4.12454        
18.9764        1.34211        4.33166        
18.9764        1.42105        4.534          
18.9764        1.5            4.73171        
19.1656        0              0              
19.1656        0.0789474      0.299685       
19.1656        0.157895       0.59104        
19.1656        0.236842       0.874409       
19.1656        0.315789       1.15012        
19.1656        0.394737       1.41847        
19.1656        0.473684       1.67976        
19.1656        0.552632       1.93425        
19.1656        0.631579       2.1822         
19.1656        0.710526       2.42386        
19.1656        0.789474       2.65945        
19.1656        0.868421       2.88919        
19.1656        0.947368       3.1133         
19.1656        1.02632        3.33197        
19.1656        1.10526        3.54538        
19.1656        1.18421        3.75373        
19.1656        1.26316        3.95716        
19.1656        1.34211        4.15586        
19.1656        1.42105        4.34998        
19.1656        1.5            4.53965        
19.3547        0              0              
19.3547        0.0789474      0.287833       
19.3547        0.157895       0.567652       
19.3547        0.236842       0.839791       
19.3547        0.315789       1.10456        
19.3547        0.394737       1.36225        
19.3547        0.473684       1.61315        
19.3547        0.552632       1.85751        
19.3547        0.631579       2.09558        
19.3547        0.710526       2.32759        
19.3547        0.789474       2.55378        
19.3547        0.868421       2.77434        
19.3547        0.947368       2.98948        
19.3547        1.02632        3.19939        
19.3547        1.10526        3.40425        
19.3547        1.18421        3.60423        
19.3547        1.26316        3.7995         
19.3547        1.34211        3.99021        
19.3547        1.42105        4.17652        
19.3547        1.5            4.35857        
19.5439        0              0              
19.5439        0.0789474      0.276702       
19.5439        0.157895       0.545681       
19.5439        0.236842       0.807258       
19.5439        0.315789       1.06173        
19.5439        0.394737       1.30939        
19.5439        0.473684       1.55049        
19.5439        0.552632       1.7853         
19.5439        0.631579       2.01404        
19.5439        0.710526       2.23695        
19.5439        0.789474       2.45424        
19.5439        0.868421       2.66612        
19.5439        0.947368       2.87277        
19.5439        1.02632        3.07439        
19.5439        1.10526        3.27114        
19.5439        1.18421        3.46319        
19.5439        1.26316        3.65071        
19.5439        1.34211        3.83384        
19.5439        1.42105        4.01273        
19.5439        1.5            4.18752        
19.733         0              0              
19.733         0.0789474      0.266225       
19.733         0.157895       0.524996       
19.733         0.236842       0.776619       
19.733         0.315789       1.02139        
19.733         0.394737       1.25957        
19.733         0.473684       1.49143        
19.733         0.552632       1.71721        
19.733         0.631579       1.93713        
19.733         0.710526       2.15143        
19.733         0.789474       2.3603         
19.733         0.868421       2.56395        
19.733         0.947368       2.76256        
19.733         1.02632        2.9563         
19.733         1.10526        3.14536        
19.733         1.18421        3.32988        
19.733         1.26316        3.51003        
19.733         1.34211        3.68595        
19.733         1.42105        3.85778        
19.733         1.5            4.02565        
19.9222        0              0              
19.9222        0.0789474      0.256343       
19.9222        0.157895       0.505478       
19.9222        0.236842       0.747702       
19.9222        0.315789       0.983296       
19.9222        0.394737       1.21252        
19.9222        0.473684       1.43564        
19.9222        0.552632       1.65287        
19.9222        0.631579       1.86445        
19.9222        0.710526       2.07058        
19.9222        0.789474       2.27147        
19.9222        0.868421       2.46731        
19.9222        0.947368       2.65828        
19.9222        1.02632        2.84455        
19.9222        1.10526        3.02628        
19.9222        1.18421        3.20365        
19.9222        1.26316        3.37678        
19.9222        1.34211        3.54583        
19.9222        1.42105        3.71093        
19.9222        1.5            3.87221        
20.1113        0              0              
20.1113        0.0789474      0.247003       
20.1113        0.157895       0.487026       
20.1113        0.236842       0.720356       
20.1113        0.315789       0.947266       
20.1113        0.394737       1.16801        
20.1113        0.473684       1.38283        
20.1113        0.552632       1.59196        
20.1113        0.631579       1.79562        
20.1113        0.710526       1.994          
20.1113        0.789474       2.1873         
20.1113        0.868421       2.37572        
20.1113        0.947368       2.55942        
20.1113        1.02632        2.73858        
20.1113        1.10526        2.91335        
20.1113        1.18421        3.08389        
20.1113        1.26316        3.25034        
20.1113        1.34211        3.41283        
20.1113        1.42105        3.57151        
20.1113        1.5            3.7265         
20.3005        0              0              
20.3005        0.0789474      0.238157       
20.3005        0.157895       0.469546       
20.3005        0.236842       0.694445       
20.3005        0.315789       0.913118       
20.3005        0.394737       1.12581        
20.3005        0.473684       1.33276        
20.3005        0.552632       1.5342         
20.3005        0.631579       1.73032        
20.3005        0.710526       1.92133        
20.3005        0.789474       2.10742        
20.3005        0.868421       2.28877        
20.3005        0.947368       2.46556        
20.3005        1.02632        2.63793        
20.3005        1.10526        2.80606        
20.3005        1.18421        2.97009        
20.3005        1.26316        3.13015        
20.3005        1.34211        3.28639        
20.3005        1.42105        3.43893        
20.3005        1.5            3.5879         
20.4896        0              0              
20.4896        0.0789474      0.229765       
20.4896        0.157895       0.452958       
20.4896        0.236842       0.66985        
20.4896        0.315789       0.880696       
20.4896        0.394737       1.08574        
20.4896        0.473684       1.28521        
20.4896        0.552632       1.47931        
20.4896        0.631579       1.66826        
20.4896        0.710526       1.85226        
20.4896        0.789474       2.03147        
20.4896        0.868421       2.20609        
20.4896        0.947368       2.37627        
20.4896        1.02632        2.54218        
20.4896        1.10526        2.70396        
20.4896        1.18421        2.86177        
20.4896        1.26316        3.01573        
20.4896        1.34211        3.16599        
20.4896        1.42105        3.31266        
20.4896        1.5            3.45586        
20.6788        0              0              
20.6788        0.0789474      0.221787       
20.6788        0.157895       0.437187       
20.6788        0.236842       0.646462       
20.6788        0.315789       0.849861       
20.6788        0.394737       1.04762        
20.6788        0.473684       1.23995        
20.6788        0.552632       1.42708        
20.6788        0.631579       1.6092         
20.6788        0.710526       1.78649        
20.6788        0.789474       1.95915        
20.6788        0.868421       2.12733        
20.6788        0.947368       2.29121        
20.6788        1.02632        2.45093        
20.6788        1.10526        2.60665        
20.6788        1.18421        2.75851        
20.6788        1.26316        2.90664        
20.6788        1.34211        3.05116        
20.6788        1.42105        3.1922         
20.6788        1.5            3.32988        
20.8679        0              0              
20.8679        0.0789474      0.214192       
20.8679        0.157895       0.42217        
20.8679        0.236842       0.624187       
20.8679        0.315789       0.820486       
20.8679        0.394737       1.01129        
20.8679        0.473684       1.19683        
20.8679        0.552632       1.37729        
20.8679        0.631579       1.55288        
20.8679        0.710526       1.72378        
20.8679        0.789474       1.89017        
20.8679        0.868421       2.0522         
20.8679        0.947368       2.21005        
20.8679        1.02632        2.36386        
20.8679        1.10526        2.51377        
20.8679        1.18421        2.65993        
20.8679        1.26316        2.80246        
20.8679        1.34211        2.94149        
20.8679        1.42105        3.07714        
20.8679        1.5            3.20952        
21.0571        0              0              
21.0571        0.0789474      0.20695        
21.0571        0.157895       0.407847       
21.0571        0.236842       0.602939       
21.0571        0.315789       0.79246        
21.0571        0.394737       0.976633       
21.0571        0.473684       1.15567        
21.0571        0.552632       1.32977        
21.0571        0.631579       1.49912        
21.0571        0.710526       1.6639         
21.0571        0.789474       1.82428        
21.0571        0.868421       1.98043        
21.0571        0.947368       2.1325         
21.0571        1.02632        2.28064        
21.0571        1.10526        2.42499        
21.0571        1.18421        2.56568        
21.0571        1.26316        2.70285        
21.0571        1.34211        2.8366         
21.0571        1.42105        2.96707        
21.0571        1.5            3.09436        
21.2462        0              0              
21.2462        0.0789474      0.200035       
21.2462        0.157895       0.394168       
21.2462        0.236842       0.582641       
21.2462        0.315789       0.765683       
21.2462        0.394737       0.943511       
21.2462        0.473684       1.11633        
21.2462        0.552632       1.28433        
21.2462        0.631579       1.44771        
21.2462        0.710526       1.60663        
21.2462        0.789474       1.76126        
21.2462        0.868421       1.91177        
21.2462        0.947368       2.05831        
21.2462        1.02632        2.20101        
21.2462        1.10526        2.34002        
21.2462        1.18421        2.47546        
21.2462        1.26316        2.60747        
21.2462        1.34211        2.73616        
21.2462        1.42105        2.86165        
21.2462        1.5            2.98405        
21.4354        0              0              
21.4354        0.0789474      0.193421       
21.4354        0.157895       0.381084       
21.4354        0.236842       0.563224       
21.4354        0.315789       0.740064       
21.4354        0.394737       0.911815       
21.4354        0.473684       1.07868        
21.4354        0.552632       1.24084        
21.4354        0.631579       1.39849        
21.4354        0.710526       1.55179        
21.4354        0.789474       1.70091        
21.4354        0.868421       1.84601        
21.4354        0.947368       1.98723        
21.4354        1.02632        2.1247         
21.4354        1.10526        2.25858        
21.4354        1.18421        2.38899        
21.4354        1.26316        2.51604        
21.4354        1.34211        2.63986        
21.4354        1.42105        2.76056        
21.4354        1.5            2.87824        
21.6245        0              0              
21.6245        0.0789474      0.187089       
21.6245        0.157895       0.368554       
21.6245        0.236842       0.544626       
21.6245        0.315789       0.715521       
21.6245        0.394737       0.881447       
21.6245        0.473684       1.0426         
21.6245        0.552632       1.19916        
21.6245        0.631579       1.35131        
21.6245        0.710526       1.49922        
21.6245        0.789474       1.64305        
21.6245        0.868421       1.78294        
21.6245        0.947368       1.91905        
21.6245        1.02632        2.05151        
21.6245        1.10526        2.18045        
21.6245        1.18421        2.306          
21.6245        1.26316        2.42829        
21.6245        1.34211        2.54741        
21.6245        1.42105        2.6635         
21.6245        1.5            2.77664        
21.8137        0              0              
21.8137        0.0789474      0.181017       
21.8137        0.157895       0.356539       
21.8137        0.236842       0.52679        
21.8137        0.315789       0.691982       
21.8137        0.394737       0.852316       
21.8137        0.473684       1.00798        
21.8137        0.552632       1.15917        
21.8137        0.631579       1.30604        
21.8137        0.710526       1.44876        
21.8137        0.789474       1.58749        
21.8137        0.868421       1.72239        
21.8137        0.947368       1.85358        
21.8137        1.02632        1.98121        
21.8137        1.10526        2.1054         
21.8137        1.18421        2.22628        
21.8137        1.26316        2.34397        
21.8137        1.34211        2.45858        
21.8137        1.42105        2.57021        
21.8137        1.5            2.67898        
22.0028        0              0              
22.0028        0.0789474      0.17519        
22.0028        0.157895       0.345006       
22.0028        0.236842       0.509666       
22.0028        0.315789       0.669378       
22.0028        0.394737       0.824338       
22.0028        0.473684       0.974735       
22.0028        0.552632       1.12074        
22.0028        0.631579       1.26254        
22.0028        0.710526       1.40027        
22.0028        0.789474       1.53411        
22.0028        0.868421       1.66418        
22.0028        0.947368       1.79064        
22.0028        1.02632        1.91361        
22.0028        1.10526        2.03323        
22.0028        1.18421        2.14961        
22.0028        1.26316        2.26287        
22.0028        1.34211        2.37312        
22.0028        1.42105        2.48046        
22.0028        1.5            2.585          
22.192         0              0              
22.192         0.0789474      0.16959        
22.192         0.157895       0.333921       
22.192         0.236842       0.493207       
22.192         0.315789       0.647649       
22.192         0.394737       0.797441       
22.192         0.473684       0.942765       
22.192         0.552632       1.0838         
22.192         0.631579       1.2207         
22.192         0.710526       1.35363        
22.192         0.789474       1.48274        
22.192         0.868421       1.60818        
22.192         0.947368       1.73008        
22.192         1.02632        1.84856        
22.192         1.10526        1.96377        
22.192         1.18421        2.0758         
22.192         1.26316        2.18478        
22.192         1.34211        2.29082        
22.192         1.42105        2.39402        
22.192         1.5            2.49448        
22.3812        0              0              
22.3812        0.0789474      0.164204       
22.3812        0.157895       0.323258       
22.3812        0.236842       0.47737        
22.3812        0.315789       0.62674        
22.3812        0.394737       0.771554       
22.3812        0.473684       0.911993       
22.3812        0.552632       1.04823        
22.3812        0.631579       1.18042        
22.3812        0.710526       1.30872        
22.3812        0.789474       1.43328        
22.3812        0.868421       1.55424        
22.3812        0.947368       1.67174        
22.3812        1.02632        1.7859         
22.3812        1.10526        1.89684        
22.3812        1.18421        2.00468        
22.3812        1.26316        2.10953        
22.3812        1.34211        2.2115         
22.3812        1.42105        2.3107         
22.3812        1.5            2.40721        
22.5703        0              0              
22.5703        0.0789474      0.159018       
22.5703        0.157895       0.312989       
22.5703        0.236842       0.462118       
22.5703        0.315789       0.6066         
22.5703        0.394737       0.746617       
22.5703        0.473684       0.882347       
22.5703        0.552632       1.01395        
22.5703        0.631579       1.1416         
22.5703        0.710526       1.26544        
22.5703        0.789474       1.38561        
22.5703        0.868421       1.50225        
22.5703        0.947368       1.61549        
22.5703        1.02632        1.72547        
22.5703        1.10526        1.83229        
22.5703        1.18421        1.93608        
22.5703        1.26316        2.03694        
22.5703        1.34211        2.13498        
22.5703        1.42105        2.2303         
22.5703        1.5            2.323          
22.7595        0              0              
22.7595        0.0789474      0.154019       
22.7595        0.157895       0.303091       
22.7595        0.236842       0.447415       
22.7595        0.315789       0.587182       
22.7595        0.394737       0.722573       
22.7595        0.473684       0.853758       
22.7595        0.552632       0.980901       
22.7595        0.631579       1.10416        
22.7595        0.710526       1.22368        
22.7595        0.789474       1.33961        
22.7595        0.868421       1.45208        
22.7595        0.947368       1.56122        
22.7595        1.02632        1.66715        
22.7595        1.10526        1.76999        
22.7595        1.18421        1.86986        
22.7595        1.26316        1.96686        
22.7595        1.34211        2.0611         
22.7595        1.42105        2.15267        
22.7595        1.5            2.24167        
22.9486        0              0              
22.9486        0.0789474      0.149197       
22.9486        0.157895       0.293542       
22.9486        0.236842       0.433229       
22.9486        0.315789       0.568446       
22.9486        0.394737       0.699368       
22.9486        0.473684       0.826164       
22.9486        0.552632       0.948996       
22.9486        0.631579       1.06802        
22.9486        0.710526       1.18337        
22.9486        0.789474       1.2952         
22.9486        0.868421       1.40363        
22.9486        0.947368       1.5088         
22.9486        1.02632        1.61082        
22.9486        1.10526        1.70981        
22.9486        1.18421        1.80588        
22.9486        1.26316        1.89914        
22.9486        1.34211        1.9897         
22.9486        1.42105        2.07763        
22.9486        1.5            2.16305        
23.1378        0              0              
23.1378        0.0789474      0.144542       
23.1378        0.157895       0.284322       
23.1378        0.236842       0.41953        
23.1378        0.315789       0.55035        
23.1378        0.394737       0.676955       
23.1378        0.473684       0.79951        
23.1378        0.552632       0.918173       
23.1378        0.631579       1.03309        
23.1378        0.710526       1.14442        
23.1378        0.789474       1.25228        
23.1378        0.868421       1.3568         
23.1378        0.947368       1.45813        
23.1378        1.02632        1.55636        
23.1378        1.10526        1.65163        
23.1378        1.18421        1.74402        
23.1378        1.26316        1.83367        
23.1378        1.34211        1.92065        
23.1378        1.42105        2.00507        
23.1378        1.5            2.08701        
23.3269        0              0              
23.3269        0.0789474      0.140044       
23.3269        0.157895       0.275412       
23.3269        0.236842       0.406291       
23.3269        0.315789       0.532861       
23.3269        0.394737       0.655291       
23.3269        0.473684       0.773743       
23.3269        0.552632       0.888373       
23.3269        0.631579       0.999327       
23.3269        0.710526       1.10675        
23.3269        0.789474       1.21077        
23.3269        0.868421       1.31151        
23.3269        0.947368       1.40911        
23.3269        1.02632        1.50368        
23.3269        1.10526        1.59533        
23.3269        1.18421        1.68417        
23.3269        1.26316        1.7703         
23.3269        1.34211        1.85382        
23.3269        1.42105        1.93482        
23.3269        1.5            2.0134         
23.5161        0              0              
23.5161        0.0789474      0.135694       
23.5161        0.157895       0.266795       
23.5161        0.236842       0.393487       
23.5161        0.315789       0.515944       
23.5161        0.394737       0.634334       
23.5161        0.473684       0.748815       
23.5161        0.552632       0.85954        
23.5161        0.631579       0.966653       
23.5161        0.710526       1.07029        
23.5161        0.789474       1.17059        
23.5161        0.868421       1.26768        
23.5161        0.947368       1.36167        
23.5161        1.02632        1.45268        
23.5161        1.10526        1.54083        
23.5161        1.18421        1.62621        
23.5161        1.26316        1.70894        
23.5161        1.34211        1.7891         
23.5161        1.42105        1.86679        
23.5161        1.5            1.9421         
23.7052        0              0              
23.7052        0.0789474      0.131486       
23.7052        0.157895       0.258457       
23.7052        0.236842       0.381094       
23.7052        0.315789       0.499569       
23.7052        0.394737       0.614046       
23.7052        0.473684       0.724681       
23.7052        0.552632       0.831623       
23.7052        0.631579       0.935014       
23.7052        0.710526       1.03499        
23.7052        0.789474       1.13168        
23.7052        0.868421       1.22522        
23.7052        0.947368       1.31571        
23.7052        1.02632        1.40328        
23.7052        1.10526        1.48802        
23.7052        1.18421        1.57006        
23.7052        1.26316        1.64947        
23.7052        1.34211        1.72637        
23.7052        1.42105        1.80085        
23.7052        1.5            1.87298        
23.8944        0              0              
23.8944        0.0789474      0.12741        
23.8944        0.157895       0.250381       
23.8944        0.236842       0.369091       
23.8944        0.315789       0.483708       
23.8944        0.394737       0.594393       
23.8944        0.473684       0.701299       
23.8944        0.552632       0.804574       
23.8944        0.631579       0.904357       
23.8944        0.710526       1.00078        
23.8944        0.789474       1.09398        
23.8944        0.868421       1.18406        
23.8944        0.947368       1.27116        
23.8944        1.02632        1.35538        
23.8944        1.10526        1.43683        
23.8944        1.18421        1.5156         
23.8944        1.26316        1.59181        
23.8944        1.34211        1.66555        
23.8944        1.42105        1.73689        
23.8944        1.5            1.80594        
24.0835        0              0              
24.0835        0.0789474      0.12346        
24.0835        0.157895       0.242555       
24.0835        0.236842       0.357458       
24.0835        0.315789       0.468334       
24.0835        0.394737       0.575342       
24.0835        0.473684       0.678633       
24.0835        0.552632       0.77835        
24.0835        0.631579       0.874631       
24.0835        0.710526       0.967609       
24.0835        0.789474       1.05741        
24.0835        0.868421       1.14415        
24.0835        0.947368       1.22795        
24.0835        1.02632        1.30892        
24.0835        1.10526        1.38716        
24.0835        1.18421        1.46278        
24.0835        1.26316        1.53587        
24.0835        1.34211        1.60652        
24.0835        1.42105        1.67483        
24.0835        1.5            1.74088        
24.2727        0              0              
24.2727        0.0789474      0.119631       
24.2727        0.157895       0.234966       
24.2727        0.236842       0.346176       
24.2727        0.315789       0.453423       
24.2727        0.394737       0.556864       
24.2727        0.473684       0.656645       
24.2727        0.552632       0.752909       
24.2727        0.631579       0.845791       
24.2727        0.710526       0.935422       
24.2727        0.789474       1.02192        
24.2727        0.868421       1.10542        
24.2727        0.947368       1.18601        
24.2727        1.02632        1.26382        
24.2727        1.10526        1.33895        
24.2727        1.18421        1.41149        
24.2727        1.26316        1.48155        
24.2727        1.34211        1.54921        
24.2727        1.42105        1.61456        
24.2727        1.5            1.67769        
24.4618        0              0              
24.4618        0.0789474      0.115915       
24.4618        0.157895       0.227602       
24.4618        0.236842       0.335228       
24.4618        0.315789       0.438953       
24.4618        0.394737       0.53893        
24.4618        0.473684       0.635303       
24.4618        0.552632       0.728214       
24.4618        0.631579       0.817794       
24.4618        0.710526       0.904173       
24.4618        0.789474       0.98747        
24.4618        0.868421       1.0678         
24.4618        0.947368       1.14529        
24.4618        1.02632        1.22003        
24.4618        1.10526        1.29212        
24.4618        1.18421        1.36168        
24.4618        1.26316        1.42878        
24.4618        1.34211        1.49353        
24.4618        1.42105        1.55601        
24.4618        1.5            1.61629        
24.651         0              0              
24.651         0.0789474      0.112308       
24.651         0.157895       0.220453       
24.651         0.236842       0.324599       
24.651         0.315789       0.424903       
24.651         0.394737       0.521514       
24.651         0.473684       0.614577       
24.651         0.552632       0.704229       
24.651         0.631579       0.7906         
24.651         0.710526       0.873817       
24.651         0.789474       0.953999       
24.651         0.868421       1.03126        
24.651         0.947368       1.10572        
24.651         1.02632        1.17747        
24.651         1.10526        1.24662        
24.651         1.18421        1.31326        
24.651         1.26316        1.3775         
24.651         1.34211        1.43941        
24.651         1.42105        1.49908        
24.651         1.5            1.55661        
24.8401        0              0              
24.8401        0.0789474      0.108805       
24.8401        0.157895       0.213509       
24.8401        0.236842       0.314273       
24.8401        0.315789       0.411251       
24.8401        0.394737       0.504593       
24.8401        0.473684       0.594437       
24.8401        0.552632       0.68092        
24.8401        0.631579       0.764171       
24.8401        0.710526       0.844313       
24.8401        0.789474       0.921466       
24.8401        0.868421       0.995741       
24.8401        0.947368       1.06725        
24.8401        1.02632        1.13609        
24.8401        1.10526        1.20237        
24.8401        1.18421        1.26619        
24.8401        1.26316        1.32762        
24.8401        1.34211        1.38677        
24.8401        1.42105        1.44372        
24.8401        1.5            1.49855        
25.0293        0              0              
25.0293        0.0789474      0.1054         
25.0293        0.157895       0.206759       
25.0293        0.236842       0.304236       
25.0293        0.315789       0.397982       
25.0293        0.394737       0.488142       
25.0293        0.473684       0.574857       
25.0293        0.552632       0.658258       
25.0293        0.631579       0.738472       
25.0293        0.710526       0.815623       
25.0293        0.789474       0.889826       
25.0293        0.868421       0.961194       
25.0293        0.947368       1.02983        
25.0293        1.02632        1.09585        
25.0293        1.10526        1.15933        
25.0293        1.18421        1.22039        
25.0293        1.26316        1.2791         
25.0293        1.34211        1.33556        
25.0293        1.42105        1.38985        
25.0293        1.5            1.44205        
25.2184        0              0              
25.2184        0.0789474      0.10209        
25.2184        0.157895       0.200196       
25.2184        0.236842       0.294475       
25.2184        0.315789       0.385076       
25.2184        0.394737       0.472142       
25.2184        0.473684       0.555811       
25.2184        0.552632       0.636212       
25.2184        0.631579       0.713472       
25.2184        0.710526       0.787709       
25.2184        0.789474       0.859041       
25.2184        0.868421       0.927576       
25.2184        0.947368       0.993422       
25.2184        1.02632        1.05668        
25.2184        1.10526        1.11744        
25.2184        1.18421        1.17581        
25.2184        1.26316        1.23187        
25.2184        1.34211        1.2857         
25.2184        1.42105        1.3374         
25.2184        1.5            1.38704        
25.4076        0              0              
25.4076        0.0789474      0.098869       
25.4076        0.157895       0.19381        
25.4076        0.236842       0.284978       
25.4076        0.315789       0.372518       
25.4076        0.394737       0.456573       
25.4076        0.473684       0.537276       
25.4076        0.552632       0.614756       
25.4076        0.631579       0.689138       
25.4076        0.710526       0.760539       
25.4076        0.789474       0.829073       
25.4076        0.868421       0.894849       
25.4076        0.947368       0.957972       
25.4076        1.02632        1.01854        
25.4076        1.10526        1.07665        
25.4076        1.18421        1.1324         
25.4076        1.26316        1.18587        
25.4076        1.34211        1.23715        
25.4076        1.42105        1.28632        
25.4076        1.5            1.33345        
25.5967        0              0              
25.5967        0.0789474      0.0957343      
25.5967        0.157895       0.187595       
25.5967        0.236842       0.275733       
25.5967        0.315789       0.360293       
25.5967        0.394737       0.441414       
25.5967        0.473684       0.519229       
25.5967        0.552632       0.593864       
25.5967        0.631579       0.665442       
25.5967        0.710526       0.734079       
25.5967        0.789474       0.799887       
25.5967        0.868421       0.862974       
25.5967        0.947368       0.923443       
25.5967        1.02632        0.981391       
25.5967        1.10526        1.03692        
25.5967        1.18421        1.09011        
25.5967        1.26316        1.14105        
25.5967        1.34211        1.18983        
25.5967        1.42105        1.23654        
25.5967        1.5            1.28123        
25.7859        0              0              
25.7859        0.0789474      0.0926821      
25.7859        0.157895       0.181542       
25.7859        0.236842       0.26673        
25.7859        0.315789       0.348387       
25.7859        0.394737       0.42665        
25.7859        0.473684       0.501651       
25.7859        0.552632       0.573513       
25.7859        0.631579       0.642358       
25.7859        0.710526       0.7083         
25.7859        0.789474       0.771451       
25.7859        0.868421       0.831915       
25.7859        0.947368       0.889795       
25.7859        1.02632        0.945188       
25.7859        1.10526        0.998188       
25.7859        1.18421        1.04889        
25.7859        1.26316        1.09737        
25.7859        1.34211        1.14371        
25.7859        1.42105        1.18801        
25.7859        1.5            1.23032        
25.975         0              0              
25.975         0.0789474      0.0897087      
25.975         0.157895       0.175646       
25.975         0.236842       0.257958       
25.975         0.315789       0.336786       
25.975         0.394737       0.412264       
25.975         0.473684       0.484521       
25.975         0.552632       0.55368        
25.975         0.631579       0.61986        
25.975         0.710526       0.683174       
25.975         0.789474       0.743732       
25.975         0.868421       0.801638       
25.975         0.947368       0.856993       
25.975         1.02632        0.909892       
25.975         1.10526        0.960429       
25.975         1.18421        1.00869        
25.975         1.26316        1.05477        
25.975         1.34211        1.09874        
25.975         1.42105        1.14068        
25.975         1.5            1.18067        
26.1642        0              0              
26.1642        0.0789474      0.0868109      
26.1642        0.157895       0.169899       
26.1642        0.236842       0.249408       
26.1642        0.315789       0.325478       
26.1642        0.394737       0.39824        
26.1642        0.473684       0.467821       
26.1642        0.552632       0.534343       
26.1642        0.631579       0.597923       
26.1642        0.710526       0.658674       
26.1642        0.789474       0.716702       
26.1642        0.868421       0.772112       
26.1642        0.947368       0.825001       
26.1642        1.02632        0.875467       
26.1642        1.10526        0.923599       
26.1642        1.18421        0.969486       
26.1642        1.26316        1.01321        
26.1642        1.34211        1.05486        
26.1642        1.42105        1.0945         
26.1642        1.5            1.13222        
26.3533        0              0              
26.3533        0.0789474      0.0839856      
26.3533        0.157895       0.164295       
26.3533        0.236842       0.241072       
26.3533        0.315789       0.31445        
26.3533        0.394737       0.384563       
26.3533        0.473684       0.451533       
26.3533        0.552632       0.515483       
26.3533        0.631579       0.576527       
26.3533        0.710526       0.634775       
26.3533        0.789474       0.690334       
26.3533        0.868421       0.743306       
26.3533        0.947368       0.793789       
26.3533        1.02632        0.841877       
26.3533        1.10526        0.88766        
26.3533        1.18421        0.931226       
26.3533        1.26316        0.972658       
26.3533        1.34211        1.01204        
26.3533        1.42105        1.04944        
26.3533        1.5            1.08494        
26.5425        0              0              
26.5425        0.0789474      0.08123        
26.5425        0.157895       0.15883        
26.5425        0.236842       0.232939       
26.5425        0.315789       0.303693       
26.5425        0.394737       0.371219       
26.5425        0.473684       0.435643       
26.5425        0.552632       0.497081       
26.5425        0.631579       0.555648       
26.5425        0.710526       0.611453       
26.5425        0.789474       0.664601       
26.5425        0.868421       0.715193       
26.5425        0.947368       0.763325       
26.5425        1.02632        0.809091       
26.5425        1.10526        0.852579       
26.5425        1.18421        0.893877       
26.5425        1.26316        0.933066       
26.5425        1.34211        0.970226       
26.5425        1.42105        1.00543        
26.5425        1.5            1.03876        
26.7316        0              0              
26.7316        0.0789474      0.0785413      
26.7316        0.157895       0.153496       
26.7316        0.236842       0.225003       
26.7316        0.315789       0.293194       
26.7316        0.394737       0.358197       
26.7316        0.473684       0.420133       
26.7316        0.552632       0.479119       
26.7316        0.631579       0.535267       
26.7316        0.710526       0.588686       
26.7316        0.789474       0.639479       
26.7316        0.868421       0.687745       
26.7316        0.947368       0.73358        
26.7316        1.02632        0.777077       
26.7316        1.10526        0.818323       
26.7316        1.18421        0.857403       
26.7316        1.26316        0.8944         
26.7316        1.34211        0.929392       
26.7316        1.42105        0.962453       
26.7316        1.5            0.993658       
26.9208        0              0              
26.9208        0.0789474      0.075917       
26.9208        0.157895       0.14829        
26.9208        0.236842       0.217256       
26.9208        0.315789       0.282945       
26.9208        0.394737       0.345483       
26.9208        0.473684       0.404989       
26.9208        0.552632       0.46158        
26.9208        0.631579       0.515365       
26.9208        0.710526       0.566453       
26.9208        0.789474       0.614944       
26.9208        0.868421       0.660938       
26.9208        0.947368       0.704528       
26.9208        1.02632        0.745807       
26.9208        1.10526        0.78486        
26.9208        1.18421        0.821773       
26.9208        1.26316        0.856625       
26.9208        1.34211        0.889496       
26.9208        1.42105        0.920459       
26.9208        1.5            0.949587       
27.1099        0              0              
27.1099        0.0789474      0.0733544      
27.1099        0.157895       0.143207       
27.1099        0.236842       0.209691       
27.1099        0.315789       0.272936       
27.1099        0.394737       0.333065       
27.1099        0.473684       0.390198       
27.1099        0.552632       0.444448       
27.1099        0.631579       0.495925       
27.1099        0.710526       0.544733       
27.1099        0.789474       0.590975       
27.1099        0.868421       0.634747       
27.1099        0.947368       0.676142       
27.1099        1.02632        0.715252       
27.1099        1.10526        0.752161       
27.1099        1.18421        0.786953       
27.1099        1.26316        0.819709       
27.1099        1.34211        0.850504       
27.1099        1.42105        0.879414       
27.1099        1.5            0.90651        
27.2991        0              0              
27.2991        0.0789474      0.0708515      
27.2991        0.157895       0.138241       
27.2991        0.236842       0.2023         
27.2991        0.315789       0.263157       
27.2991        0.394737       0.320933       
27.2991        0.473684       0.375746       
27.2991        0.552632       0.427708       
27.2991        0.631579       0.476928       
27.2991        0.710526       0.523509       
27.2991        0.789474       0.567551       
27.2991        0.868421       0.60915        
27.2991        0.947368       0.648399       
27.2991        1.02632        0.685386       
27.2991        1.10526        0.720198       
27.2991        1.18421        0.752915       
27.2991        1.26316        0.783619       
27.2991        1.34211        0.812384       
27.2991        1.42105        0.839284       
27.2991        1.5            0.86439        
27.4882        0              0              
27.4882        0.0789474      0.0684059      
27.4882        0.157895       0.133388       
27.4882        0.236842       0.195078       
27.4882        0.315789       0.253601       
27.4882        0.394737       0.309077       
27.4882        0.473684       0.361622       
27.4882        0.552632       0.411347       
27.4882        0.631579       0.458359       
27.4882        0.710526       0.502761       
27.4882        0.789474       0.544651       
27.4882        0.868421       0.584125       
27.4882        0.947368       0.621274       
27.4882        1.02632        0.656185       
27.4882        1.10526        0.688944       
27.4882        1.18421        0.719631       
27.4882        1.26316        0.748326       
27.4882        1.34211        0.775103       
27.4882        1.42105        0.800036       
27.4882        1.5            0.823194       
27.6774        0              0              
27.6774        0.0789474      0.0660156      
27.6774        0.157895       0.128645       
27.6774        0.236842       0.188019       
27.6774        0.315789       0.244259       
27.6774        0.394737       0.297486       
27.6774        0.473684       0.347813       
27.6774        0.552632       0.39535        
27.6774        0.631579       0.440203       
27.6774        0.710526       0.482473       
27.6774        0.789474       0.522258       
27.6774        0.868421       0.559652       
27.6774        0.947368       0.594745       
27.6774        1.02632        0.627625       
27.6774        1.10526        0.658374       
27.6774        1.18421        0.687074       
27.6774        1.26316        0.713803       
27.6774        1.34211        0.738634       
27.6774        1.42105        0.761639       
27.6774        1.5            0.782889       
27.8665        0              0              
27.8665        0.0789474      0.0636785      
27.8665        0.157895       0.124008       
27.8665        0.236842       0.181116       
27.8665        0.315789       0.235124       
27.8665        0.394737       0.28615        
27.8665        0.473684       0.334308       
27.8665        0.552632       0.379704       
27.8665        0.631579       0.422444       
27.8665        0.710526       0.462629       
27.8665        0.789474       0.500353       
27.8665        0.868421       0.535712       
27.8665        0.947368       0.568793       
27.8665        1.02632        0.599683       
27.8665        1.10526        0.628466       
27.8665        1.18421        0.655219       
27.8665        1.26316        0.680021       
27.8665        1.34211        0.702946       
27.8665        1.42105        0.724064       
27.8665        1.5            0.743445       
28.0557        0              0              
28.0557        0.0789474      0.0613929      
28.0557        0.157895       0.119472       
28.0557        0.236842       0.174364       
28.0557        0.315789       0.226189       
28.0557        0.394737       0.275062       
28.0557        0.473684       0.321096       
28.0557        0.552632       0.364398       
28.0557        0.631579       0.40507        
28.0557        0.710526       0.443212       
28.0557        0.789474       0.47892        
28.0557        0.868421       0.512286       
28.0557        0.947368       0.543397       
28.0557        1.02632        0.572339       
28.0557        1.10526        0.599194       
28.0557        1.18421        0.624042       
28.0557        1.26316        0.646957       
28.0557        1.34211        0.668014       
28.0557        1.42105        0.687283       
28.0557        1.5            0.704832       
28.2448        0              0              
28.2448        0.0789474      0.059157       
28.2448        0.157895       0.115035       
28.2448        0.236842       0.167758       
28.2448        0.315789       0.217446       
28.2448        0.394737       0.264212       
28.2448        0.473684       0.308168       
28.2448        0.552632       0.349419       
28.2448        0.631579       0.388067       
28.2448        0.710526       0.42421        
28.2448        0.789474       0.457943       
28.2448        0.868421       0.489356       
28.2448        0.947368       0.518538       
28.2448        1.02632        0.545572       
28.2448        1.10526        0.570539       
28.2448        1.18421        0.593519       
28.2448        1.26316        0.614585       
28.2448        1.34211        0.633812       
28.2448        1.42105        0.651268       
28.2448        1.5            0.667021       
28.434         0              0              
28.434         0.0789474      0.056969       
28.434         0.157895       0.110693       
28.434         0.236842       0.161293       
28.434         0.315789       0.208889       
28.434         0.394737       0.253593       
28.434         0.473684       0.295513       
28.434         0.552632       0.334756       
28.434         0.631579       0.371422       
28.434         0.710526       0.405607       
28.434         0.789474       0.437405       
28.434         0.868421       0.466906       
28.434         0.947368       0.494198       
28.434         1.02632        0.519362       
28.434         1.10526        0.54248        
28.434         1.18421        0.563629       
28.434         1.26316        0.582883       
28.434         1.34211        0.600316       
28.434         1.42105        0.615995       
28.434         1.5            0.629988       
28.6231        0              0              
28.6231        0.0789474      0.0548273      
28.6231        0.157895       0.106442       
28.6231        0.236842       0.154965       
28.6231        0.315789       0.200512       
28.6231        0.394737       0.243196       
28.6231        0.473684       0.283124       
28.6231        0.552632       0.3204         
28.6231        0.631579       0.355123       
28.6231        0.710526       0.38739        
28.6231        0.789474       0.417293       
28.6231        0.868421       0.444921       
28.6231        0.947368       0.470359       
28.6231        1.02632        0.493691       
28.6231        1.10526        0.514996       
28.6231        1.18421        0.534351       
28.6231        1.26316        0.551829       
28.6231        1.34211        0.567502       
28.6231        1.42105        0.581439       
28.6231        1.5            0.593706       
28.8123        0              0              
28.8123        0.0789474      0.0527304      
28.8123        0.157895       0.10228        
28.8123        0.236842       0.148767       
28.8123        0.315789       0.192309       
28.8123        0.394737       0.233014       
28.8123        0.473684       0.27099        
28.8123        0.552632       0.306339       
28.8123        0.631579       0.33916        
28.8123        0.710526       0.369547       
28.8123        0.789474       0.397592       
28.8123        0.868421       0.423384       
28.8123        0.947368       0.447007       
28.8123        1.02632        0.468542       
28.8123        1.10526        0.48807        
28.8123        1.18421        0.505665       
28.8123        1.26316        0.521401       
28.8123        1.34211        0.535349       
28.8123        1.42105        0.547577       
28.8123        1.5            0.558151       
29.0014        0              0              
29.0014        0.0789474      0.0506768      
29.0014        0.157895       0.0982034      
29.0014        0.236842       0.142698       
29.0014        0.315789       0.184274       
29.0014        0.394737       0.223041       
29.0014        0.473684       0.259104       
29.0014        0.552632       0.292565       
29.0014        0.631579       0.323521       
29.0014        0.710526       0.352065       
29.0014        0.789474       0.37829        
29.0014        0.868421       0.402281       
29.0014        0.947368       0.424124       
29.0014        1.02632        0.443898       
29.0014        1.10526        0.461683       
29.0014        1.18421        0.477552       
29.0014        1.26316        0.49158        
29.0014        1.34211        0.503836       
29.0014        1.42105        0.514387       
29.0014        1.5            0.523299       
29.1906        0              0              
29.1906        0.0789474      0.0486651      
29.1906        0.157895       0.09421        
29.1906        0.236842       0.136751       
29.1906        0.315789       0.176402       
29.1906        0.394737       0.213269       
29.1906        0.473684       0.247458       
29.1906        0.552632       0.279067       
29.1906        0.631579       0.308195       
29.1906        0.710526       0.334934       
29.1906        0.789474       0.359373       
29.1906        0.868421       0.3816         
29.1906        0.947368       0.401696       
29.1906        1.02632        0.419743       
29.1906        1.10526        0.435818       
29.1906        1.18421        0.449995       
29.1906        1.26316        0.462347       
29.1906        1.34211        0.472942       
29.1906        1.42105        0.481848       
29.1906        1.5            0.48913        
29.3797        0              0              
29.3797        0.0789474      0.046694       
29.3797        0.157895       0.090297       
29.3797        0.236842       0.130924       
29.3797        0.315789       0.168687       
29.3797        0.394737       0.203693       
29.3797        0.473684       0.236043       
29.3797        0.552632       0.265838       
29.3797        0.631579       0.293174       
29.3797        0.710526       0.318142       
29.3797        0.789474       0.34083        
29.3797        0.868421       0.361325       
29.3797        0.947368       0.379709       
29.3797        1.02632        0.396062       
29.3797        1.10526        0.410459       
29.3797        1.18421        0.422976       
29.3797        1.26316        0.433683       
29.3797        1.34211        0.442649       
29.3797        1.42105        0.44994        
29.3797        1.5            0.455622       
29.5689        0              0              
29.5689        0.0789474      0.0447622      
29.5689        0.157895       0.0864619      
29.5689        0.236842       0.125213       
29.5689        0.315789       0.161125       
29.5689        0.394737       0.194305       
29.5689        0.473684       0.224854       
29.5689        0.552632       0.25287        
29.5689        0.631579       0.278447       
29.5689        0.710526       0.301678       
29.5689        0.789474       0.322649       
29.5689        0.868421       0.341445       
29.5689        0.947368       0.358149       
29.5689        1.02632        0.372839       
29.5689        1.10526        0.385591       
29.5689        1.18421        0.396477       
29.5689        1.26316        0.40557        
29.5689        1.34211        0.412937       
29.5689        1.42105        0.418644       
29.5689        1.5            0.422754       
29.758         0              0              
29.758         0.0789474      0.0428685      
29.758         0.157895       0.0827021      
29.758         0.236842       0.119614       
29.758         0.315789       0.153712       
29.758         0.394737       0.185101       
29.758         0.473684       0.213882       
29.758         0.552632       0.240153       
29.758         0.631579       0.264006       
29.758         0.710526       0.285532       
29.758         0.789474       0.304818       
29.758         0.868421       0.321948       
29.758         0.947368       0.337004       
29.758         1.02632        0.350061       
29.758         1.10526        0.361198       
29.758         1.18421        0.370485       
29.758         1.26316        0.377993       
29.758         1.34211        0.383789       
29.758         1.42105        0.38794        
29.758         1.5            0.390507       
29.9472        0              0              
29.9472        0.0789474      0.0410117      
29.9472        0.157895       0.0790154      
29.9472        0.236842       0.114123       
29.9472        0.315789       0.146441       
29.9472        0.394737       0.176074       
29.9472        0.473684       0.203122       
29.9472        0.552632       0.22768        
29.9472        0.631579       0.249841       
29.9472        0.710526       0.269695       
29.9472        0.789474       0.287328       
29.9472        0.868421       0.302823       
29.9472        0.947368       0.316259       
29.9472        1.02632        0.327716       
29.9472        1.10526        0.337266       
29.9472        1.18421        0.344982       
29.9472        1.26316        0.350934       
29.9472        1.34211        0.355189       
29.9472        1.42105        0.357811       
29.9472        1.5            0.358864       
30.1363        0              0              
30.1363        0.0789474      0.0391907      
30.1363        0.157895       0.0753997      
30.1363        0.236842       0.108737       
30.1363        0.315789       0.13931        
30.1363        0.394737       0.16722        
30.1363        0.473684       0.192566       
30.1363        0.552632       0.215444       
30.1363        0.631579       0.235945       
30.1363        0.710526       0.254158       
30.1363        0.789474       0.270168       
30.1363        0.868421       0.284057       
30.1363        0.947368       0.295905       
30.1363        1.02632        0.305789       
30.1363        1.10526        0.313782       
30.1363        1.18421        0.319956       
30.1363        1.26316        0.32438        
30.1363        1.34211        0.32712        
30.1363        1.42105        0.328241       
30.1363        1.5            0.327805       
30.3255        0              0              
30.3255        0.0789474      0.0374044      
30.3255        0.157895       0.0718526      
30.3255        0.236842       0.103454       
30.3255        0.315789       0.132314       
30.3255        0.394737       0.158533       
30.3255        0.473684       0.18221        
30.3255        0.552632       0.203438       
30.3255        0.631579       0.22231        
30.3255        0.710526       0.238911       
30.3255        0.789474       0.253328       
30.3255        0.868421       0.265641       
30.3255        0.947368       0.275929       
30.3255        1.02632        0.284268       
30.3255        1.10526        0.290732       
30.3255        1.18421        0.295391       
30.3255        1.26316        0.298314       
30.3255        1.34211        0.299567       
30.3255        1.42105        0.299213       
30.3255        1.5            0.297315       
30.5146        0              0              
30.5146        0.0789474      0.0356518      
30.5146        0.157895       0.0683723      
30.5146        0.236842       0.0982698      
30.5146        0.315789       0.125448       
30.5146        0.394737       0.150008       
30.5146        0.473684       0.172046       
30.5146        0.552632       0.191656       
30.5146        0.631579       0.208927       
30.5146        0.710526       0.223947       
30.5146        0.789474       0.236799       
30.5146        0.868421       0.247564       
30.5146        0.947368       0.25632        
30.5146        1.02632        0.263142       
30.5146        1.10526        0.268104       
30.5146        1.18421        0.271275       
30.5146        1.26316        0.272724       
30.5146        1.34211        0.272515       
30.5146        1.42105        0.270712       
30.5146        1.5            0.267376       
30.7038        0              0              
30.7038        0.0789474      0.0339319      
30.7038        0.157895       0.0649568      
30.7038        0.236842       0.0931819      
30.7038        0.315789       0.11871        
30.7038        0.394737       0.141641       
30.7038        0.473684       0.16207        
30.7038        0.552632       0.18009        
30.7038        0.631579       0.19579        
30.7038        0.710526       0.209256       
30.7038        0.789474       0.220572       
30.7038        0.868421       0.229816       
30.7038        0.947368       0.237067       
30.7038        1.02632        0.2424         
30.7038        1.10526        0.245886       
30.7038        1.18421        0.247595       
30.7038        1.26316        0.247594       
30.7038        1.34211        0.245949       
30.7038        1.42105        0.242722       
30.7038        1.5            0.237974       
30.8929        0              0              
30.8929        0.0789474      0.0322437      
30.8929        0.157895       0.0616042      
30.8929        0.236842       0.0881875      
30.8929        0.315789       0.112096       
30.8929        0.394737       0.133427       
30.8929        0.473684       0.152276       
30.8929        0.552632       0.168735       
30.8929        0.631579       0.182892       
30.8929        0.710526       0.194832       
30.8929        0.789474       0.204638       
30.8929        0.868421       0.212389       
30.8929        0.947368       0.218162       
30.8929        1.02632        0.22203        
30.8929        1.10526        0.224066       
30.8929        1.18421        0.224338       
30.8929        1.26316        0.222914       
30.8929        1.34211        0.219857       
30.8929        1.42105        0.21523        
30.8929        1.5            0.209093       
31.0821        0              0              
31.0821        0.0789474      0.0305864      
31.0821        0.157895       0.0583128      
31.0821        0.236842       0.0832839      
31.0821        0.315789       0.105601       
31.0821        0.394737       0.125361       
31.0821        0.473684       0.142659       
31.0821        0.552632       0.157584       
31.0821        0.631579       0.170226       
31.0821        0.710526       0.180667       
31.0821        0.789474       0.18899        
31.0821        0.868421       0.195273       
31.0821        0.947368       0.199593       
31.0821        1.02632        0.202022       
31.0821        1.10526        0.202633       
31.0821        1.18421        0.201493       
31.0821        1.26316        0.198669       
31.0821        1.34211        0.194224       
31.0821        1.42105        0.188221       
31.0821        1.5            0.180719       
31.2712        0              0              
31.2712        0.0789474      0.028959       
31.2712        0.157895       0.0550807      
31.2712        0.236842       0.0784686      
31.2712        0.315789       0.099223       
31.2712        0.394737       0.11744        
31.2712        0.473684       0.133213       
31.2712        0.552632       0.146633       
31.2712        0.631579       0.157785       
31.2712        0.710526       0.166753       
31.2712        0.789474       0.173619       
31.2712        0.868421       0.17846        
31.2712        0.947368       0.181351       
31.2712        1.02632        0.182367       
31.2712        1.10526        0.181576       
31.2712        1.18421        0.179048       
31.2712        1.26316        0.174848       
31.2712        1.34211        0.169038       
31.2712        1.42105        0.161682       
31.2712        1.5            0.152837       
31.4604        0              0              
31.4604        0.0789474      0.0273609      
31.4604        0.157895       0.0519063      
31.4604        0.236842       0.0737391      
31.4604        0.315789       0.0929584      
31.4604        0.394737       0.10966        
31.4604        0.473684       0.123935       
31.4604        0.552632       0.135874       
31.4604        0.631579       0.145563       
31.4604        0.710526       0.153084       
31.4604        0.789474       0.158517       
31.4604        0.868421       0.16194        
31.4604        0.947368       0.163429       
31.4604        1.02632        0.163054       
31.4604        1.10526        0.160886       
31.4604        1.18421        0.156993       
31.4604        1.26316        0.151439       
31.4604        1.34211        0.144288       
31.4604        1.42105        0.1356         
31.4604        1.5            0.125435       
31.6495        0              0              
31.6495        0.0789474      0.025791       
31.6495        0.157895       0.0487881      
31.6495        0.236842       0.0690931      
31.6495        0.315789       0.0868041      
31.6495        0.394737       0.102016       
31.6495        0.473684       0.11482        
31.6495        0.552632       0.125304       
31.6495        0.631579       0.133554       
31.6495        0.710526       0.139652       
31.6495        0.789474       0.143678       
31.6495        0.868421       0.145708       
31.6495        0.947368       0.145816       
31.6495        1.02632        0.144074       
31.6495        1.10526        0.140552       
31.6495        1.18421        0.135316       
31.6495        1.26316        0.128432       
31.6495        1.34211        0.119961       
31.6495        1.42105        0.109964       
31.6495        1.5            0.0985003      
31.8387        0              0              
31.8387        0.0789474      0.0242487      
31.8387        0.157895       0.0457245      
31.8387        0.236842       0.0645283      
31.8387        0.315789       0.0807572      
31.8387        0.394737       0.0945051      
31.8387        0.473684       0.105863       
31.8387        0.552632       0.114917       
31.8387        0.631579       0.121753       
31.8387        0.710526       0.126453       
31.8387        0.789474       0.129094       
31.8387        0.868421       0.129753       
31.8387        0.947368       0.128505       
31.8387        1.02632        0.125419       
31.8387        1.10526        0.120565       
31.8387        1.18421        0.114009       
31.8387        1.26316        0.105815       
31.8387        1.34211        0.0960459      
31.8387        1.42105        0.0847614      
31.8387        1.5            0.0720195      
32.0278        0              0              
32.0278        0.0789474      0.0227332      
32.0278        0.157895       0.0427141      
32.0278        0.236842       0.0600425      
32.0278        0.315789       0.0748146      
32.0278        0.394737       0.0871236      
32.0278        0.473684       0.0970592      
32.0278        0.552632       0.104708       
32.0278        0.631579       0.110154       
32.0278        0.710526       0.113478       
32.0278        0.789474       0.114758       
32.0278        0.868421       0.11407        
32.0278        0.947368       0.111487       
32.0278        1.02632        0.107079       
32.0278        1.10526        0.100915       
32.0278        1.18421        0.0930601      
32.0278        1.26316        0.0835787      
32.0278        1.34211        0.0725323      
32.0278        1.42105        0.0599806      
32.0278        1.5            0.0459812      
32.217         0              0              
32.217         0.0789474      0.0212439      
32.217         0.157895       0.0397554      
32.217         0.236842       0.0556335      
32.217         0.315789       0.0689737      
32.217         0.394737       0.0798681      
32.217         0.473684       0.0884057      
32.217         0.552632       0.0946726      
32.217         0.631579       0.0987516      
32.217         0.710526       0.100723       
32.217         0.789474       0.100665       
32.217         0.868421       0.0986515      
32.217         0.947368       0.0947556      
32.217         1.02632        0.0890471      
32.217         1.10526        0.0815939      
32.217         1.18421        0.0724614      
32.217         1.26316        0.0617128      
32.217         1.34211        0.0494096      
32.217         1.42105        0.0356108      
32.217         1.5            0.0203739      
32.4061        0              0              
32.4061        0.0789474      0.0197799      
32.4061        0.157895       0.0368471      
32.4061        0.236842       0.0512995      
32.4061        0.315789       0.0632318      
32.4061        0.394737       0.0727353      
32.4061        0.473684       0.0798982      
32.4061        0.552632       0.0848059      
32.4061        0.631579       0.0875406      
32.4061        0.710526       0.088182       
32.4061        0.789474       0.0868069      
32.4061        0.868421       0.0834898      
32.4061        0.947368       0.0783025      
32.4061        1.02632        0.0713145      
32.4061        1.10526        0.0625931      
32.4061        1.18421        0.0522033      
32.4061        1.26316        0.0402079      
32.4061        1.34211        0.0266677      
32.4061        1.42105        0.0116416      
32.4061        1.5            -0.00481339    
32.5953        0              0              
32.5953        0.0789474      0.0183407      
32.5953        0.157895       0.0339878      
32.5953        0.236842       0.0470384      
32.5953        0.315789       0.0575862      
32.5953        0.394737       0.0657219      
32.5953        0.473684       0.0715329      
32.5953        0.552632       0.0751037      
32.5953        0.631579       0.0765161      
32.5953        0.710526       0.0758489      
32.5953        0.789474       0.0731786      
32.5953        0.868421       0.0685787      
32.5953        0.947368       0.0621208      
32.5953        1.02632        0.0538738      
32.5953        1.10526        0.0439044      
32.5953        1.18421        0.0322772      
32.5953        1.26316        0.0190546      
32.5953        1.34211        0.00429697     
32.5953        1.42105        -0.0119372     
32.5953        1.5            -0.0295914     
32.7844        0              0              
32.7844        0.0789474      0.0169256      
32.7844        0.157895       0.0311763      
32.7844        0.236842       0.0428483      
32.7844        0.315789       0.0520346      
32.7844        0.394737       0.0588249      
32.7844        0.473684       0.0633061      
32.7844        0.552632       0.0655619      
32.7844        0.631579       0.0656734      
32.7844        0.710526       0.0637188      
32.7844        0.789474       0.0597739      
32.7844        0.868421       0.0539119      
32.7844        0.947368       0.0462037      
32.7844        1.02632        0.0367176      
32.7844        1.10526        0.0255199      
32.7844        1.18421        0.0126748      
32.7844        1.26316        -0.00175585    
32.7844        1.34211        -0.017712      
32.7844        1.42105        -0.0351355     
32.7844        1.5            -0.0539704     
32.9736        0              0              
32.9736        0.0789474      0.015534       
32.9736        0.157895       0.0284113      
32.9736        0.236842       0.0387274      
32.9736        0.315789       0.0465744      
32.9736        0.394737       0.0520414      
32.9736        0.473684       0.0552143      
32.9736        0.552632       0.0561763      
32.9736        0.631579       0.0550078      
32.9736        0.710526       0.0517864      
32.9736        0.789474       0.0465874      
32.9736        0.868421       0.0394832      
32.9736        0.947368       0.0305443      
32.9736        1.02632        0.0198387      
32.9736        1.10526        0.00743196     
32.9736        1.18421        -0.00661212    
32.9736        1.26316        -0.022232      
32.9736        1.34211        -0.0393681     
32.9736        1.42105        -0.0579628     
32.9736        1.5            -0.0779602     
33.1627        0              0              
33.1627        0.0789474      0.0141652      
33.1627        0.157895       0.0256917      
33.1627        0.236842       0.034674       
33.1627        0.315789       0.0412035      
33.1627        0.394737       0.0453685      
33.1627        0.473684       0.0472541      
33.1627        0.552632       0.0469431      
33.1627        0.631579       0.0445149      
33.1627        0.710526       0.0400469      
33.1627        0.789474       0.0336134      
33.1627        0.868421       0.0252867      
33.1627        0.947368       0.0151364      
33.1627        1.02632        0.00323017     
33.1627        1.10526        -0.0103668     
33.1627        1.18421        -0.0255913     
33.1627        1.26316        -0.0423822     
33.1627        1.34211        -0.0606802     
33.1627        1.42105        -0.0804281     
33.1627        1.5            -0.10157       
33.3519        0              0              
33.3519        0.0789474      0.0128188      
33.3519        0.157895       0.0230164      
33.3519        0.236842       0.0306865      
33.3519        0.315789       0.0359196      
33.3519        0.394737       0.0388033      
33.3519        0.473684       0.0394223      
33.3519        0.552632       0.0378583      
33.3519        0.631579       0.0341905      
33.3519        0.710526       0.0284953      
33.3519        0.789474       0.0208468      
33.3519        0.868421       0.0113166      
33.3519        0.947368       -2.62334e-05   
33.3519        1.02632        -0.0131145     
33.3519        1.10526        -0.0278835     
33.3519        1.18421        -0.0442703     
33.3519        1.26316        -0.0622143     
33.3519        1.34211        -0.0816566     
33.3519        1.42105        -0.10254       
33.3519        1.5            -0.12481       
33.541         0              0              
33.541         0.0789474      0.0114942      
33.541         0.157895       0.0203842      
33.541         0.236842       0.026763       
33.541         0.315789       0.0307205      
33.541         0.394737       0.0323434      
33.541         0.473684       0.0317156      
33.541         0.552632       0.0289185      
33.541         0.631579       0.0240304      
33.541         0.710526       0.0171273      
33.541         0.789474       0.00828256     
33.541         0.868421       -0.00243266    
33.541         0.947368       -0.0149497     
33.541         1.02632        -0.0292019     
33.541         1.10526        -0.0451249     
33.541         1.18421        -0.0626564     
33.541         1.26316        -0.0817361     
33.541         1.34211        -0.102305      
33.541         1.42105        -0.124308      
33.541         1.5            -0.147689      
33.7302        0              0              
33.7302        0.0789474      0.0101908      
33.7302        0.157895       0.0177941      
33.7302        0.236842       0.0229022      
33.7302        0.315789       0.0256041      
33.7302        0.394737       0.025986       
33.7302        0.473684       0.0241311      
33.7302        0.552632       0.02012        
33.7302        0.631579       0.0140306      
33.7302        0.710526       0.00593816     
33.7302        0.789474       -0.00408432    
33.7302        0.868421       -0.0159663     
33.7302        0.947368       -0.0296396     
33.7302        1.02632        -0.0450381     
33.7302        1.10526        -0.0620977     
33.7302        1.18421        -0.0807567     
33.7302        1.26316        -0.100955      
33.7302        1.34211        -0.122635      
33.7302        1.42105        -0.145739      
33.7302        1.5            -0.170215      
33.9193        0              0              
33.9193        0.0789474      0.00890807     
33.9193        0.157895       0.0152451      
33.9193        0.236842       0.0191024      
33.9193        0.315789       0.0205685      
33.9193        0.394737       0.0197287      
33.9193        0.473684       0.0166657      
33.9193        0.552632       0.0114595      
33.9193        0.631579       0.00418719     
33.9193        0.710526       -0.00507627    
33.9193        0.789474       -0.0162586     
33.9193        0.868421       -0.0292896     
33.9193        0.947368       -0.0441017     
33.9193        1.02632        -0.0606291     
33.9193        1.10526        -0.0788084     
33.9193        1.18421        -0.0985779     
33.9193        1.26316        -0.119878      
33.9193        1.34211        -0.142652      
33.9193        1.42105        -0.166842      
33.9193        1.5            -0.192396      
34.1085        0              0              
34.1085        0.0789474      0.00764558     
34.1085        0.157895       0.0127361      
34.1085        0.236842       0.0153622      
34.1085        0.315789       0.0156117      
34.1085        0.394737       0.0135691      
34.1085        0.473684       0.00931667     
34.1085        0.552632       0.00293356     
34.1085        0.631579       -0.00550348    
34.1085        0.710526       -0.0159202     
34.1085        0.789474       -0.0282447     
34.1085        0.868421       -0.0424075     
34.1085        0.947368       -0.0583413     
34.1085        1.02632        -0.0759808     
34.1085        1.10526        -0.095263      
34.1085        1.18421        -0.116127      
34.1085        1.26316        -0.138513      
34.1085        1.34211        -0.162364      
34.1085        1.42105        -0.187625      
34.1085        1.5            -0.214241      
34.2976        0              0              
34.2976        0.0789474      0.0064028      
34.2976        0.157895       0.0102662      
34.2976        0.236842       0.0116802      
34.2976        0.315789       0.0107318      
34.2976        0.394737       0.00750496     
34.2976        0.473684       0.00208117     
34.2976        0.552632       -0.00546088    
34.2976        0.631579       -0.015045      
34.2976        0.710526       -0.0265976     
34.2976        0.789474       -0.0400472     
34.2976        0.868421       -0.0553248     
34.2976        0.947368       -0.0723636     
34.2976        1.02632        -0.0910987     
34.2976        1.10526        -0.111468      
34.2976        1.18421        -0.133409      
34.2976        1.26316        -0.156865      
34.2976        1.34211        -0.181779      
34.2976        1.42105        -0.208094      
34.2976        1.5            -0.235758      
34.4868        0              0              
34.4868        0.0789474      0.00517929     
34.4868        0.157895       0.00783455     
34.4868        0.236842       0.00805502     
34.4868        0.315789       0.00592698     
34.4868        0.394737       0.00153392     
34.4868        0.473684       -0.00504344    
34.4868        0.552632       -0.013727      
34.4868        0.631579       -0.024441      
34.4868        0.710526       -0.0371124     
34.4868        0.789474       -0.0516704     
34.4868        0.868421       -0.0680463     
34.4868        0.947368       -0.0861737     
34.4868        1.02632        -0.105988      
34.4868        1.10526        -0.127428      
34.4868        1.18421        -0.150432      
34.4868        1.26316        -0.174942      
34.4868        1.34211        -0.200902      
34.4868        1.42105        -0.228257      
34.4868        1.5            -0.256953      
34.6759        0              0              
34.6759        0.0789474      0.00397458     
34.6759        0.157895       0.00544016     
34.6759        0.236842       0.00448528     
34.6759        0.315789       0.00119556     
34.6759        0.394737       -0.00434616    
34.6759        0.473684       -0.0120597     
34.6759        0.552632       -0.0218676     
34.6759        0.631579       -0.0336947     
34.6759        0.710526       -0.0474684     
34.6759        0.789474       -0.0631183     
34.6759        0.868421       -0.0805764     
34.6759        0.947368       -0.0997765     
34.6759        1.02632        -0.120655      
34.6759        1.10526        -0.14315       
34.6759        1.18421        -0.167201      
34.6759        1.26316        -0.19275       
34.6759        1.34211        -0.219742      
34.6759        1.42105        -0.248121      
34.6759        1.5            -0.277835      
34.8651        0              0              
34.8651        0.0789474      0.00278824     
34.8651        0.157895       0.00308219     
34.8651        0.236842       0.000969722    
34.8651        0.315789       -0.00346421    
34.8651        0.394737       -0.0101374     
34.8651        0.473684       -0.0189702     
34.8651        0.552632       -0.0298858     
34.8651        0.631579       -0.0428095     
34.8651        0.710526       -0.0576692     
34.8651        0.789474       -0.0743951     
34.8651        0.868421       -0.0929194     
34.8651        0.947368       -0.113177      
34.8651        1.02632        -0.135103      
34.8651        1.10526        -0.158638      
34.8651        1.18421        -0.183721      
34.8651        1.26316        -0.210295      
34.8651        1.34211        -0.238304      
34.8651        1.42105        -0.267693      
34.8651        1.5            -0.29841       
35.0542        0              0              
35.0542        0.0789474      0.00161984     
35.0542        0.157895       0.000759813    
35.0542        0.236842       -0.0024929     
35.0542        0.315789       -0.00805396    
35.0542        0.394737       -0.0158418     
35.0542        0.473684       -0.0257774     
35.0542        0.552632       -0.0377843     
35.0542        0.631579       -0.0517885     
35.0542        0.710526       -0.0677184     
35.0542        0.789474       -0.0855046     
35.0542        0.868421       -0.10508       
35.0542        0.947368       -0.126379      
35.0542        1.02632        -0.149339      
35.0542        1.10526        -0.173899      
35.0542        1.18421        -0.199999      
35.0542        1.26316        -0.227583      
35.0542        1.34211        -0.256594      
35.0542        1.42105        -0.286979      
35.0542        1.5            -0.318685      
35.2434        0              0              
35.2434        0.0789474      0.00046897     
35.2434        0.157895       -0.00152779    
35.2434        0.236842       -0.00590378    
35.2434        0.315789       -0.0125753     
35.2434        0.394737       -0.0214613     
35.2434        0.473684       -0.0324834     
35.2434        0.552632       -0.0455657     
35.2434        0.631579       -0.0606347     
35.2434        0.710526       -0.0776193     
35.2434        0.789474       -0.0964505     
35.2434        0.868421       -0.117061      
35.2434        0.947368       -0.139388      
35.2434        1.02632        -0.163366      
35.2434        1.10526        -0.188937      
35.2434        1.18421        -0.21604       
35.2434        1.26316        -0.244619      
35.2434        1.34211        -0.274619      
35.2434        1.42105        -0.305986      
35.2434        1.5            -0.338668      
35.4325        0              0              
35.4325        0.0789474      -0.00066476    
35.4325        0.157895       -0.00378142    
35.4325        0.236842       -0.0092641     
35.4325        0.315789       -0.0170297     
35.4325        0.394737       -0.0269979     
35.4325        0.473684       -0.0390907     
35.4325        0.552632       -0.0532328     
35.4325        0.631579       -0.0693512     
35.4325        0.710526       -0.0873753     
35.4325        0.789474       -0.107236      
35.4325        0.868421       -0.128868      
35.4325        0.947368       -0.152207      
35.4325        1.02632        -0.17719       
35.4325        1.10526        -0.203757      
35.4325        1.18421        -0.231849      
35.4325        1.26316        -0.26141       
35.4325        1.34211        -0.292384      
35.4325        1.42105        -0.324719      
35.4325        1.5            -0.358363      
35.6217        0              0              
35.6217        0.0789474      -0.00178174    
35.6217        0.157895       -0.00600181    
35.6217        0.236842       -0.012575      
35.6217        0.315789       -0.0214188     
35.6217        0.394737       -0.0324534     
35.6217        0.473684       -0.0456014     
35.6217        0.552632       -0.0607881     
35.6217        0.631579       -0.0779409     
35.6217        0.710526       -0.0969896     
35.6217        0.789474       -0.117866      
35.6217        0.868421       -0.140505      
35.6217        0.947368       -0.164841      
35.6217        1.02632        -0.190814      
35.6217        1.10526        -0.218363      
35.6217        1.18421        -0.247431      
35.6217        1.26316        -0.277959      
35.6217        1.34211        -0.309895      
35.6217        1.42105        -0.343186      
35.6217        1.5            -0.377778      
35.8108        0              0              
35.8108        0.0789474      -0.00288234    
35.8108        0.157895       -0.00818973    
35.8108        0.236842       -0.0158375     
35.8108        0.315789       -0.0257439     
35.8108        0.394737       -0.0378295     
35.8108        0.473684       -0.0520177     
35.8108        0.552632       -0.068234      
35.8108        0.631579       -0.0864064     
35.8108        0.710526       -0.106465      
35.8108        0.789474       -0.128343      
35.8108        0.868421       -0.151974      
35.8108        0.947368       -0.177295      
35.8108        1.02632        -0.204244      
35.8108        1.10526        -0.232762      
35.8108        1.18421        -0.26279       
35.8108        1.26316        -0.294274      
35.8108        1.34211        -0.327158      
35.8108        1.42105        -0.36139       
35.8108        1.5            -0.396919      
36             0              0              
36             0.0789474      -0.00396693    
36             0.157895       -0.0103459     
36             0.236842       -0.0190528     
36             0.315789       -0.0300065     
36             0.394737       -0.0431282     
36             0.473684       -0.0583416     
36             0.552632       -0.0755729     
36             0.631579       -0.0947505     
36             0.710526       -0.115805      
36             0.789474       -0.13867       
36             0.868421       -0.163279      
36             0.947368       -0.189571      
36             1.02632        -0.217483      
36             1.10526        -0.246956      
36             1.18421        -0.277933      
36             1.26316        -0.310359      
36             1.34211        -0.344178      
36             1.42105        -0.379339      
36             1.5            -0.415792      
