17.2741   36        100       0         1.5       20        
17.2741        0              0              
17.2741        0.0789474      -0.00448507    
17.2741        0.157895       -0.00875764    
17.2741        0.236842       -0.0128319     
17.2741        0.315789       -0.0167207     
17.2741        0.394737       -0.0204361     
17.2741        0.473684       -0.0239889     
17.2741        0.552632       -0.0273892     
17.2741        0.631579       -0.0306462     
17.2741        0.710526       -0.0337686     
17.2741        0.789474       -0.0367643     
17.2741        0.868421       -0.0396404     
17.2741        0.947368       -0.0424039     
17.2741        1.02632        -0.0450609     
17.2741        1.10526        -0.0476173     
17.2741        1.18421        -0.0500785     
17.2741        1.26316        -0.0524495     
17.2741        1.34211        -0.054735      
17.2741        1.42105        -0.0569395     
17.2741        1.5            -0.0590669     
17.4632        0              0              
17.4632        0.0789474      -0.0708041     
17.4632        0.157895       -0.138626      
17.4632        0.236842       -0.203639      
17.4632        0.315789       -0.266002      
17.4632        0.394737       -0.325865      
17.4632        0.473684       -0.383367      
17.4632        0.552632       -0.438636      
17.4632        0.631579       -0.491793      
17.4632        0.710526       -0.542951      
17.4632        0.789474       -0.592213      
17.4632        0.868421       -0.639679      
17.4632        0.947368       -0.68544       
17.4632        1.02632        -0.72958       
17.4632        1.10526        -0.772181      
17.4632        1.18421        -0.813317      
17.4632        1.26316        -0.85306       
17.4632        1.34211        -0.891474      
17.4632        1.42105        -0.928622      
17.4632        1.5            -0.964562      
17.6524        0              0              
17.6524        0.0789474      -0.0975405     
17.6524        0.157895       -0.191349      
17.6524        0.236842       -0.281618      
17.6524        0.315789       -0.368528      
17.6524        0.394737       -0.452247      
17.6524        0.473684       -0.532935      
17.6524        0.552632       -0.610741      
17.6524        0.631579       -0.685807      
17.6524        0.710526       -0.758263      
17.6524        0.789474       -0.828236      
17.6524        0.868421       -0.895841      
17.6524        0.947368       -0.961188      
17.6524        1.02632        -1.02438       
17.6524        1.10526        -1.08552       
17.6524        1.18421        -1.1447        
17.6524        1.26316        -1.202         
17.6524        1.34211        -1.2575        
17.6524        1.42105        -1.31129       
17.6524        1.5            -1.36343       
17.8415        0              0              
17.8415        0.0789474      -0.114791      
17.8415        0.157895       -0.225574      
17.8415        0.236842       -0.332531      
17.8415        0.315789       -0.435836      
17.8415        0.394737       -0.535655      
17.8415        0.473684       -0.632144      
17.8415        0.552632       -0.725452      
17.8415        0.631579       -0.815719      
17.8415        0.710526       -0.903077      
17.8415        0.789474       -0.987655      
17.8415        0.868421       -1.06957       
17.8415        0.947368       -1.14894       
17.8415        1.02632        -1.22586       
17.8415        1.10526        -1.30045       
17.8415        1.18421        -1.37279       
17.8415        1.26316        -1.44298       
17.8415        1.34211        -1.51111       
17.8415        1.42105        -1.57725       
17.8415        1.5            -1.64149       
18.0307        0              0              
18.0307        0.0789474      -0.126535      
18.0307        0.157895       -0.249024      
18.0307        0.236842       -0.367631      
18.0307        0.315789       -0.482515      
18.0307        0.394737       -0.593825      
18.0307        0.473684       -0.701705      
18.0307        0.552632       -0.806295      
18.0307        0.631579       -0.907724      
18.0307        0.710526       -1.00612       
18.0307        0.789474       -1.1016        
18.0307        0.868421       -1.19428       
18.0307        0.947368       -1.28426       
18.0307        1.02632        -1.37166       
18.0307        1.10526        -1.45657       
18.0307        1.18421        -1.53909       
18.0307        1.26316        -1.6193        
18.0307        1.34211        -1.69729       
18.0307        1.42105        -1.77314       
18.0307        1.5            -1.84694       
18.2198        0              0              
18.2198        0.0789474      -0.13459       
18.2198        0.157895       -0.265231      
18.2198        0.236842       -0.392067      
18.2198        0.315789       -0.515233      
18.2198        0.394737       -0.634863      
18.2198        0.473684       -0.751084      
18.2198        0.552632       -0.864019      
18.2198        0.631579       -0.973786      
18.2198        0.710526       -1.0805        
18.2198        0.789474       -1.18427       
18.2198        0.868421       -1.28519       
18.2198        0.947368       -1.38338       
18.2198        1.02632        -1.47893       
18.2198        1.10526        -1.57192       
18.2198        1.18421        -1.66245       
18.2198        1.26316        -1.7506        
18.2198        1.34211        -1.83646       
18.2198        1.42105        -1.92011       
18.2198        1.5            -2.00161       
18.409         0              0              
18.409         0.0789474      -0.140018      
18.409         0.157895       -0.276262      
18.409         0.236842       -0.408853      
18.409         0.315789       -0.537906      
18.409         0.394737       -0.663534      
18.409         0.473684       -0.785848      
18.409         0.552632       -0.904953      
18.409         0.631579       -1.02095       
18.409         0.710526       -1.13395       
18.409         0.789474       -1.24404       
18.409         0.868421       -1.35132       
18.409         0.947368       -1.45587       
18.409         1.02632        -1.55778       
18.409         1.10526        -1.65715       
18.409         1.18421        -1.75404       
18.409         1.26316        -1.84853       
18.409         1.34211        -1.94072       
18.409         1.42105        -2.03065       
18.409         1.5            -2.11841       
18.5981        0              0              
18.5981        0.0789474      -0.143511      
18.5981        0.157895       -0.283467      
18.5981        0.236842       -0.419965      
18.5981        0.315789       -0.553102      
18.5981        0.394737       -0.682972      
18.5981        0.473684       -0.809668      
18.5981        0.552632       -0.933279      
18.5981        0.631579       -1.0539        
18.5981        0.710526       -1.1716        
18.5981        0.789474       -1.28648       
18.5981        0.868421       -1.39862       
18.5981        0.947368       -1.50809       
18.5981        1.02632        -1.61498       
18.5981        1.10526        -1.71935       
18.5981        1.18421        -1.82129       
18.5981        1.26316        -1.92085       
18.5981        1.34211        -2.01812       
18.5981        1.42105        -2.11315       
18.5981        1.5            -2.20601       
18.7873        0              0              
18.7873        0.0789474      -0.14555       
18.7873        0.157895       -0.287784      
18.7873        0.236842       -0.426781      
18.7873        0.315789       -0.562618      
18.7873        0.394737       -0.695373      
18.7873        0.473684       -0.82512       
18.7873        0.552632       -0.951935      
18.7873        0.631579       -1.07589       
18.7873        0.710526       -1.19707       
18.7873        0.789474       -1.31552       
18.7873        0.868421       -1.43134       
18.7873        0.947368       -1.54458       
18.7873        1.02632        -1.65531       
18.7873        1.10526        -1.7636        
18.7873        1.18421        -1.86951       
18.7873        1.26316        -1.9731        
18.7873        1.34211        -2.07443       
18.7873        1.42105        -2.17357       
18.7873        1.5            -2.27057       
18.9764        0              0              
18.9764        0.0789474      -0.146479      
18.9764        0.157895       -0.289891      
18.9764        0.236842       -0.430297      
18.9764        0.315789       -0.567756      
18.9764        0.394737       -0.702331      
18.9764        0.473684       -0.834082      
18.9764        0.552632       -0.963069      
18.9764        0.631579       -1.08935       
18.9764        0.710526       -1.213         
18.9764        0.789474       -1.33405       
18.9764        0.868421       -1.45259       
18.9764        0.947368       -1.56866       
18.9764        1.02632        -1.68231       
18.9764        1.10526        -1.79362       
18.9764        1.18421        -1.90262       
18.9764        1.26316        -2.00938       
18.9764        1.34211        -2.11395       
18.9764        1.42105        -2.21638       
18.9764        1.5            -2.31672       
19.1656        0              0              
19.1656        0.0789474      -0.146554      
19.1656        0.157895       -0.29029       
19.1656        0.236842       -0.431252      
19.1656        0.315789       -0.569487      
19.1656        0.394737       -0.70504       
19.1656        0.473684       -0.837959      
19.1656        0.552632       -0.968293      
19.1656        0.631579       -1.09609       
19.1656        0.710526       -1.22139       
19.1656        0.789474       -1.34426       
19.1656        0.868421       -1.46473       
19.1656        0.947368       -1.58285       
19.1656        1.02632        -1.69868       
19.1656        1.10526        -1.81226       
19.1656        1.18421        -1.92363       
19.1656        1.26316        -2.03284       
19.1656        1.34211        -2.13994       
19.1656        1.42105        -2.24497       
19.1656        1.5            -2.34798       
19.3547        0              0              
19.3547        0.0789474      -0.145967      
19.3547        0.157895       -0.28936       
19.3547        0.236842       -0.430208      
19.3547        0.315789       -0.568546      
19.3547        0.394737       -0.704407      
19.3547        0.473684       -0.837826      
19.3547        0.552632       -0.968839      
19.3547        0.631579       -1.09748       
19.3547        0.710526       -1.2238        
19.3547        0.789474       -1.34781       
19.3547        0.868421       -1.46958       
19.3547        0.947368       -1.58912       
19.3547        1.02632        -1.70649       
19.3547        1.10526        -1.82172       
19.3547        1.18421        -1.93485       
19.3547        1.26316        -2.04591       
19.3547        1.34211        -2.15495       
19.3547        1.42105        -2.26201       
19.3547        1.5            -2.36712       
19.5439        0              0              
19.5439        0.0789474      -0.144865      
19.5439        0.157895       -0.28739       
19.5439        0.236842       -0.427596      
19.5439        0.315789       -0.565503      
19.5439        0.394737       -0.701133      
19.5439        0.473684       -0.834512      
19.5439        0.552632       -0.965664      
19.5439        0.631579       -1.09462       
19.5439        0.710526       -1.2214        
19.5439        0.789474       -1.34603       
19.5439        0.868421       -1.46856       
19.5439        0.947368       -1.589         
19.5439        1.02632        -1.70738       
19.5439        1.10526        -1.82374       
19.5439        1.18421        -1.93811       
19.5439        1.26316        -2.05053       
19.5439        1.34211        -2.16101       
19.5439        1.42105        -2.26959       
19.5439        1.5            -2.37631       
19.733         0              0              
19.733         0.0789474      -0.143361      
19.733         0.157895       -0.284608      
19.733         0.236842       -0.423751      
19.733         0.315789       -0.560799      
19.733         0.394737       -0.695767      
19.733         0.473684       -0.828669      
19.733         0.552632       -0.95952       
19.733         0.631579       -1.08834       
19.733         0.710526       -1.21514       
19.733         0.789474       -1.33996       
19.733         0.868421       -1.4628        
19.733         0.947368       -1.58369       
19.733         1.02632        -1.70265       
19.733         1.10526        -1.81971       
19.733         1.18421        -1.93489       
19.733         1.26316        -2.04822       
19.733         1.34211        -2.15971       
19.733         1.42105        -2.26941       
19.733         1.5            -2.37732       
19.9222        0              0              
19.9222        0.0789474      -0.141544      
19.9222        0.157895       -0.281189      
19.9222        0.236842       -0.418935      
19.9222        0.315789       -0.554785      
19.9222        0.394737       -0.688741      
19.9222        0.473684       -0.820811      
19.9222        0.552632       -0.951003      
19.9222        0.631579       -1.07933       
19.9222        0.710526       -1.20579       
19.9222        0.789474       -1.33041       
19.9222        0.868421       -1.4532        
19.9222        0.947368       -1.57417       
19.9222        1.02632        -1.69334       
19.9222        1.10526        -1.81073       
19.9222        1.18421        -1.92635       
19.9222        1.26316        -2.04023       
19.9222        1.34211        -2.15238       
19.9222        1.42105        -2.26282       
19.9222        1.5            -2.37157       
20.1113        0              0              
20.1113        0.0789474      -0.139485      
20.1113        0.157895       -0.277274      
20.1113        0.236842       -0.413359      
20.1113        0.315789       -0.547736      
20.1113        0.394737       -0.6804        
20.1113        0.473684       -0.811351      
20.1113        0.552632       -0.94059       
20.1113        0.631579       -1.06812       
20.1113        0.710526       -1.19394       
20.1113        0.789474       -1.31806       
20.1113        0.868421       -1.44049       
20.1113        0.947368       -1.56123       
20.1113        1.02632        -1.6803        
20.1113        1.10526        -1.7977        
20.1113        1.18421        -1.91346       
20.1113        1.26316        -2.02757       
20.1113        1.34211        -2.14006       
20.1113        1.42105        -2.25093       
20.1113        1.5            -2.36022       
20.3005        0              0              
20.3005        0.0789474      -0.137239      
20.3005        0.157895       -0.272973      
20.3005        0.236842       -0.407189      
20.3005        0.315789       -0.539875      
20.3005        0.394737       -0.671021      
20.3005        0.473684       -0.800619      
20.3005        0.552632       -0.928664      
20.3005        0.631579       -1.05515       
20.3005        0.710526       -1.18008       
20.3005        0.789474       -1.30345       
20.3005        0.868421       -1.42526       
20.3005        0.947368       -1.54551       
20.3005        1.02632        -1.66421       
20.3005        1.10526        -1.78136       
20.3005        1.18421        -1.89698       
20.3005        1.26316        -2.01106       
20.3005        1.34211        -2.12362       
20.3005        1.42105        -2.23467       
20.3005        1.5            -2.34421       
20.4896        0              0              
20.4896        0.0789474      -0.134849      
20.4896        0.157895       -0.268375      
20.4896        0.236842       -0.400558      
20.4896        0.315789       -0.53138       
20.4896        0.394737       -0.660825      
20.4896        0.473684       -0.788882      
20.4896        0.552632       -0.915537      
20.4896        0.631579       -1.04078       
20.4896        0.710526       -1.16461       
20.4896        0.789474       -1.28701       
20.4896        0.868421       -1.40798       
20.4896        0.947368       -1.52753       
20.4896        1.02632        -1.64564       
20.4896        1.10526        -1.76232       
20.4896        1.18421        -1.87757       
20.4896        1.26316        -1.99139       
20.4896        1.34211        -2.1038        
20.4896        1.42105        -2.21478       
20.4896        1.5            -2.32436       
20.6788        0              0              
20.6788        0.0789474      -0.132353      
20.6788        0.157895       -0.263552      
20.6788        0.236842       -0.393573      
20.6788        0.315789       -0.522394      
20.6788        0.394737       -0.649995      
20.6788        0.473684       -0.776356      
20.6788        0.552632       -0.901462      
20.6788        0.631579       -1.0253        
20.6788        0.710526       -1.14785       
20.6788        0.789474       -1.26911       
20.6788        0.868421       -1.38907       
20.6788        0.947368       -1.50772       
20.6788        1.02632        -1.62505       
20.6788        1.10526        -1.74106       
20.6788        1.18421        -1.85576       
20.6788        1.26316        -1.96912       
20.6788        1.34211        -2.08117       
20.6788        1.42105        -2.1919        
20.6788        1.5            -2.3013        
20.8679        0              0              
20.8679        0.0789474      -0.129777      
20.8679        0.157895       -0.258561      
20.8679        0.236842       -0.386323      
20.8679        0.315789       -0.513036      
20.8679        0.394737       -0.638676      
20.8679        0.473684       -0.76322       
20.8679        0.552632       -0.886646      
20.8679        0.631579       -1.00894       
20.8679        0.710526       -1.13007       
20.8679        0.789474       -1.25004       
20.8679        0.868421       -1.36883       
20.8679        0.947368       -1.48643       
20.8679        1.02632        -1.60283       
20.8679        1.10526        -1.71801       
20.8679        1.18421        -1.83198       
20.8679        1.26316        -1.94472       
20.8679        1.34211        -2.05624       
20.8679        1.42105        -2.16654       
20.8679        1.5            -2.2756        
21.0571        0              0              
21.0571        0.0789474      -0.127146      
21.0571        0.157895       -0.25345       
21.0571        0.236842       -0.378878      
21.0571        0.315789       -0.503401      
21.0571        0.394737       -0.626989      
21.0571        0.473684       -0.749617      
21.0571        0.552632       -0.871259      
21.0571        0.631579       -0.991894      
21.0571        0.710526       -1.1115        
21.0571        0.789474       -1.23006       
21.0571        0.868421       -1.34755       
21.0571        0.947368       -1.46397       
21.0571        1.02632        -1.57929       
21.0571        1.10526        -1.69351       
21.0571        1.18421        -1.80661       
21.0571        1.26316        -1.91859       
21.0571        1.34211        -2.02943       
21.0571        1.42105        -2.13914       
21.0571        1.5            -2.24771       
21.2462        0              0              
21.2462        0.0789474      -0.124479      
21.2462        0.157895       -0.248256      
21.2462        0.236842       -0.371296      
21.2462        0.315789       -0.493566      
21.2462        0.394737       -0.615033      
21.2462        0.473684       -0.735668      
21.2462        0.552632       -0.855442      
21.2462        0.631579       -0.974331      
21.2462        0.710526       -1.09231       
21.2462        0.789474       -1.20936       
21.2462        0.868421       -1.32545       
21.2462        0.947368       -1.44057       
21.2462        1.02632        -1.55471       
21.2462        1.10526        -1.66784       
21.2462        1.18421        -1.77995       
21.2462        1.26316        -1.89104       
21.2462        1.34211        -2.00108       
21.2462        1.42105        -2.11008       
21.2462        1.5            -2.21802       
21.4354        0              0              
21.4354        0.0789474      -0.12179       
21.4354        0.157895       -0.243011      
21.4354        0.236842       -0.363624      
21.4354        0.315789       -0.483595      
21.4354        0.394737       -0.602887      
21.4354        0.473684       -0.721469      
21.4354        0.552632       -0.83931       
21.4354        0.631579       -0.956381      
21.4354        0.710526       -1.07265       
21.4354        0.789474       -1.1881        
21.4354        0.868421       -1.30271       
21.4354        0.947368       -1.41645       
21.4354        1.02632        -1.5293        
21.4354        1.10526        -1.64124       
21.4354        1.18421        -1.75227       
21.4354        1.26316        -1.86235       
21.4354        1.34211        -1.97149       
21.4354        1.42105        -2.07966       
21.4354        1.5            -2.18687       
21.6245        0              0              
21.6245        0.0789474      -0.119092      
21.6245        0.157895       -0.237739      
21.6245        0.236842       -0.355901      
21.6245        0.315789       -0.473541      
21.6245        0.394737       -0.59062       
21.6245        0.473684       -0.707104      
21.6245        0.552632       -0.822959      
21.6245        0.631579       -0.938154      
21.6245        0.710526       -1.05266       
21.6245        0.789474       -1.16645       
21.6245        0.868421       -1.27949       
21.6245        0.947368       -1.39177       
21.6245        1.02632        -1.50325       
21.6245        1.10526        -1.61393       
21.6245        1.18421        -1.72377       
21.6245        1.26316        -1.83277       
21.6245        1.34211        -1.9409        
21.6245        1.42105        -2.04816       
21.6245        1.5            -2.15452       
21.8137        0              0              
21.8137        0.0789474      -0.116394      
21.8137        0.157895       -0.232461      
21.8137        0.236842       -0.348159      
21.8137        0.315789       -0.463446      
21.8137        0.394737       -0.578285      
21.8137        0.473684       -0.692637      
21.8137        0.552632       -0.806468      
21.8137        0.631579       -0.919743      
21.8137        0.710526       -1.03243       
21.8137        0.789474       -1.1445        
21.8137        0.868421       -1.25592       
21.8137        0.947368       -1.36668       
21.8137        1.02632        -1.47673       
21.8137        1.10526        -1.58606       
21.8137        1.18421        -1.69465       
21.8137        1.26316        -1.80248       
21.8137        1.34211        -1.90953       
21.8137        1.42105        -2.01578       
21.8137        1.5            -2.12122       
22.0028        0              0              
22.0028        0.0789474      -0.113706      
22.0028        0.157895       -0.227195      
22.0028        0.236842       -0.340422      
22.0028        0.315789       -0.453347      
22.0028        0.394737       -0.565928      
22.0028        0.473684       -0.678125      
22.0028        0.552632       -0.789903      
22.0028        0.631579       -0.901224      
22.0028        0.710526       -1.01205       
22.0028        0.789474       -1.12236       
22.0028        0.868421       -1.23212       
22.0028        0.947368       -1.34129       
22.0028        1.02632        -1.44986       
22.0028        1.10526        -1.55779       
22.0028        1.18421        -1.66507       
22.0028        1.26316        -1.77166       
22.0028        1.34211        -1.87755       
22.0028        1.42105        -1.98273       
22.0028        1.5            -2.08717       
22.192         0              0              
22.192         0.0789474      -0.111033      
22.192         0.157895       -0.221953      
22.192         0.236842       -0.332714      
22.192         0.315789       -0.443272      
22.192         0.394737       -0.553586      
22.192         0.473684       -0.663614      
22.192         0.552632       -0.773318      
22.192         0.631579       -0.88266       
22.192         0.710526       -0.991605      
22.192         0.789474       -1.10012       
22.192         0.868421       -1.20817       
22.192         0.947368       -1.31572       
22.192         1.02632        -1.42275       
22.192         1.10526        -1.52923       
22.192         1.18421        -1.63514       
22.192         1.26316        -1.74044       
22.192         1.34211        -1.84512       
22.192         1.42105        -1.94916       
22.192         1.5            -2.05253       
22.3812        0              0              
22.3812        0.0789474      -0.108382      
22.3812        0.157895       -0.216747      
22.3812        0.236842       -0.325049      
22.3812        0.315789       -0.433245      
22.3812        0.394737       -0.541289      
22.3812        0.473684       -0.649141      
22.3812        0.552632       -0.756759      
22.3812        0.631579       -0.864105      
22.3812        0.710526       -0.971141      
22.3812        0.789474       -1.07783       
22.3812        0.868421       -1.18415       
22.3812        0.947368       -1.29005       
22.3812        1.02632        -1.39551       
22.3812        1.10526        -1.50049       
22.3812        1.18421        -1.60498       
22.3812        1.26316        -1.70895       
22.3812        1.34211        -1.81237       
22.3812        1.42105        -1.91521       
22.3812        1.5            -2.01747       
22.5703        0              0              
22.5703        0.0789474      -0.105755      
22.5703        0.157895       -0.211585      
22.5703        0.236842       -0.317444      
22.5703        0.315789       -0.423284      
22.5703        0.394737       -0.529063      
22.5703        0.473684       -0.634737      
22.5703        0.552632       -0.740263      
22.5703        0.631579       -0.845602      
22.5703        0.710526       -0.950716      
22.5703        0.789474       -1.05557       
22.5703        0.868421       -1.16012       
22.5703        0.947368       -1.26434       
22.5703        1.02632        -1.3682        
22.5703        1.10526        -1.47166       
22.5703        1.18421        -1.5747        
22.5703        1.26316        -1.67729       
22.5703        1.34211        -1.7794        
22.5703        1.42105        -1.88101       
22.5703        1.5            -1.98209       
22.7595        0              0              
22.7595        0.0789474      -0.103157      
22.7595        0.157895       -0.206476      
22.7595        0.236842       -0.309908      
22.7595        0.315789       -0.413408      
22.7595        0.394737       -0.516929      
22.7595        0.473684       -0.620428      
22.7595        0.552632       -0.723861      
22.7595        0.631579       -0.827188      
22.7595        0.710526       -0.930369      
22.7595        0.789474       -1.03337       
22.7595        0.868421       -1.13614       
22.7595        0.947368       -1.23866       
22.7595        1.02632        -1.34089       
22.7595        1.10526        -1.4428        
22.7595        1.18421        -1.54436       
22.7595        1.26316        -1.64554       
22.7595        1.34211        -1.74631       
22.7595        1.42105        -1.84664       
22.7595        1.5            -1.94652       
22.9486        0              0              
22.9486        0.0789474      -0.10059       
22.9486        0.157895       -0.201424      
22.9486        0.236842       -0.302451      
22.9486        0.315789       -0.403627      
22.9486        0.394737       -0.504903      
22.9486        0.473684       -0.606235      
22.9486        0.552632       -0.707579      
22.9486        0.631579       -0.808894      
22.9486        0.710526       -0.910138      
22.9486        0.789474       -1.01127       
22.9486        0.868421       -1.11226       
22.9486        0.947368       -1.21306       
22.9486        1.02632        -1.31365       
22.9486        1.10526        -1.41398       
22.9486        1.18421        -1.51404       
22.9486        1.26316        -1.61378       
22.9486        1.34211        -1.71317       
22.9486        1.42105        -1.8122        
22.9486        1.5            -1.91084       
23.1378        0              0              
23.1378        0.0789474      -0.0980572     
23.1378        0.157895       -0.196434      
23.1378        0.236842       -0.295081      
23.1378        0.315789       -0.393952      
23.1378        0.394737       -0.492998      
23.1378        0.473684       -0.592175      
23.1378        0.552632       -0.691438      
23.1378        0.631579       -0.790744      
23.1378        0.710526       -0.890051      
23.1378        0.789474       -0.98932       
23.1378        0.868421       -1.08851       
23.1378        0.947368       -1.18759       
23.1378        1.02632        -1.28652       
23.1378        1.10526        -1.38526       
23.1378        1.18421        -1.48379       
23.1378        1.26316        -1.58207       
23.1378        1.34211        -1.68007       
23.1378        1.42105        -1.77776       
23.1378        1.5            -1.87512       
23.3269        0              0              
23.3269        0.0789474      -0.0955591     
23.3269        0.157895       -0.19151       
23.3269        0.236842       -0.287804      
23.3269        0.315789       -0.384391      
23.3269        0.394737       -0.481226      
23.3269        0.473684       -0.578262      
23.3269        0.552632       -0.675454      
23.3269        0.631579       -0.772758      
23.3269        0.710526       -0.870132      
23.3269        0.789474       -0.967536      
23.3269        0.868421       -1.06493       
23.3269        0.947368       -1.16227       
23.3269        1.02632        -1.25953       
23.3269        1.10526        -1.35667       
23.3269        1.18421        -1.45366       
23.3269        1.26316        -1.55046       
23.3269        1.34211        -1.64705       
23.3269        1.42105        -1.74338       
23.3269        1.5            -1.83945       
23.5161        0              0              
23.5161        0.0789474      -0.0930972     
23.5161        0.157895       -0.186654      
23.5161        0.236842       -0.280622      
23.5161        0.315789       -0.374952      
23.5161        0.394737       -0.469596      
23.5161        0.473684       -0.564508      
23.5161        0.552632       -0.659642      
23.5161        0.631579       -0.754954      
23.5161        0.710526       -0.850402      
23.5161        0.789474       -0.945943      
23.5161        0.868421       -1.04154       
23.5161        0.947368       -1.13715       
23.5161        1.02632        -1.23273       
23.5161        1.10526        -1.32826       
23.5161        1.18421        -1.4237        
23.5161        1.26316        -1.51901       
23.5161        1.34211        -1.61416       
23.5161        1.42105        -1.70912       
23.5161        1.5            -1.80387       
23.7052        0              0              
23.7052        0.0789474      -0.0906724     
23.7052        0.157895       -0.181869      
23.7052        0.236842       -0.273541      
23.7052        0.315789       -0.365638      
23.7052        0.394737       -0.458114      
23.7052        0.473684       -0.550921      
23.7052        0.552632       -0.644013      
23.7052        0.631579       -0.737345      
23.7052        0.710526       -0.830875      
23.7052        0.789474       -0.92456       
23.7052        0.868421       -1.01836       
23.7052        0.947368       -1.11223       
23.7052        1.02632        -1.20614       
23.7052        1.10526        -1.30006       
23.7052        1.18421        -1.39393       
23.7052        1.26316        -1.48774       
23.7052        1.34211        -1.58145       
23.7052        1.42105        -1.67502       
23.7052        1.5            -1.76844       
23.8944        0              0              
23.8944        0.0789474      -0.0882853     
23.8944        0.157895       -0.177156      
23.8944        0.236842       -0.266562      
23.8944        0.315789       -0.356454      
23.8944        0.394737       -0.446785      
23.8944        0.473684       -0.537508      
23.8944        0.552632       -0.628575      
23.8944        0.631579       -0.719942      
23.8944        0.710526       -0.811565      
23.8944        0.789474       -0.903402      
23.8944        0.868421       -0.995412      
23.8944        0.947368       -1.08755       
23.8944        1.02632        -1.17979       
23.8944        1.10526        -1.27208       
23.8944        1.18421        -1.3644        
23.8944        1.26316        -1.4567        
23.8944        1.34211        -1.54895       
23.8944        1.42105        -1.64112       
23.8944        1.5            -1.73319       
24.0835        0              0              
24.0835        0.0789474      -0.0859363     
24.0835        0.157895       -0.172515      
24.0835        0.236842       -0.259687      
24.0835        0.315789       -0.347403      
24.0835        0.394737       -0.435614      
24.0835        0.473684       -0.524274      
24.0835        0.552632       -0.613335      
24.0835        0.631579       -0.702753      
24.0835        0.710526       -0.792483      
24.0835        0.789474       -0.882483      
24.0835        0.868421       -0.972711      
24.0835        0.947368       -1.06313       
24.0835        1.02632        -1.15369       
24.0835        1.10526        -1.24436       
24.0835        1.18421        -1.33511       
24.0835        1.26316        -1.4259        
24.0835        1.34211        -1.51669       
24.0835        1.42105        -1.60746       
24.0835        1.5            -1.69816       
24.2727        0              0              
24.2727        0.0789474      -0.0836254     
24.2727        0.157895       -0.167948      
24.2727        0.236842       -0.252918      
24.2727        0.315789       -0.338485      
24.2727        0.394737       -0.424603      
24.2727        0.473684       -0.511223      
24.2727        0.552632       -0.598299      
24.2727        0.631579       -0.685785      
24.2727        0.710526       -0.773637      
24.2727        0.789474       -0.861812      
24.2727        0.868421       -0.950267      
24.2727        0.947368       -1.03896       
24.2727        1.02632        -1.12786       
24.2727        1.10526        -1.21692       
24.2727        1.18421        -1.3061        
24.2727        1.26316        -1.39537       
24.2727        1.34211        -1.4847        
24.2727        1.42105        -1.57405       
24.2727        1.5            -1.66339       
24.4618        0              0              
24.4618        0.0789474      -0.0813528     
24.4618        0.157895       -0.163454      
24.4618        0.236842       -0.246254      
24.4618        0.315789       -0.329703      
24.4618        0.394737       -0.413754      
24.4618        0.473684       -0.498358      
24.4618        0.552632       -0.58347       
24.4618        0.631579       -0.669043      
24.4618        0.710526       -0.755033      
24.4618        0.789474       -0.841396      
24.4618        0.868421       -0.928091      
24.4618        0.947368       -1.01508       
24.4618        1.02632        -1.10231       
24.4618        1.10526        -1.18976       
24.4618        1.18421        -1.27738       
24.4618        1.26316        -1.36514       
24.4618        1.34211        -1.453         
24.4618        1.42105        -1.54093       
24.4618        1.5            -1.6289        
24.651         0              0              
24.651         0.0789474      -0.0791182     
24.651         0.157895       -0.159033      
24.651         0.236842       -0.239696      
24.651         0.315789       -0.321057      
24.651         0.394737       -0.403068      
24.651         0.473684       -0.485681      
24.651         0.552632       -0.568851      
24.651         0.631579       -0.652531      
24.651         0.710526       -0.736676      
24.651         0.789474       -0.821242      
24.651         0.868421       -0.906189      
24.651         0.947368       -0.991473      
24.651         1.02632        -1.07706       
24.651         1.10526        -1.1629        
24.651         1.18421        -1.24896       
24.651         1.26316        -1.33521       
24.651         1.34211        -1.4216        
24.651         1.42105        -1.50811       
24.651         1.5            -1.59471       
24.8401        0              0              
24.8401        0.0789474      -0.0769214     
24.8401        0.157895       -0.154686      
24.8401        0.236842       -0.233244      
24.8401        0.315789       -0.312546      
24.8401        0.394737       -0.392545      
24.8401        0.473684       -0.473193      
24.8401        0.552632       -0.554443      
24.8401        0.631579       -0.63625       
24.8401        0.710526       -0.718568      
24.8401        0.789474       -0.801354      
24.8401        0.868421       -0.884566      
24.8401        0.947368       -0.968162      
24.8401        1.02632        -1.0521        
24.8401        1.10526        -1.13634       
24.8401        1.18421        -1.22085       
24.8401        1.26316        -1.30559       
24.8401        1.34211        -1.39053       
24.8401        1.42105        -1.47562       
24.8401        1.5            -1.56084       
25.0293        0              0              
25.0293        0.0789474      -0.0747621     
25.0293        0.157895       -0.150411      
25.0293        0.236842       -0.226896      
25.0293        0.315789       -0.304171      
25.0293        0.394737       -0.382185      
25.0293        0.473684       -0.460893      
25.0293        0.552632       -0.540247      
25.0293        0.631579       -0.620202      
25.0293        0.710526       -0.700713      
25.0293        0.789474       -0.781735      
25.0293        0.868421       -0.863227      
25.0293        0.947368       -0.945147      
25.0293        1.02632        -1.02745       
25.0293        1.10526        -1.11011       
25.0293        1.18421        -1.19307       
25.0293        1.26316        -1.27631       
25.0293        1.34211        -1.35978       
25.0293        1.42105        -1.44345       
25.0293        1.5            -1.5273        
25.2184        0              0              
25.2184        0.0789474      -0.0726398     
25.2184        0.157895       -0.146207      
25.2184        0.236842       -0.220653      
25.2184        0.315789       -0.29593       
25.2184        0.394737       -0.371988      
25.2184        0.473684       -0.448782      
25.2184        0.552632       -0.526264      
25.2184        0.631579       -0.604388      
25.2184        0.710526       -0.68311       
25.2184        0.789474       -0.762387      
25.2184        0.868421       -0.842174      
25.2184        0.947368       -0.922432      
25.2184        1.02632        -1.00312       
25.2184        1.10526        -1.08419       
25.2184        1.18421        -1.16562       
25.2184        1.26316        -1.24736       
25.2184        1.34211        -1.32938       
25.2184        1.42105        -1.41163       
25.2184        1.5            -1.4941        
25.4076        0              0              
25.4076        0.0789474      -0.0705541     
25.4076        0.157895       -0.142075      
25.4076        0.236842       -0.214514      
25.4076        0.315789       -0.287822      
25.4076        0.394737       -0.361953      
25.4076        0.473684       -0.436858      
25.4076        0.552632       -0.512491      
25.4076        0.631579       -0.588807      
25.4076        0.710526       -0.665762      
25.4076        0.789474       -0.74331       
25.4076        0.868421       -0.82141       
25.4076        0.947368       -0.900019      
25.4076        1.02632        -0.979097      
25.4076        1.10526        -1.0586        
25.4076        1.18421        -1.1385        
25.4076        1.26316        -1.21875       
25.4076        1.34211        -1.29932       
25.4076        1.42105        -1.38017       
25.4076        1.5            -1.46126       
25.5967        0              0              
25.5967        0.0789474      -0.0685044     
25.5967        0.157895       -0.138013      
25.5967        0.236842       -0.208476      
25.5967        0.315789       -0.279847      
25.5967        0.394737       -0.352077      
25.5967        0.473684       -0.42512       
25.5967        0.552632       -0.498929      
25.5967        0.631579       -0.573459      
25.5967        0.710526       -0.648666      
25.5967        0.789474       -0.724504      
25.5967        0.868421       -0.800933      
25.5967        0.947368       -0.877909      
25.5967        1.02632        -0.955392      
25.5967        1.10526        -1.03334       
25.5967        1.18421        -1.11172       
25.5967        1.26316        -1.19049       
25.5967        1.34211        -1.26962       
25.5967        1.42105        -1.34906       
25.5967        1.5            -1.42879       
25.7859        0              0              
25.7859        0.0789474      -0.0664902     
25.7859        0.157895       -0.134019      
25.7859        0.236842       -0.202539      
25.7859        0.315789       -0.272002      
25.7859        0.394737       -0.34236       
25.7859        0.473684       -0.413566      
25.7859        0.552632       -0.485576      
25.7859        0.631579       -0.558342      
25.7859        0.710526       -0.631822      
25.7859        0.789474       -0.70597       
25.7859        0.868421       -0.780744      
25.7859        0.947368       -0.856103      
25.7859        1.02632        -0.932006      
25.7859        1.10526        -1.00841       
25.7859        1.18421        -1.08528       
25.7859        1.26316        -1.16258       
25.7859        1.34211        -1.24027       
25.7859        1.42105        -1.31832       
25.7859        1.5            -1.39668       
25.975         0              0              
25.975         0.0789474      -0.064511      
25.975         0.157895       -0.130094      
25.975         0.236842       -0.196701      
25.975         0.315789       -0.264285      
25.975         0.394737       -0.332799      
25.975         0.473684       -0.402195      
25.975         0.552632       -0.472429      
25.975         0.631579       -0.543455      
25.975         0.710526       -0.615228      
25.975         0.789474       -0.687705      
25.975         0.868421       -0.760843      
25.975         0.947368       -0.834601      
25.975         1.02632        -0.908937      
25.975         1.10526        -0.983812      
25.975         1.18421        -1.05919       
25.975         1.26316        -1.13503       
25.975         1.34211        -1.21129       
25.975         1.42105        -1.28794       
25.975         1.5            -1.36495       
26.1642        0              0              
26.1642        0.0789474      -0.0625661     
26.1642        0.157895       -0.126236      
26.1642        0.236842       -0.190962      
26.1642        0.315789       -0.256696      
26.1642        0.394737       -0.323393      
26.1642        0.473684       -0.391005      
26.1642        0.552632       -0.459487      
26.1642        0.631579       -0.528794      
26.1642        0.710526       -0.598882      
26.1642        0.789474       -0.669707      
26.1642        0.868421       -0.741227      
26.1642        0.947368       -0.8134        
26.1642        1.02632        -0.886185      
26.1642        1.10526        -0.959543      
26.1642        1.18421        -1.03343       
26.1642        1.26316        -1.10782       
26.1642        1.34211        -1.18267       
26.1642        1.42105        -1.25794       
26.1642        1.5            -1.33359       
26.3533        0              0              
26.3533        0.0789474      -0.0606548     
26.3533        0.157895       -0.122443      
26.3533        0.236842       -0.185318      
26.3533        0.315789       -0.249232      
26.3533        0.394737       -0.314139      
26.3533        0.473684       -0.379992      
26.3533        0.552632       -0.446747      
26.3533        0.631579       -0.514358      
26.3533        0.710526       -0.582782      
26.3533        0.789474       -0.651975      
26.3533        0.868421       -0.721895      
26.3533        0.947368       -0.7925        
26.3533        1.02632        -0.863749      
26.3533        1.10526        -0.935603      
26.3533        1.18421        -1.00802       
26.3533        1.26316        -1.08097       
26.3533        1.34211        -1.15441       
26.3533        1.42105        -1.2283        
26.3533        1.5            -1.30262       
26.5425        0              0              
26.5425        0.0789474      -0.0587766     
26.5425        0.157895       -0.118715      
26.5425        0.236842       -0.179769      
26.5425        0.315789       -0.241891      
26.5425        0.394737       -0.305035      
26.5425        0.473684       -0.369155      
26.5425        0.552632       -0.434206      
26.5425        0.631579       -0.500145      
26.5425        0.710526       -0.566925      
26.5425        0.789474       -0.634506      
26.5425        0.868421       -0.702844      
26.5425        0.947368       -0.771897      
26.5425        1.02632        -0.841626      
26.5425        1.10526        -0.911991      
26.5425        1.18421        -0.982952      
26.5425        1.26316        -1.05447       
26.5425        1.34211        -1.12652       
26.5425        1.42105        -1.19904       
26.5425        1.5            -1.27202       
26.7316        0              0              
26.7316        0.0789474      -0.0569308     
26.7316        0.157895       -0.11505       
26.7316        0.236842       -0.174312      
26.7316        0.315789       -0.23467       
26.7316        0.394737       -0.296078      
26.7316        0.473684       -0.358491      
26.7316        0.552632       -0.421863      
26.7316        0.631579       -0.48615       
26.7316        0.710526       -0.551309      
26.7316        0.789474       -0.617297      
26.7316        0.868421       -0.684071      
26.7316        0.947368       -0.75159       
26.7316        1.02632        -0.819815      
26.7316        1.10526        -0.888705      
26.7316        1.18421        -0.958221      
26.7316        1.26316        -1.02833       
26.7316        1.34211        -1.09898       
26.7316        1.42105        -1.17015       
26.7316        1.5            -1.24181       
26.9208        0              0              
26.9208        0.0789474      -0.0551168     
26.9208        0.157895       -0.111448      
26.9208        0.236842       -0.168947      
26.9208        0.315789       -0.227569      
26.9208        0.394737       -0.287267      
26.9208        0.473684       -0.347996      
26.9208        0.552632       -0.409712      
26.9208        0.631579       -0.472371      
26.9208        0.710526       -0.535929      
26.9208        0.789474       -0.600344      
26.9208        0.868421       -0.665573      
26.9208        0.947368       -0.731576      
26.9208        1.02632        -0.798312      
26.9208        1.10526        -0.865741      
26.9208        1.18421        -0.933826      
26.9208        1.26316        -1.00253       
26.9208        1.34211        -1.07181       
26.9208        1.42105        -1.14164       
26.9208        1.5            -1.21197       
27.1099        0              0              
27.1099        0.0789474      -0.0533339     
27.1099        0.157895       -0.107906      
27.1099        0.236842       -0.163672      
27.1099        0.315789       -0.220584      
27.1099        0.394737       -0.278598      
27.1099        0.473684       -0.337669      
27.1099        0.552632       -0.397753      
27.1099        0.631579       -0.458805      
27.1099        0.710526       -0.520783      
27.1099        0.789474       -0.583645      
27.1099        0.868421       -0.647347      
27.1099        0.947368       -0.711851      
27.1099        1.02632        -0.777114      
27.1099        1.10526        -0.843098      
27.1099        1.18421        -0.909765      
27.1099        1.26316        -0.977077      
27.1099        1.34211        -1.045         
27.1099        1.42105        -1.11349       
27.1099        1.5            -1.18252       
27.2991        0              0              
27.2991        0.0789474      -0.0515814     
27.2991        0.157895       -0.104424      
27.2991        0.236842       -0.158484      
27.2991        0.315789       -0.213714      
27.2991        0.394737       -0.270069      
27.2991        0.473684       -0.327506      
27.2991        0.552632       -0.385981      
27.2991        0.631579       -0.445449      
27.2991        0.710526       -0.505868      
27.2991        0.789474       -0.567195      
27.2991        0.868421       -0.62939       
27.2991        0.947368       -0.692411      
27.2991        1.02632        -0.756218      
27.2991        1.10526        -0.820773      
27.2991        1.18421        -0.886035      
27.2991        1.26316        -0.95197       
27.2991        1.34211        -1.01854       
27.2991        1.42105        -1.0857        
27.2991        1.5            -1.15344       
27.4882        0              0              
27.4882        0.0789474      -0.0498588     
27.4882        0.157895       -0.101001      
27.4882        0.236842       -0.153382      
27.4882        0.315789       -0.206955      
27.4882        0.394737       -0.261678      
27.4882        0.473684       -0.317505      
27.4882        0.552632       -0.374393      
27.4882        0.631579       -0.432299      
27.4882        0.710526       -0.491179      
27.4882        0.789474       -0.550992      
27.4882        0.868421       -0.611697      
27.4882        0.947368       -0.673253      
27.4882        1.02632        -0.735621      
27.4882        1.10526        -0.79876       
27.4882        1.18421        -0.862633      
27.4882        1.26316        -0.927203      
27.4882        1.34211        -0.992432      
27.4882        1.42105        -1.05829       
27.4882        1.5            -1.12473       
27.6774        0              0              
27.6774        0.0789474      -0.0481654     
27.6774        0.157895       -0.097635      
27.6774        0.236842       -0.148364      
27.6774        0.315789       -0.200308      
27.6774        0.394737       -0.253422      
27.6774        0.473684       -0.307663      
27.6774        0.552632       -0.362987      
27.6774        0.631579       -0.419351      
27.6774        0.710526       -0.476713      
27.6774        0.789474       -0.535032      
27.6774        0.868421       -0.594265      
27.6774        0.947368       -0.654374      
27.6774        1.02632        -0.715317      
27.6774        1.10526        -0.777057      
27.6774        1.18421        -0.839555      
27.6774        1.26316        -0.902773      
27.6774        1.34211        -0.966676      
27.6774        1.42105        -1.03123       
27.6774        1.5            -1.09639       
27.8665        0              0              
27.8665        0.0789474      -0.0465006     
27.8665        0.157895       -0.094325      
27.8665        0.236842       -0.143429      
27.8665        0.315789       -0.193768      
27.8665        0.394737       -0.245298      
27.8665        0.473684       -0.297976      
27.8665        0.552632       -0.351758      
27.8665        0.631579       -0.406603      
27.8665        0.710526       -0.462467      
27.8665        0.789474       -0.51931       
27.8665        0.868421       -0.57709       
27.8665        0.947368       -0.635768      
27.8665        1.02632        -0.695304      
27.8665        1.10526        -0.75566       
27.8665        1.18421        -0.816796      
27.8665        1.26316        -0.878677      
27.8665        1.34211        -0.941266      
27.8665        1.42105        -1.00453       
27.8665        1.5            -1.06843       
28.0557        0              0              
28.0557        0.0789474      -0.0448637     
28.0557        0.157895       -0.0910699     
28.0557        0.236842       -0.138574      
28.0557        0.315789       -0.187334      
28.0557        0.394737       -0.237304      
28.0557        0.473684       -0.288442      
28.0557        0.552632       -0.340705      
28.0557        0.631579       -0.39405       
28.0557        0.710526       -0.448437      
28.0557        0.789474       -0.503823      
28.0557        0.868421       -0.560168      
28.0557        0.947368       -0.617433      
28.0557        1.02632        -0.675578      
28.0557        1.10526        -0.734564      
28.0557        1.18421        -0.794354      
28.0557        1.26316        -0.85491       
28.0557        1.34211        -0.916198      
28.0557        1.42105        -0.97818       
28.0557        1.5            -1.04082       
28.2448        0              0              
28.2448        0.0789474      -0.0432542     
28.2448        0.157895       -0.0878686     
28.2448        0.236842       -0.133799      
28.2448        0.315789       -0.181003      
28.2448        0.394737       -0.229437      
28.2448        0.473684       -0.279057      
28.2448        0.552632       -0.329822      
28.2448        0.631579       -0.38169       
28.2448        0.710526       -0.434618      
28.2448        0.789474       -0.488567      
28.2448        0.868421       -0.543495      
28.2448        0.947368       -0.599363      
28.2448        1.02632        -0.656133      
28.2448        1.10526        -0.713765      
28.2448        1.18421        -0.772223      
28.2448        1.26316        -0.831469      
28.2448        1.34211        -0.891467      
28.2448        1.42105        -0.952182      
28.2448        1.5            -1.01358       
28.434         0              0              
28.434         0.0789474      -0.0416715     
28.434         0.157895       -0.0847199     
28.434         0.236842       -0.129102      
28.434         0.315789       -0.174775      
28.434         0.394737       -0.221695      
28.434         0.473684       -0.26982       
28.434         0.552632       -0.319109      
28.434         0.631579       -0.369518      
28.434         0.710526       -0.421008      
28.434         0.789474       -0.473538      
28.434         0.868421       -0.527067      
28.434         0.947368       -0.581556      
28.434         1.02632        -0.636966      
28.434         1.10526        -0.69326       
28.434         1.18421        -0.750399      
28.434         1.26316        -0.808348      
28.434         1.34211        -0.86707       
28.434         1.42105        -0.92653       
28.434         1.5            -0.986693      
28.6231        0              0              
28.6231        0.0789474      -0.0401149     
28.6231        0.157895       -0.0816226     
28.6231        0.236842       -0.12448       
28.6231        0.315789       -0.168645      
28.6231        0.394737       -0.214075      
28.6231        0.473684       -0.260727      
28.6231        0.552632       -0.30856       
28.6231        0.631579       -0.357532      
28.6231        0.710526       -0.407603      
28.6231        0.789474       -0.458732      
28.6231        0.868421       -0.510879      
28.6231        0.947368       -0.564005      
28.6231        1.02632        -0.618073      
28.6231        1.10526        -0.673043      
28.6231        1.18421        -0.728879      
28.6231        1.26316        -0.785544      
28.6231        1.34211        -0.843002      
28.6231        1.42105        -0.901219      
28.6231        1.5            -0.960159      
28.8123        0              0              
28.8123        0.0789474      -0.0385839     
28.8123        0.157895       -0.0785758     
28.8123        0.236842       -0.119933      
28.8123        0.315789       -0.162614      
28.8123        0.394737       -0.206575      
28.8123        0.473684       -0.251775      
28.8123        0.552632       -0.298173      
28.8123        0.631579       -0.345728      
28.8123        0.710526       -0.394398      
28.8123        0.789474       -0.444145      
28.8123        0.868421       -0.494928      
28.8123        0.947368       -0.546708      
28.8123        1.02632        -0.599448      
28.8123        1.10526        -0.65311       
28.8123        1.18421        -0.707656      
28.8123        1.26316        -0.763051      
28.8123        1.34211        -0.819259      
28.8123        1.42105        -0.876244      
28.8123        1.5            -0.933973      
29.0014        0              0              
29.0014        0.0789474      -0.037078      
29.0014        0.157895       -0.0755783     
29.0014        0.236842       -0.115459      
29.0014        0.315789       -0.156677      
29.0014        0.394737       -0.199192      
29.0014        0.473684       -0.242962      
29.0014        0.552632       -0.287945      
29.0014        0.631579       -0.334102      
29.0014        0.710526       -0.381391      
29.0014        0.789474       -0.429773      
29.0014        0.868421       -0.479209      
29.0014        0.947368       -0.52966       
29.0014        1.02632        -0.581089      
29.0014        1.10526        -0.633457      
29.0014        1.18421        -0.686728      
29.0014        1.26316        -0.740866      
29.0014        1.34211        -0.795836      
29.0014        1.42105        -0.851602      
29.0014        1.5            -0.908131      
29.1906        0              0              
29.1906        0.0789474      -0.0355965     
29.1906        0.157895       -0.072629      
29.1906        0.236842       -0.111055      
29.1906        0.315789       -0.150834      
29.1906        0.394737       -0.191924      
29.1906        0.473684       -0.234284      
29.1906        0.552632       -0.277873      
29.1906        0.631579       -0.322651      
29.1906        0.710526       -0.368577      
29.1906        0.789474       -0.415612      
29.1906        0.868421       -0.463719      
29.1906        0.947368       -0.512857      
29.1906        1.02632        -0.562989      
29.1906        1.10526        -0.614079      
29.1906        1.18421        -0.666089      
29.1906        1.26316        -0.718984      
29.1906        1.34211        -0.772728      
29.1906        1.42105        -0.827287      
29.1906        1.5            -0.882628      
29.3797        0              0              
29.3797        0.0789474      -0.034139      
29.3797        0.157895       -0.0697268     
29.3797        0.236842       -0.106722      
29.3797        0.315789       -0.145083      
29.3797        0.394737       -0.184769      
29.3797        0.473684       -0.22574       
29.3797        0.552632       -0.267954      
29.3797        0.631579       -0.311371      
29.3797        0.710526       -0.355953      
29.3797        0.789474       -0.40166       
29.3797        0.868421       -0.448453      
29.3797        0.947368       -0.496294      
29.3797        1.02632        -0.545146      
29.3797        1.10526        -0.594971      
29.3797        1.18421        -0.645735      
29.3797        1.26316        -0.6974        
29.3797        1.34211        -0.749932      
29.3797        1.42105        -0.803296      
29.3797        1.5            -0.857459      
29.5689        0              0              
29.5689        0.0789474      -0.032705      
29.5689        0.157895       -0.0668709     
29.5689        0.236842       -0.102457      
29.5689        0.315789       -0.139421      
29.5689        0.394737       -0.177725      
29.5689        0.473684       -0.217325      
29.5689        0.552632       -0.258184      
29.5689        0.631579       -0.30026       
29.5689        0.710526       -0.343515      
29.5689        0.789474       -0.38791       
29.5689        0.868421       -0.433407      
29.5689        0.947368       -0.479967      
29.5689        1.02632        -0.527554      
29.5689        1.10526        -0.57613       
29.5689        1.18421        -0.625661      
29.5689        1.26316        -0.676109      
29.5689        1.34211        -0.727441      
29.5689        1.42105        -0.779622      
29.5689        1.5            -0.832619      
29.758         0              0              
29.758         0.0789474      -0.0312938     
29.758         0.157895       -0.0640601     
29.758         0.236842       -0.0982583     
29.758         0.315789       -0.133848      
29.758         0.394737       -0.170788      
29.758         0.473684       -0.209039      
29.758         0.552632       -0.248561      
29.758         0.631579       -0.289314      
29.758         0.710526       -0.331261      
29.758         0.789474       -0.374361      
29.758         0.868421       -0.418577      
29.758         0.947368       -0.463873      
29.758         1.02632        -0.510209      
29.758         1.10526        -0.557551      
29.758         1.18421        -0.605862      
29.758         1.26316        -0.655107      
29.758         1.34211        -0.705252      
29.758         1.42105        -0.756262      
29.758         1.5            -0.808104      
29.9472        0              0              
29.9472        0.0789474      -0.029905      
29.9472        0.157895       -0.0612936     
29.9472        0.236842       -0.0941252     
29.9472        0.315789       -0.12836       
29.9472        0.394737       -0.163957      
29.9472        0.473684       -0.200878      
29.9472        0.552632       -0.239082      
29.9472        0.631579       -0.278531      
29.9472        0.710526       -0.319185      
29.9472        0.789474       -0.361008      
29.9472        0.868421       -0.403961      
29.9472        0.947368       -0.448006      
29.9472        1.02632        -0.493107      
29.9472        1.10526        -0.539229      
29.9472        1.18421        -0.586335      
29.9472        1.26316        -0.63439       
29.9472        1.34211        -0.68336       
29.9472        1.42105        -0.733211      
29.9472        1.5            -0.783909      
30.1363        0              0              
30.1363        0.0789474      -0.0285382     
30.1363        0.157895       -0.0585702     
30.1363        0.236842       -0.0900561     
30.1363        0.315789       -0.122956      
30.1363        0.394737       -0.15723       
30.1363        0.473684       -0.192839      
30.1363        0.552632       -0.229744      
30.1363        0.631579       -0.267905      
30.1363        0.710526       -0.307286      
30.1363        0.789474       -0.347847      
30.1363        0.868421       -0.389552      
30.1363        0.947368       -0.432363      
30.1363        1.02632        -0.476244      
30.1363        1.10526        -0.52116       
30.1363        1.18421        -0.567074      
30.1363        1.26316        -0.613952      
30.1363        1.34211        -0.661759      
30.1363        1.42105        -0.710463      
30.1363        1.5            -0.76003       
30.3255        0              0              
30.3255        0.0789474      -0.0271928     
30.3255        0.157895       -0.0558893     
30.3255        0.236842       -0.0860496     
30.3255        0.315789       -0.117634      
30.3255        0.394737       -0.150604      
30.3255        0.473684       -0.18492       
30.3255        0.552632       -0.220544      
30.3255        0.631579       -0.257436      
30.3255        0.710526       -0.295559      
30.3255        0.789474       -0.334876      
30.3255        0.868421       -0.375348      
30.3255        0.947368       -0.41694       
30.3255        1.02632        -0.459616      
30.3255        1.10526        -0.503339      
30.3255        1.18421        -0.548075      
30.3255        1.26316        -0.593789      
30.3255        1.34211        -0.640446      
30.3255        1.42105        -0.688015      
30.3255        1.5            -0.736461      
30.5146        0              0              
30.5146        0.0789474      -0.0258684     
30.5146        0.157895       -0.0532497     
30.5146        0.236842       -0.0821045     
30.5146        0.315789       -0.112394      
30.5146        0.394737       -0.144078      
30.5146        0.473684       -0.17712       
30.5146        0.552632       -0.211479      
30.5146        0.631579       -0.247119      
30.5146        0.710526       -0.284002      
30.5146        0.789474       -0.322089      
30.5146        0.868421       -0.361346      
30.5146        0.947368       -0.401734      
30.5146        1.02632        -0.443218      
30.5146        1.10526        -0.485763      
30.5146        1.18421        -0.529334      
30.5146        1.26316        -0.573896      
30.5146        1.34211        -0.619416      
30.5146        1.42105        -0.665861      
30.5146        1.5            -0.713197      
30.7038        0              0              
30.7038        0.0789474      -0.0245645     
30.7038        0.157895       -0.0506506     
30.7038        0.236842       -0.0782194     
30.7038        0.315789       -0.107232      
30.7038        0.394737       -0.13765       
30.7038        0.473684       -0.169434      
30.7038        0.552632       -0.202548      
30.7038        0.631579       -0.236952      
30.7038        0.710526       -0.27261       
30.7038        0.789474       -0.309485      
30.7038        0.868421       -0.34754       
30.7038        0.947368       -0.386739      
30.7038        1.02632        -0.427046      
30.7038        1.10526        -0.468426      
30.7038        1.18421        -0.510845      
30.7038        1.26316        -0.554269      
30.7038        1.34211        -0.598664      
30.7038        1.42105        -0.643997      
30.7038        1.5            -0.690235      
30.8929        0              0              
30.8929        0.0789474      -0.0232807     
30.8929        0.157895       -0.0480912     
30.8929        0.236842       -0.074393      
30.8929        0.315789       -0.102148      
30.8929        0.394737       -0.131317      
30.8929        0.473684       -0.161862      
30.8929        0.552632       -0.193747      
30.8929        0.631579       -0.226932      
30.8929        0.710526       -0.261382      
30.8929        0.789474       -0.297059      
30.8929        0.868421       -0.333928      
30.8929        0.947368       -0.371952      
30.8929        1.02632        -0.411096      
30.8929        1.10526        -0.451326      
30.8929        1.18421        -0.492606      
30.8929        1.26316        -0.534904      
30.8929        1.34211        -0.578185      
30.8929        1.42105        -0.622418      
30.8929        1.5            -0.667569      
31.0821        0              0              
31.0821        0.0789474      -0.0220165     
31.0821        0.157895       -0.0455707     
31.0821        0.236842       -0.0706242     
31.0821        0.315789       -0.097139      
31.0821        0.394737       -0.125077      
31.0821        0.473684       -0.154401      
31.0821        0.552632       -0.185073      
31.0821        0.631579       -0.217056      
31.0821        0.710526       -0.250313      
31.0821        0.789474       -0.284808      
31.0821        0.868421       -0.320506      
31.0821        0.947368       -0.357369      
31.0821        1.02632        -0.395365      
31.0821        1.10526        -0.434457      
31.0821        1.18421        -0.474612      
31.0821        1.26316        -0.515796      
31.0821        1.34211        -0.557975      
31.0821        1.42105        -0.601119      
31.0821        1.5            -0.645194      
31.2712        0              0              
31.2712        0.0789474      -0.0207716     
31.2712        0.157895       -0.0430881     
31.2712        0.236842       -0.0669117     
31.2712        0.315789       -0.0922046     
31.2712        0.394737       -0.118929      
31.2712        0.473684       -0.147048      
31.2712        0.552632       -0.176524      
31.2712        0.631579       -0.20732       
31.2712        0.710526       -0.239401      
31.2712        0.789474       -0.272729      
31.2712        0.868421       -0.30727       
31.2712        0.947368       -0.342988      
31.2712        1.02632        -0.379848      
31.2712        1.10526        -0.417815      
31.2712        1.18421        -0.456857      
31.2712        1.26316        -0.49694       
31.2712        1.34211        -0.53803       
31.2712        1.42105        -0.580096      
31.2712        1.5            -0.623106      
31.4604        0              0              
31.4604        0.0789474      -0.0195454     
31.4604        0.157895       -0.0406427     
31.4604        0.236842       -0.0632544     
31.4604        0.315789       -0.0873428     
31.4604        0.394737       -0.112871      
31.4604        0.473684       -0.139802      
31.4604        0.552632       -0.168098      
31.4604        0.631579       -0.197724      
31.4604        0.710526       -0.228643      
31.4604        0.789474       -0.260819      
31.4604        0.868421       -0.294217      
31.4604        0.947368       -0.328803      
31.4604        1.02632        -0.364541      
31.4604        1.10526        -0.401397      
31.4604        1.18421        -0.439339      
31.4604        1.26316        -0.478333      
31.4604        1.34211        -0.518345      
31.4604        1.42105        -0.559345      
31.4604        1.5            -0.6013        
31.6495        0              0              
31.6495        0.0789474      -0.0183377     
31.6495        0.157895       -0.0382338     
31.6495        0.236842       -0.059651      
31.6495        0.315789       -0.0825523     
31.6495        0.394737       -0.106901      
31.6495        0.473684       -0.132659      
31.6495        0.552632       -0.159792      
31.6495        0.631579       -0.188262      
31.6495        0.710526       -0.218035      
31.6495        0.789474       -0.249074      
31.6495        0.868421       -0.281344      
31.6495        0.947368       -0.314811      
31.6495        1.02632        -0.349441      
31.6495        1.10526        -0.385199      
31.6495        1.18421        -0.422053      
31.6495        1.26316        -0.459969      
31.6495        1.34211        -0.498916      
31.6495        1.42105        -0.53886       
31.6495        1.5            -0.579772      
31.8387        0              0              
31.8387        0.0789474      -0.017148      
31.8387        0.157895       -0.0358605     
31.8387        0.236842       -0.0561006     
31.8387        0.315789       -0.0778314     
31.8387        0.394737       -0.101017      
31.8387        0.473684       -0.125619      
31.8387        0.552632       -0.151604      
31.8387        0.631579       -0.178934      
31.8387        0.710526       -0.207575      
31.8387        0.789474       -0.237491      
31.8387        0.868421       -0.268647      
31.8387        0.947368       -0.301009      
31.8387        1.02632        -0.334544      
31.8387        1.10526        -0.369217      
31.8387        1.18421        -0.404995      
31.8387        1.26316        -0.441846      
31.8387        1.34211        -0.479738      
31.8387        1.42105        -0.518638      
31.8387        1.5            -0.558517      
32.0278        0              0              
32.0278        0.0789474      -0.0159759     
32.0278        0.157895       -0.0335221     
32.0278        0.236842       -0.0526019     
32.0278        0.315789       -0.0731789     
32.0278        0.394737       -0.0952168     
32.0278        0.473684       -0.11868       
32.0278        0.552632       -0.143531      
32.0278        0.631579       -0.169737      
32.0278        0.710526       -0.19726       
32.0278        0.789474       -0.226067      
32.0278        0.868421       -0.256123      
32.0278        0.947368       -0.287394      
32.0278        1.02632        -0.319846      
32.0278        1.10526        -0.353446      
32.0278        1.18421        -0.388161      
32.0278        1.26316        -0.423958      
32.0278        1.34211        -0.460807      
32.0278        1.42105        -0.498675      
32.0278        1.5            -0.537531      
32.217         0              0              
32.217         0.0789474      -0.0148212     
32.217         0.157895       -0.0312179     
32.217         0.236842       -0.049154      
32.217         0.315789       -0.0685933     
32.217         0.394737       -0.0894999     
32.217         0.473684       -0.111838      
32.217         0.552632       -0.135572      
32.217         0.631579       -0.160667      
32.217         0.710526       -0.187087      
32.217         0.789474       -0.2148        
32.217         0.868421       -0.243769      
32.217         0.947368       -0.273961      
32.217         1.02632        -0.305344      
32.217         1.10526        -0.337883      
32.217         1.18421        -0.371547      
32.217         1.26316        -0.406303      
32.217         1.34211        -0.442119      
32.217         1.42105        -0.478964      
32.217         1.5            -0.516809      
32.4061        0              0              
32.4061        0.0789474      -0.0136833     
32.4061        0.157895       -0.0289472     
32.4061        0.236842       -0.0457558     
32.4061        0.315789       -0.0640733     
32.4061        0.394737       -0.083864      
32.4061        0.473684       -0.105093      
32.4061        0.552632       -0.127724      
32.4061        0.631579       -0.151722      
32.4061        0.710526       -0.177054      
32.4061        0.789474       -0.203685      
32.4061        0.868421       -0.231581      
32.4061        0.947368       -0.260708      
32.4061        1.02632        -0.291034      
32.4061        1.10526        -0.322525      
32.4061        1.18421        -0.355149      
32.4061        1.26316        -0.388874      
32.4061        1.34211        -0.42367       
32.4061        1.42105        -0.459504      
32.4061        1.5            -0.496347      
32.5953        0              0              
32.5953        0.0789474      -0.012562      
32.5953        0.157895       -0.0267093     
32.5953        0.236842       -0.0424063     
32.5953        0.315789       -0.0596175     
32.5953        0.394737       -0.0783076     
32.5953        0.473684       -0.0984415     
32.5953        0.552632       -0.119984      
32.5953        0.631579       -0.142901      
32.5953        0.710526       -0.167158      
32.5953        0.789474       -0.192721      
32.5953        0.868421       -0.219557      
32.5953        0.947368       -0.247632      
32.5953        1.02632        -0.276912      
32.5953        1.10526        -0.307367      
32.5953        1.18421        -0.338964      
32.5953        1.26316        -0.37167       
32.5953        1.34211        -0.405456      
32.5953        1.42105        -0.440289      
32.5953        1.5            -0.47614       
32.7844        0              0              
32.7844        0.0789474      -0.0114569     
32.7844        0.157895       -0.0245035     
32.7844        0.236842       -0.0391045     
32.7844        0.315789       -0.0552247     
32.7844        0.394737       -0.0728291     
32.7844        0.473684       -0.091883      
32.7844        0.552632       -0.112352      
32.7844        0.631579       -0.134201      
32.7844        0.710526       -0.157397      
32.7844        0.789474       -0.181905      
32.7844        0.868421       -0.207693      
32.7844        0.947368       -0.234728      
32.7844        1.02632        -0.262977      
32.7844        1.10526        -0.292407      
32.7844        1.18421        -0.322987      
32.7844        1.26316        -0.354686      
32.7844        1.34211        -0.387472      
32.7844        1.42105        -0.421315      
32.7844        1.5            -0.456186      
32.9736        0              0              
32.9736        0.0789474      -0.0103677     
32.9736        0.157895       -0.0223292     
32.9736        0.236842       -0.0358494     
32.9736        0.315789       -0.0508936     
32.9736        0.394737       -0.067427      
32.9736        0.473684       -0.0854151     
32.9736        0.552632       -0.104824      
32.9736        0.631579       -0.125619      
32.9736        0.710526       -0.147767      
32.9736        0.789474       -0.171234      
32.9736        0.868421       -0.195987      
32.9736        0.947368       -0.221994      
32.9736        1.02632        -0.249223      
32.9736        1.10526        -0.27764       
32.9736        1.18421        -0.307216      
32.9736        1.26316        -0.337918      
32.9736        1.34211        -0.369716      
32.9736        1.42105        -0.402579      
32.9736        1.5            -0.436478      
33.1627        0              0              
33.1627        0.0789474      -0.00929404    
33.1627        0.157895       -0.0201857     
33.1627        0.236842       -0.0326402     
33.1627        0.315789       -0.046623      
33.1627        0.394737       -0.0620998     
33.1627        0.473684       -0.0790363     
33.1627        0.552632       -0.0973985     
33.1627        0.631579       -0.117153      
33.1627        0.710526       -0.138266      
33.1627        0.789474       -0.160704      
33.1627        0.868421       -0.184436      
33.1627        0.947368       -0.209427      
33.1627        1.02632        -0.235647      
33.1627        1.10526        -0.263064      
33.1627        1.18421        -0.291646      
33.1627        1.26316        -0.321362      
33.1627        1.34211        -0.352182      
33.1627        1.42105        -0.384076      
33.1627        1.5            -0.417014      
33.3519        0              0              
33.3519        0.0789474      -0.00823564    
33.3519        0.157895       -0.0180724     
33.3519        0.236842       -0.0294758     
33.3519        0.315789       -0.0424117     
33.3519        0.394737       -0.056846      
33.3519        0.473684       -0.0727446     
33.3519        0.552632       -0.0900741     
33.3519        0.631579       -0.108801      
33.3519        0.710526       -0.128892      
33.3519        0.789474       -0.150315      
33.3519        0.868421       -0.173036      
33.3519        0.947368       -0.197025      
33.3519        1.02632        -0.222248      
33.3519        1.10526        -0.248675      
33.3519        1.18421        -0.276274      
33.3519        1.26316        -0.305015      
33.3519        1.34211        -0.334868      
33.3519        1.42105        -0.365803      
33.3519        1.5            -0.397789      
33.541         0              0              
33.541         0.0789474      -0.00719218    
33.541         0.157895       -0.0159887     
33.541         0.236842       -0.0263555     
33.541         0.315789       -0.0382586     
33.541         0.394737       -0.0516641     
33.541         0.473684       -0.0665385     
33.541         0.552632       -0.0828485     
33.541         0.631579       -0.100561      
33.541         0.710526       -0.119643      
33.541         0.789474       -0.140062      
33.541         0.868421       -0.161786      
33.541         0.947368       -0.184783      
33.541         1.02632        -0.209021      
33.541         1.10526        -0.234469      
33.541         1.18421        -0.261097      
33.541         1.26316        -0.288874      
33.541         1.34211        -0.31777       
33.541         1.42105        -0.347755      
33.541         1.5            -0.3788        
33.7302        0              0              
33.7302        0.0789474      -0.00616336    
33.7302        0.157895       -0.0139341     
33.7302        0.236842       -0.0232783     
33.7302        0.315789       -0.0341624     
33.7302        0.394737       -0.0465528     
33.7302        0.473684       -0.0604163     
33.7302        0.552632       -0.0757198     
33.7302        0.631579       -0.0924305     
33.7302        0.710526       -0.110516      
33.7302        0.789474       -0.129944      
33.7302        0.868421       -0.150682      
33.7302        0.947368       -0.172699      
33.7302        1.02632        -0.195963      
33.7302        1.10526        -0.220444      
33.7302        1.18421        -0.246111      
33.7302        1.26316        -0.272934      
33.7302        1.34211        -0.300883      
33.7302        1.42105        -0.329929      
33.7302        1.5            -0.360042      
33.9193        0              0              
33.9193        0.0789474      -0.00514888    
33.9193        0.157895       -0.0119078     
33.9193        0.236842       -0.0202434     
33.9193        0.315789       -0.0301221     
33.9193        0.394737       -0.0415108     
33.9193        0.473684       -0.0543764     
33.9193        0.552632       -0.0686863     
33.9193        0.631579       -0.0844078     
33.9193        0.710526       -0.101509      
33.9193        0.789474       -0.119957      
33.9193        0.868421       -0.139721      
33.9193        0.947368       -0.16077       
33.9193        1.02632        -0.183072      
33.9193        1.10526        -0.206596      
33.9193        1.18421        -0.231313      
33.9193        1.26316        -0.257193      
33.9193        1.34211        -0.284205      
33.9193        1.42105        -0.312321      
33.9193        1.5            -0.341511      
34.1085        0              0              
34.1085        0.0789474      -0.00414846    
34.1085        0.157895       -0.00990951    
34.1085        0.236842       -0.0172499     
34.1085        0.315789       -0.0261366     
34.1085        0.394737       -0.0365366     
34.1085        0.473684       -0.0484173     
34.1085        0.552632       -0.0617461     
34.1085        0.631579       -0.0764908     
34.1085        0.710526       -0.0926194     
34.1085        0.789474       -0.1101        
34.1085        0.868421       -0.128902      
34.1085        0.947368       -0.148993      
34.1085        1.02632        -0.170344      
34.1085        1.10526        -0.192923      
34.1085        1.18421        -0.2167        
34.1085        1.26316        -0.241646      
34.1085        1.34211        -0.267731      
34.1085        1.42105        -0.294927      
34.1085        1.5            -0.323205      
34.2976        0              0              
34.2976        0.0789474      -0.00316182    
34.2976        0.157895       -0.00793851    
34.2976        0.236842       -0.0142971     
34.2976        0.315789       -0.0222048     
34.2976        0.394737       -0.0316291     
34.2976        0.473684       -0.0425373     
34.2976        0.552632       -0.0548975     
34.2976        0.631579       -0.0686775     
34.2976        0.710526       -0.0838457     
34.2976        0.789474       -0.100371      
34.2976        0.868421       -0.118221      
34.2976        0.947368       -0.137367      
34.2976        1.02632        -0.157776      
34.2976        1.10526        -0.17942       
34.2976        1.18421        -0.202268      
34.2976        1.26316        -0.226291      
34.2976        1.34211        -0.25146       
34.2976        1.42105        -0.277745      
34.2976        1.5            -0.305119      
34.4868        0              0              
34.4868        0.0789474      -0.0021887     
34.4868        0.157895       -0.00599431    
34.4868        0.236842       -0.0113842     
34.4868        0.315789       -0.0183258     
34.4868        0.394737       -0.0267868     
34.4868        0.473684       -0.0367351     
34.4868        0.552632       -0.0481387     
34.4868        0.631579       -0.060966      
34.4868        0.710526       -0.0751855     
34.4868        0.789474       -0.090766      
34.4868        0.868421       -0.107677      
34.4868        0.947368       -0.125887      
34.4868        1.02632        -0.145367      
34.4868        1.10526        -0.166086      
34.4868        1.18421        -0.188015      
34.4868        1.26316        -0.211124      
34.4868        1.34211        -0.235386      
34.4868        1.42105        -0.26077       
34.4868        1.5            -0.287249      
34.6759        0              0              
34.6759        0.0789474      -0.00122881    
34.6759        0.157895       -0.00407639    
34.6759        0.236842       -0.00851035    
34.6759        0.315789       -0.0144985     
34.6759        0.394737       -0.0220087     
34.6759        0.473684       -0.0310092     
34.6759        0.552632       -0.0414682     
34.6759        0.631579       -0.0533544     
34.6759        0.710526       -0.0666366     
34.6759        0.789474       -0.0812839     
34.6759        0.868421       -0.0972657     
34.6759        0.947368       -0.114552      
34.6759        1.02632        -0.133112      
34.6759        1.10526        -0.152917      
34.6759        1.18421        -0.173937      
34.6759        1.26316        -0.196143      
34.6759        1.34211        -0.219506      
34.6759        1.42105        -0.243999      
34.6759        1.5            -0.269593      
34.8651        0              0              
34.8651        0.0789474      -0.000281915   
34.8651        0.157895       -0.00218424    
34.8651        0.236842       -0.00567488    
34.8651        0.315789       -0.0107219     
34.8651        0.394737       -0.0172935     
34.8651        0.473684       -0.0253581     
34.8651        0.552632       -0.0348842     
34.8651        0.631579       -0.0458409     
34.8651        0.710526       -0.0581971     
34.8651        0.789474       -0.0719223     
34.8651        0.868421       -0.0869861     
34.8651        0.947368       -0.103358      
34.8651        1.02632        -0.12101       
34.8651        1.10526        -0.13991       
34.8651        1.18421        -0.160031      
34.8651        1.26316        -0.181343      
34.8651        1.34211        -0.203819      
34.8651        1.42105        -0.227429      
34.8651        1.5            -0.252146      
35.0542        0              0              
35.0542        0.0789474      0.000652245    
35.0542        0.157895       -0.000317376   
35.0542        0.236842       -0.00287704    
35.0542        0.315789       -0.00699508    
35.0542        0.394737       -0.01264       
35.0542        0.473684       -0.0197804     
35.0542        0.552632       -0.0283853     
35.0542        0.631579       -0.0384237     
35.0542        0.710526       -0.0498651     
35.0542        0.789474       -0.062679      
35.0542        0.868421       -0.0768355     
35.0542        0.947368       -0.0923046     
35.0542        1.02632        -0.109057      
35.0542        1.10526        -0.127063      
35.0542        1.18421        -0.146295      
35.0542        1.26316        -0.166723      
35.0542        1.34211        -0.188319      
35.0542        1.42105        -0.211056      
35.0542        1.5            -0.234906      
35.2434        0              0              
35.2434        0.0789474      0.00157391     
35.2434        0.157895       0.00152469     
35.2434        0.236842       -0.000116115   
35.2434        0.315789       -0.0033171     
35.2434        0.394737       -0.00804703    
35.2434        0.473684       -0.0142749     
35.2434        0.552632       -0.0219697     
35.2434        0.631579       -0.0311011     
35.2434        0.710526       -0.0416385     
35.2434        0.789474       -0.0535519     
35.2434        0.868421       -0.0668115     
35.2434        0.947368       -0.0813877     
35.2434        1.02632        -0.0972513     
35.2434        1.10526        -0.114373      
35.2434        1.18421        -0.132725      
35.2434        1.26316        -0.152278      
35.2434        1.34211        -0.173005      
35.2434        1.42105        -0.194877      
35.2434        1.5            -0.217868      
35.4325        0              0              
35.4325        0.0789474      0.00248333     
35.4325        0.157895       0.00334243     
35.4325        0.236842       0.00260859     
35.4325        0.315789       0.000312948    
35.4325        0.394737       -0.00351354    
35.4325        0.473684       -0.00884008    
35.4325        0.552632       -0.0156361     
35.4325        0.631579       -0.0238713     
35.4325        0.710526       -0.0335155     
35.4325        0.789474       -0.044539      
35.4325        0.868421       -0.056912      
35.4325        0.947368       -0.0706054     
35.4325        1.02632        -0.0855901     
35.4325        1.10526        -0.101837      
35.4325        1.18421        -0.119319      
35.4325        1.26316        -0.138007      
35.4325        1.34211        -0.157873      
35.4325        1.42105        -0.17889       
35.4325        1.5            -0.20103       
35.6217        0              0              
35.6217        0.0789474      0.00338073     
35.6217        0.157895       0.00513631     
35.6217        0.236842       0.00529776     
35.6217        0.315789       0.00389596     
35.6217        0.394737       0.000961604    
35.6217        0.473684       -0.00347479    
35.6217        0.552632       -0.00938292    
35.6217        0.631579       -0.0167327     
35.6217        0.710526       -0.0254943     
35.6217        0.789474       -0.0356381     
35.6217        0.868421       -0.0471348     
35.6217        0.947368       -0.0599554     
35.6217        1.02632        -0.0740711     
35.6217        1.10526        -0.0894533     
35.6217        1.18421        -0.106074      
35.6217        1.26316        -0.123905      
35.6217        1.34211        -0.14292       
35.6217        1.42105        -0.16309       
35.6217        1.5            -0.184388      
35.8108        0              0              
35.8108        0.0789474      0.00426633     
35.8108        0.157895       0.00690676     
35.8108        0.236842       0.00795205     
35.8108        0.315789       0.0074328      
35.8108        0.394737       0.00537946     
35.8108        0.473684       0.00182227     
35.8108        0.552632       -0.00320871    
35.8108        0.631579       -0.00968367    
35.8108        0.710526       -0.017573      
35.8108        0.789474       -0.0268474     
35.8108        0.868421       -0.0374778     
35.8108        0.947368       -0.0494354     
35.8108        1.02632        -0.0626916     
35.8108        1.10526        -0.0772182     
35.8108        1.18421        -0.0929873     
35.8108        1.26316        -0.109971      
35.8108        1.34211        -0.128143      
35.8108        1.42105        -0.147474      
35.8108        1.5            -0.16794       
36             0              0              
36             0.0789474      0.00514036     
36             0.157895       0.00865423     
36             0.236842       0.0105721      
36             0.315789       0.0109243      
36             0.394737       0.00974108     
36             0.473684       0.00705235     
36             0.552632       0.00288794     
36             0.631579       -0.0027226     
36             0.710526       -0.00974993    
36             0.789474       -0.018165      
36             0.868421       -0.0279389     
36             0.947368       -0.0390431     
36             1.02632        -0.0514494     
36             1.10526        -0.0651296     
36             1.18421        -0.0800562     
36             1.26316        -0.0962016     
36             1.34211        -0.113539      
36             1.42105        -0.132041      
36             1.5            -0.151682      
