17.2741   36        100       0         1.5       20        
17.2741        0              0              
17.2741        0.0789474      0.00284263     
17.2741        0.157895       0.00552723     
17.2741        0.236842       0.00806679     
17.2741        0.315789       0.0104729      
17.2741        0.394737       0.012756       
17.2741        0.473684       0.0149254      
17.2741        0.552632       0.0169896      
17.2741        0.631579       0.0189561      
17.2741        0.710526       0.0208318      
17.2741        0.789474       0.0226231      
17.2741        0.868421       0.0243355      
17.2741        0.947368       0.0259742      
17.2741        1.02632        0.027544       
17.2741        1.10526        0.0290493      
17.2741        1.18421        0.0304939      
17.2741        1.26316        0.0318815      
17.2741        1.34211        0.0332155      
17.2741        1.42105        0.034499       
17.2741        1.5            0.0357349      
17.4632        0              0              
17.4632        0.0789474      0.0468747      
17.4632        0.157895       0.0914271      
17.4632        0.236842       0.133826       
17.4632        0.315789       0.174224       
17.4632        0.394737       0.21276        
17.4632        0.473684       0.24956        
17.4632        0.552632       0.284739       
17.4632        0.631579       0.318402       
17.4632        0.710526       0.350645       
17.4632        0.789474       0.381558       
17.4632        0.868421       0.411219       
17.4632        0.947368       0.439705       
17.4632        1.02632        0.467084       
17.4632        1.10526        0.493419       
17.4632        1.18421        0.518769       
17.4632        1.26316        0.543188       
17.4632        1.34211        0.566726       
17.4632        1.42105        0.58943        
17.4632        1.5            0.611344       
17.6524        0              0              
17.6524        0.0789474      0.0651667      
17.6524        0.157895       0.127394       
17.6524        0.236842       0.186876       
17.6524        0.315789       0.243788       
17.6524        0.394737       0.298292       
17.6524        0.473684       0.350537       
17.6524        0.552632       0.40066        
17.6524        0.631579       0.448786       
17.6524        0.710526       0.495032       
17.6524        0.789474       0.539506       
17.6524        0.868421       0.582306       
17.6524        0.947368       0.623524       
17.6524        1.02632        0.663247       
17.6524        1.10526        0.701553       
17.6524        1.18421        0.738516       
17.6524        1.26316        0.774205       
17.6524        1.34211        0.808684       
17.6524        1.42105        0.842013       
17.6524        1.5            0.874248       
17.8415        0              0              
17.8415        0.0789474      0.0768976      
17.8415        0.157895       0.150633       
17.8415        0.236842       0.221392       
17.8415        0.315789       0.289348       
17.8415        0.394737       0.354662       
17.8415        0.473684       0.417481       
17.8415        0.552632       0.477943       
17.8415        0.631579       0.536175       
17.8415        0.710526       0.592297       
17.8415        0.789474       0.64642        
17.8415        0.868421       0.698645       
17.8415        0.947368       0.74907        
17.8415        1.02632        0.797784       
17.8415        1.10526        0.844871       
17.8415        1.18421        0.89041        
17.8415        1.26316        0.934475       
17.8415        1.34211        0.977133       
17.8415        1.42105        1.01845        
17.8415        1.5            1.05849        
18.0307        0              0              
18.0307        0.0789474      0.0846871      
18.0307        0.157895       0.166201       
18.0307        0.236842       0.244709       
18.0307        0.315789       0.320367       
18.0307        0.394737       0.393322       
18.0307        0.473684       0.46371        
18.0307        0.552632       0.531659       
18.0307        0.631579       0.597289       
18.0307        0.710526       0.660714       
18.0307        0.789474       0.722038       
18.0307        0.868421       0.78136        
18.0307        0.947368       0.838774       
18.0307        1.02632        0.894368       
18.0307        1.10526        0.948223       
18.0307        1.18421        1.00042        
18.0307        1.26316        1.05102        
18.0307        1.34211        1.10011        
18.0307        1.42105        1.14774        
18.0307        1.5            1.19398        
18.2198        0              0              
18.2198        0.0789474      0.089773       
18.2198        0.157895       0.176489       
18.2198        0.236842       0.260289       
18.2198        0.315789       0.341307       
18.2198        0.394737       0.419669       
18.2198        0.473684       0.495495       
18.2198        0.552632       0.568899       
18.2198        0.631579       0.639987       
18.2198        0.710526       0.708862       
18.2198        0.789474       0.775618       
18.2198        0.868421       0.840347       
18.2198        0.947368       0.903135       
18.2198        1.02632        0.964062       
18.2198        1.10526        1.02321        
18.2198        1.18421        1.08064        
18.2198        1.26316        1.13644        
18.2198        1.34211        1.19065        
18.2198        1.42105        1.24336        
18.2198        1.5            1.29461        
18.409         0              0              
18.409         0.0789474      0.0929018      
18.409         0.157895       0.182939       
18.409         0.236842       0.270225       
18.409         0.315789       0.354868       
18.409         0.394737       0.436972       
18.409         0.473684       0.516639       
18.409         0.552632       0.593964       
18.409         0.631579       0.669038       
18.409         0.710526       0.74195        
18.409         0.789474       0.812783       
18.409         0.868421       0.881618       
18.409         0.947368       0.94853        
18.409         1.02632        1.01359        
18.409         1.10526        1.07687        
18.409         1.18421        1.13844        
18.409         1.26316        1.19836        
18.409         1.34211        1.25669        
18.409         1.42105        1.31349        
18.409         1.5            1.36881        
18.5981        0              0              
18.5981        0.0789474      0.0945746      
18.5981        0.157895       0.186522       
18.5981        0.236842       0.275928       
18.5981        0.315789       0.362875       
18.5981        0.394737       0.447445       
18.5981        0.473684       0.529719       
18.5981        0.552632       0.609774       
18.5981        0.631579       0.687685       
18.5981        0.710526       0.763525       
18.5981        0.789474       0.837365       
18.5981        0.868421       0.909272       
18.5981        0.947368       0.979313       
18.5981        1.02632        1.04755        
18.5981        1.10526        1.11405        
18.5981        1.18421        1.17886        
18.5981        1.26316        1.24204        
18.5981        1.34211        1.30365        
18.5981        1.42105        1.36374        
18.5981        1.5            1.42236        
18.7873        0              0              
18.7873        0.0789474      0.0951477      
18.7873        0.157895       0.187931       
18.7873        0.236842       0.278407       
18.7873        0.315789       0.366636       
18.7873        0.394737       0.452677       
18.7873        0.473684       0.536589       
18.7873        0.552632       0.618433       
18.7873        0.631579       0.698267       
18.7873        0.710526       0.77615        
18.7873        0.789474       0.852137       
18.7873        0.868421       0.926285       
18.7873        0.947368       0.998648       
18.7873        1.02632        1.06928        
18.7873        1.10526        1.13823        
18.7873        1.18421        1.20555        
18.7873        1.26316        1.27129        
18.7873        1.34211        1.33549        
18.7873        1.42105        1.39821        
18.7873        1.5            1.45948        
18.9764        0              0              
18.9764        0.0789474      0.0948832      
18.9764        0.157895       0.187675       
18.9764        0.236842       0.278408       
18.9764        0.315789       0.367119       
18.9764        0.394737       0.453846       
18.9764        0.473684       0.53863        
18.9764        0.552632       0.621513       
18.9764        0.631579       0.702537       
18.9764        0.710526       0.781746       
18.9764        0.789474       0.859183       
18.9764        0.868421       0.934891       
18.9764        0.947368       1.00891        
18.9764        1.02632        1.0813         
18.9764        1.10526        1.15208        
18.9764        1.18421        1.2213         
18.9764        1.26316        1.289          
18.9764        1.34211        1.35522        
18.9764        1.42105        1.42001        
18.9764        1.5            1.48339        
19.1656        0              0              
19.1656        0.0789474      0.0939781      
19.1656        0.157895       0.18614        
19.1656        0.236842       0.276496       
19.1656        0.315789       0.36506        
19.1656        0.394737       0.451853       
19.1656        0.473684       0.536895       
19.1656        0.552632       0.620213       
19.1656        0.631579       0.701834       
19.1656        0.710526       0.781788       
19.1656        0.789474       0.860104       
19.1656        0.868421       0.936815       
19.1656        0.947368       1.01195        
19.1656        1.02632        1.08555        
19.1656        1.10526        1.15764        
19.1656        1.18421        1.22825        
19.1656        1.26316        1.29742        
19.1656        1.34211        1.36517        
19.1656        1.42105        1.43155        
19.1656        1.5            1.49659        
19.3547        0              0              
19.3547        0.0789474      0.0925831      
19.3547        0.157895       0.183622       
19.3547        0.236842       0.273104       
19.3547        0.315789       0.361027       
19.3547        0.394737       0.44739        
19.3547        0.473684       0.5322         
19.3547        0.552632       0.615467       
19.3547        0.631579       0.697203       
19.3547        0.710526       0.777426       
19.3547        0.789474       0.856153       
19.3547        0.868421       0.933405       
19.3547        0.947368       1.0092         
19.3547        1.02632        1.08357        
19.3547        1.10526        1.15652        
19.3547        1.18421        1.2281         
19.3547        1.26316        1.29831        
19.3547        1.34211        1.3672         
19.3547        1.42105        1.43477        
19.3547        1.5            1.50106        
19.5439        0              0              
19.5439        0.0789474      0.0908147      
19.5439        0.157895       0.180348       
19.5439        0.236842       0.268571       
19.5439        0.315789       0.35546        
19.5439        0.394737       0.441001       
19.5439        0.473684       0.525185       
19.5439        0.552632       0.608007       
19.5439        0.631579       0.689467       
19.5439        0.710526       0.76957        
19.5439        0.789474       0.848321       
19.5439        0.868421       0.92573        
19.5439        0.947368       1.00181        
19.5439        1.02632        1.07657        
19.5439        1.10526        1.15003        
19.5439        1.18421        1.22221        
19.5439        1.26316        1.29311        
19.5439        1.34211        1.36277        
19.5439        1.42105        1.43119        
19.5439        1.5            1.49841        
19.733         0              0              
19.733         0.0789474      0.0887639      
19.733         0.157895       0.1765         
19.733         0.236842       0.26316        
19.733         0.315789       0.348709       
19.733         0.394737       0.433115       
19.733         0.473684       0.516356       
19.733         0.552632       0.598415       
19.733         0.631579       0.67928        
19.733         0.710526       0.758942       
19.733         0.789474       0.837398       
19.733         0.868421       0.914648       
19.733         0.947368       0.990693       
19.733         1.02632        1.06554        
19.733         1.10526        1.13919        
19.733         1.18421        1.21166        
19.733         1.26316        1.28295        
19.733         1.34211        1.35308        
19.733         1.42105        1.42206        
19.733         1.5            1.48991        
19.9222        0              0              
19.9222        0.0789474      0.086502       
19.9222        0.157895       0.172217       
19.9222        0.236842       0.257083       
19.9222        0.315789       0.34105        
19.9222        0.394737       0.424074       
19.9222        0.473684       0.506119       
19.9222        0.552632       0.587157       
19.9222        0.631579       0.667165       
19.9222        0.710526       0.746125       
19.9222        0.789474       0.824022       
19.9222        0.868421       0.900848       
19.9222        0.947368       0.976595       
19.9222        1.02632        1.05126        
19.9222        1.10526        1.12484        
19.9222        1.18421        1.19734        
19.9222        1.26316        1.26877        
19.9222        1.34211        1.33912        
19.9222        1.42105        1.4084         
19.9222        1.5            1.47662        
20.1113        0              0              
20.1113        0.0789474      0.0840854      
20.1113        0.157895       0.167612       
20.1113        0.236842       0.250506       
20.1113        0.315789       0.332703       
20.1113        0.394737       0.414149       
20.1113        0.473684       0.494797       
20.1113        0.552632       0.574607       
20.1113        0.631579       0.653547       
20.1113        0.710526       0.731588       
20.1113        0.789474       0.808709       
20.1113        0.868421       0.884891       
20.1113        0.947368       0.960119       
20.1113        1.02632        1.03438        
20.1113        1.10526        1.10767        
20.1113        1.18421        1.17999        
20.1113        1.26316        1.25132        
20.1113        1.34211        1.32167        
20.1113        1.42105        1.39104        
20.1113        1.5            1.45943        
20.3005        0              0              
20.3005        0.0789474      0.0815589      
20.3005        0.157895       0.162775       
20.3005        0.236842       0.243562       
20.3005        0.315789       0.323845       
20.3005        0.394737       0.40356        
20.3005        0.473684       0.48265        
20.3005        0.552632       0.561066       
20.3005        0.631579       0.638766       
20.3005        0.710526       0.715714       
20.3005        0.789474       0.791879       
20.3005        0.868421       0.867234       
20.3005        0.947368       0.941759       
20.3005        1.02632        1.01543        
20.3005        1.10526        1.08825        
20.3005        1.18421        1.16018        
20.3005        1.26316        1.23124        
20.3005        1.34211        1.3014         
20.3005        1.42105        1.37066        
20.3005        1.5            1.43903        
20.4896        0              0              
20.4896        0.0789474      0.078958       
20.4896        0.157895       0.157776       
20.4896        0.236842       0.236357       
20.4896        0.315789       0.314618       
20.4896        0.394737       0.392485       
20.4896        0.473684       0.469891       
20.4896        0.552632       0.54678        
20.4896        0.631579       0.623102       
20.4896        0.710526       0.698812       
20.4896        0.789474       0.773873       
20.4896        0.868421       0.848251       
20.4896        0.947368       0.921918       
20.4896        1.02632        0.994849       
20.4896        1.10526        1.06702        
20.4896        1.18421        1.13842        
20.4896        1.26316        1.20904        
20.4896        1.34211        1.27885        
20.4896        1.42105        1.34785        
20.4896        1.5            1.41603        
20.6788        0              0              
20.6788        0.0789474      0.076311       
20.6788        0.157895       0.152671       
20.6788        0.236842       0.228977       
20.6788        0.315789       0.305135       
20.6788        0.394737       0.381064       
20.6788        0.473684       0.45669        
20.6788        0.552632       0.531948       
20.6788        0.631579       0.606781       
20.6788        0.710526       0.681138       
20.6788        0.789474       0.754974       
20.6788        0.868421       0.82825        
20.6788        0.947368       0.90093        
20.6788        1.02632        0.972985       
20.6788        1.10526        1.04439        
20.6788        1.18421        1.11512        
20.6788        1.26316        1.18515        
20.6788        1.34211        1.25448        
20.6788        1.42105        1.32307        
20.6788        1.5            1.39093        
20.8679        0              0              
20.8679        0.0789474      0.0736405      
20.8679        0.157895       0.147508       
20.8679        0.236842       0.221491       
20.8679        0.315789       0.29549        
20.8679        0.394737       0.369414       
20.8679        0.473684       0.443186       
20.8679        0.552632       0.516731       
20.8679        0.631579       0.589988       
20.8679        0.710526       0.662898       
20.8679        0.789474       0.735412       
20.8679        0.868421       0.807482       
20.8679        0.947368       0.87907        
20.8679        1.02632        0.95014        
20.8679        1.10526        1.02066        
20.8679        1.18421        1.0906         
20.8679        1.26316        1.15994        
20.8679        1.34211        1.22866        
20.8679        1.42105        1.29673        
20.8679        1.5            1.36415        
21.0571        0              0              
21.0571        0.0789474      0.0709644      
21.0571        0.157895       0.142322       
21.0571        0.236842       0.213954       
21.0571        0.315789       0.285755       
21.0571        0.394737       0.357629       
21.0571        0.473684       0.429491       
21.0571        0.552632       0.501263       
21.0571        0.631579       0.572875       
21.0571        0.710526       0.644265       
21.0571        0.789474       0.715376       
21.0571        0.868421       0.786158       
21.0571        0.947368       0.856565       
21.0571        1.02632        0.926558       
21.0571        1.10526        0.996099       
21.0571        1.18421        1.06516        
21.0571        1.26316        1.1337         
21.0571        1.34211        1.20171        
21.0571        1.42105        1.26916        
21.0571        1.5            1.33602        
21.2462        0              0              
21.2462        0.0789474      0.0682969      
21.2462        0.157895       0.137141       
21.2462        0.236842       0.20641        
21.2462        0.315789       0.275991       
21.2462        0.394737       0.345785       
21.2462        0.473684       0.415698       
21.2462        0.552632       0.485651       
21.2462        0.631579       0.555566       
21.2462        0.710526       0.625377       
21.2462        0.789474       0.695023       
21.2462        0.868421       0.764449       
21.2462        0.947368       0.833604       
21.2462        1.02632        0.902443       
21.2462        1.10526        0.970927       
21.2462        1.18421        1.03902        
21.2462        1.26316        1.10669        
21.2462        1.34211        1.1739         
21.2462        1.42105        1.24063        
21.2462        1.5            1.30686        
21.4354        0              0              
21.4354        0.0789474      0.0656493      
21.4354        0.157895       0.13199        
21.4354        0.236842       0.198895       
21.4354        0.315789       0.266247       
21.4354        0.394737       0.333941       
21.4354        0.473684       0.401882       
21.4354        0.552632       0.469982       
21.4354        0.631579       0.538163       
21.4354        0.710526       0.606351       
21.4354        0.789474       0.674482       
21.4354        0.868421       0.742497       
21.4354        0.947368       0.810341       
21.4354        1.02632        0.877966       
21.4354        1.10526        0.945327       
21.4354        1.18421        1.01238        
21.4354        1.26316        1.0791         
21.4354        1.34211        1.14544        
21.4354        1.42105        1.21138        
21.4354        1.5            1.27689        
21.6245        0              0              
21.6245        0.0789474      0.0630305      
21.6245        0.157895       0.126886       
21.6245        0.236842       0.191436       
21.6245        0.315789       0.25656        
21.6245        0.394737       0.322149       
21.6245        0.473684       0.388102       
21.6245        0.552632       0.454329       
21.6245        0.631579       0.520748       
21.6245        0.710526       0.587281       
21.6245        0.789474       0.65386        
21.6245        0.868421       0.720421       
21.6245        0.947368       0.786908       
21.6245        1.02632        0.853266       
21.6245        1.10526        0.91945        
21.6245        1.18421        0.985414       
21.6245        1.26316        1.05112        
21.6245        1.34211        1.11653        
21.6245        1.42105        1.18161        
21.6245        1.5            1.24634        
21.8137        0              0              
21.8137        0.0789474      0.0604474      
21.8137        0.157895       0.121845       
21.8137        0.236842       0.184058       
21.8137        0.315789       0.246962       
21.8137        0.394737       0.310447       
21.8137        0.473684       0.374408       
21.8137        0.552632       0.438751       
21.8137        0.631579       0.503389       
21.8137        0.710526       0.568244       
21.8137        0.789474       0.633242       
21.8137        0.868421       0.698318       
21.8137        0.947368       0.763409       
21.8137        1.02632        0.828462       
21.8137        1.10526        0.893424       
21.8137        1.18421        0.958248       
21.8137        1.26316        1.02289        
21.8137        1.34211        1.08732        
21.8137        1.42105        1.15149        
21.8137        1.5            1.21537        
22.0028        0              0              
22.0028        0.0789474      0.0579054      
22.0028        0.157895       0.116876       
22.0028        0.236842       0.176776       
22.0028        0.315789       0.237478       
22.0028        0.394737       0.298867       
22.0028        0.473684       0.360838       
22.0028        0.552632       0.423293       
22.0028        0.631579       0.486142       
22.0028        0.710526       0.549303       
22.0028        0.789474       0.612701       
22.0028        0.868421       0.676267       
22.0028        0.947368       0.739936       
22.0028        1.02632        0.803649       
22.0028        1.10526        0.867354       
22.0028        1.18421        0.931          
22.0028        1.26316        0.994541       
22.0028        1.34211        1.05794        
22.0028        1.42105        1.12115        
22.0028        1.5            1.18414        
22.192         0              0              
22.192         0.0789474      0.0554084      
22.192         0.157895       0.11199        
22.192         0.236842       0.169605       
22.192         0.315789       0.228126       
22.192         0.394737       0.287436       
22.192         0.473684       0.347425       
22.192         0.552632       0.407994       
22.192         0.631579       0.469051       
22.192         0.710526       0.530511       
22.192         0.789474       0.592296       
22.192         0.868421       0.654335       
22.192         0.947368       0.71656        
22.192         1.02632        0.77891        
22.192         1.10526        0.841329       
22.192         1.18421        0.903764       
22.192         1.26316        0.966169       
22.192         1.34211        1.0285         
22.192         1.42105        1.09071        
22.192         1.5            1.15277        
22.3812        0              0              
22.3812        0.0789474      0.0529596      
22.3812        0.157895       0.107192       
22.3812        0.236842       0.162556       
22.3812        0.315789       0.218922       
22.3812        0.394737       0.276171       
22.3812        0.473684       0.334192       
22.3812        0.552632       0.392884       
22.3812        0.631579       0.452152       
22.3812        0.710526       0.511909       
22.3812        0.789474       0.572075       
22.3812        0.868421       0.632575       
22.3812        0.947368       0.693341       
22.3812        1.02632        0.754309       
22.3812        1.10526        0.815421       
22.3812        1.18421        0.876622       
22.3812        1.26316        0.937861       
22.3812        1.34211        0.999093       
22.3812        1.42105        1.06027        
22.3812        1.5            1.12137        
22.5703        0              0              
22.5703        0.0789474      0.050561       
22.5703        0.157895       0.102487       
22.5703        0.236842       0.155636       
22.5703        0.315789       0.209877       
22.5703        0.394737       0.26509        
22.5703        0.473684       0.321161       
22.5703        0.552632       0.377988       
22.5703        0.631579       0.435474       
22.5703        0.710526       0.493531       
22.5703        0.789474       0.552075       
22.5703        0.868421       0.611032       
22.5703        0.947368       0.67033        
22.5703        1.02632        0.729903       
22.5703        1.10526        0.789691       
22.5703        1.18421        0.849638       
22.5703        1.26316        0.90969        
22.5703        1.34211        0.9698         
22.5703        1.42105        1.02992        
22.5703        1.5            1.09002        
22.7595        0              0              
22.7595        0.0789474      0.0482142      
22.7595        0.157895       0.0978789      
22.7595        0.236842       0.148851       
22.7595        0.315789       0.201          
22.7595        0.394737       0.254202       
22.7595        0.473684       0.308345       
22.7595        0.552632       0.363323       
22.7595        0.631579       0.419039       
22.7595        0.710526       0.475403       
22.7595        0.789474       0.532329       
22.7595        0.868421       0.589742       
22.7595        0.947368       0.647566       
22.7595        1.02632        0.705736       
22.7595        1.10526        0.764189       
22.7595        1.18421        0.822867       
22.7595        1.26316        0.881715       
22.7595        1.34211        0.940683       
22.7595        1.42105        0.999725       
22.7595        1.5            1.0588         
22.9486        0              0              
22.9486        0.0789474      0.04592        
22.9486        0.157895       0.0933697      
22.9486        0.236842       0.142206       
22.9486        0.315789       0.192297       
22.9486        0.394737       0.243518       
22.9486        0.473684       0.295756       
22.9486        0.552632       0.348905       
22.9486        0.631579       0.402866       
22.9486        0.710526       0.457547       
22.9486        0.789474       0.512862       
22.9486        0.868421       0.568732       
22.9486        0.947368       0.625083       
22.9486        1.02632        0.681846       
22.9486        1.10526        0.738956       
22.9486        1.18421        0.796355       
22.9486        1.26316        0.853985       
22.9486        1.34211        0.911796       
22.9486        1.42105        0.969739       
22.9486        1.5            1.02777        
23.1378        0              0              
23.1378        0.0789474      0.0436789      
23.1378        0.157895       0.0889608      
23.1378        0.236842       0.135703       
23.1378        0.315789       0.183771       
23.1378        0.394737       0.233043       
23.1378        0.473684       0.283403       
23.1378        0.552632       0.334745       
23.1378        0.631579       0.386968       
23.1378        0.710526       0.439979       
23.1378        0.789474       0.493692       
23.1378        0.868421       0.548026       
23.1378        0.947368       0.602905       
23.1378        1.02632        0.65826        
23.1378        1.10526        0.714025       
23.1378        1.18421        0.770138       
23.1378        1.26316        0.826542       
23.1378        1.34211        0.883184       
23.1378        1.42105        0.940015       
23.1378        1.5            0.996987       
23.3269        0              0              
23.3269        0.0789474      0.041491       
23.3269        0.157895       0.0846528      
23.3269        0.236842       0.129342       
23.3269        0.315789       0.175426       
23.3269        0.394737       0.222781       
23.3269        0.473684       0.271292       
23.3269        0.552632       0.320849       
23.3269        0.631579       0.371354       
23.3269        0.710526       0.422711       
23.3269        0.789474       0.474834       
23.3269        0.868421       0.527641       
23.3269        0.947368       0.581055       
23.3269        1.02632        0.635004       
23.3269        1.10526        0.689422       
23.3269        1.18421        0.744246       
23.3269        1.26316        0.799419       
23.3269        1.34211        0.854884       
23.3269        1.42105        0.910591       
23.3269        1.5            0.966493       
23.5161        0              0              
23.5161        0.0789474      0.0393561      
23.5161        0.157895       0.0804455      
23.5161        0.236842       0.123126       
23.5161        0.315789       0.167264       
23.5161        0.394737       0.212735       
23.5161        0.473684       0.259425       
23.5161        0.552632       0.307224       
23.5161        0.631579       0.356032       
23.5161        0.710526       0.405754       
23.5161        0.789474       0.456301       
23.5161        0.868421       0.507592       
23.5161        0.947368       0.559547       
23.5161        1.02632        0.612096       
23.5161        1.10526        0.66517        
23.5161        1.18421        0.718705       
23.5161        1.26316        0.772642       
23.5161        1.34211        0.826925       
23.5161        1.42105        0.881502       
23.5161        1.5            0.936323       
23.7052        0              0              
23.7052        0.0789474      0.0372736      
23.7052        0.157895       0.0763384      
23.7052        0.236842       0.117052       
23.7052        0.315789       0.159283       
23.7052        0.394737       0.202905       
23.7052        0.473684       0.247805       
23.7052        0.552632       0.293872       
23.7052        0.631579       0.341006       
23.7052        0.710526       0.389112       
23.7052        0.789474       0.4381         
23.7052        0.868421       0.487887       
23.7052        0.947368       0.538395       
23.7052        1.02632        0.58955        
23.7052        1.10526        0.641284       
23.7052        1.18421        0.693532       
23.7052        1.26316        0.746233       
23.7052        1.34211        0.799332       
23.7052        1.42105        0.852773       
23.7052        1.5            0.906508       
23.8944        0              0              
23.8944        0.0789474      0.035243       
23.8944        0.157895       0.0723306      
23.8944        0.236842       0.111121       
23.8944        0.315789       0.151483       
23.8944        0.394737       0.193292       
23.8944        0.473684       0.236432       
23.8944        0.552632       0.280796       
23.8944        0.631579       0.32628        
23.8944        0.710526       0.37279        
23.8944        0.789474       0.420236       
23.8944        0.868421       0.468535       
23.8944        0.947368       0.517606       
23.8944        1.02632        0.567377       
23.8944        1.10526        0.617778       
23.8944        1.18421        0.668743       
23.8944        1.26316        0.720211       
23.8944        1.34211        0.772123       
23.8944        1.42105        0.824427       
23.8944        1.5            0.877071       
24.0835        0              0              
24.0835        0.0789474      0.0332635      
24.0835        0.157895       0.0684207      
24.0835        0.236842       0.105331       
24.0835        0.315789       0.143863       
24.0835        0.394737       0.183894       
24.0835        0.473684       0.225307       
24.0835        0.552632       0.267994       
24.0835        0.631579       0.311854       
24.0835        0.710526       0.35679        
24.0835        0.789474       0.402714       
24.0835        0.868421       0.449539       
24.0835        0.947368       0.497188       
24.0835        1.02632        0.545586       
24.0835        1.10526        0.594661       
24.0835        1.18421        0.644349       
24.0835        1.26316        0.694586       
24.0835        1.34211        0.745316       
24.0835        1.42105        0.796481       
24.0835        1.5            0.848032       
24.2727        0              0              
24.2727        0.0789474      0.0313341      
24.2727        0.157895       0.0646072      
24.2727        0.236842       0.0996798      
24.2727        0.315789       0.136421       
24.2727        0.394737       0.174708       
24.2727        0.473684       0.214426       
24.2727        0.552632       0.255466       
24.2727        0.631579       0.297727       
24.2727        0.710526       0.341113       
24.2727        0.789474       0.385533       
24.2727        0.868421       0.430903       
24.2727        0.947368       0.477144       
24.2727        1.02632        0.52418        
24.2727        1.10526        0.57194        
24.2727        1.18421        0.620358       
24.2727        1.26316        0.669371       
24.2727        1.34211        0.71892        
24.2727        1.42105        0.768949       
24.2727        1.5            0.819405       
24.4618        0              0              
24.4618        0.0789474      0.0294538      
24.4618        0.157895       0.0608884      
24.4618        0.236842       0.0941652      
24.4618        0.315789       0.129154       
24.4618        0.394737       0.165734       
24.4618        0.473684       0.203788       
24.4618        0.552632       0.243211       
24.4618        0.631579       0.283898       
24.4618        0.710526       0.325756       
24.4618        0.789474       0.368694       
24.4618        0.868421       0.412627       
24.4618        0.947368       0.457475       
24.4618        1.02632        0.503163       
24.4618        1.10526        0.549619       
24.4618        1.18421        0.596776       
24.4618        1.26316        0.644571       
24.4618        1.34211        0.692945       
24.4618        1.42105        0.74184        
24.4618        1.5            0.791204       
24.651         0              0              
24.651         0.0789474      0.0276217      
24.651         0.157895       0.0572624      
24.651         0.236842       0.0887848      
24.651         0.315789       0.12206        
24.651         0.394737       0.156967       
24.651         0.473684       0.19339        
24.651         0.552632       0.231224       
24.651         0.631579       0.270365       
24.651         0.710526       0.31072        
24.651         0.789474       0.352196       
24.651         0.868421       0.394711       
24.651         0.947368       0.438183       
24.651         1.02632        0.482536       
24.651         1.10526        0.5277         
24.651         1.18421        0.573607       
24.651         1.26316        0.620192       
24.651         1.34211        0.667396       
24.651         1.42105        0.715162       
24.651         1.5            0.763436       
24.8401        0              0              
24.8401        0.0789474      0.0258365      
24.8401        0.157895       0.0537271      
24.8401        0.236842       0.0835359      
24.8401        0.315789       0.115135       
24.8401        0.394737       0.148404       
24.8401        0.473684       0.183229       
24.8401        0.552632       0.219502       
24.8401        0.631579       0.257124       
24.8401        0.710526       0.295999       
24.8401        0.789474       0.336037       
24.8401        0.868421       0.377152       
24.8401        0.947368       0.419265       
24.8401        1.02632        0.4623         
24.8401        1.10526        0.506184       
24.8401        1.18421        0.550851       
24.8401        1.26316        0.596236       
24.8401        1.34211        0.642278       
24.8401        1.42105        0.68892        
24.8401        1.5            0.736108       
25.0293        0              0              
25.0293        0.0789474      0.0240971      
25.0293        0.157895       0.0502805      
25.0293        0.236842       0.0784157      
25.0293        0.315789       0.108376       
25.0293        0.394737       0.140041       
25.0293        0.473684       0.173299       
25.0293        0.552632       0.208043       
25.0293        0.631579       0.244172       
25.0293        0.710526       0.281592       
25.0293        0.789474       0.320212       
25.0293        0.868421       0.359948       
25.0293        0.947368       0.40072        
25.0293        1.02632        0.442451       
25.0293        1.10526        0.48507        
25.0293        1.18421        0.528509       
25.0293        1.26316        0.572703       
25.0293        1.34211        0.617592       
25.0293        1.42105        0.663117       
25.0293        1.5            0.709224       
25.2184        0              0              
25.2184        0.0789474      0.0224024      
25.2184        0.157895       0.0469205      
25.2184        0.236842       0.0734212      
25.2184        0.315789       0.101779       
25.2184        0.394737       0.131875       
25.2184        0.473684       0.163597       
25.2184        0.552632       0.19684        
25.2184        0.631579       0.231503       
25.2184        0.710526       0.267492       
25.2184        0.789474       0.304718       
25.2184        0.868421       0.343095       
25.2184        0.947368       0.382544       
25.2184        1.02632        0.422988       
25.2184        1.10526        0.464356       
25.2184        1.18421        0.50658        
25.2184        1.26316        0.549594       
25.2184        1.34211        0.593338       
25.2184        1.42105        0.637754       
25.2184        1.5            0.682787       
25.4076        0              0              
25.4076        0.0789474      0.0207512      
25.4076        0.157895       0.0436449      
25.4076        0.236842       0.0685496      
25.4076        0.315789       0.0953407      
25.4076        0.394737       0.123901       
25.4076        0.473684       0.154119       
25.4076        0.552632       0.185889       
25.4076        0.631579       0.219113       
25.4076        0.710526       0.253697       
25.4076        0.789474       0.28955        
25.4076        0.868421       0.326589       
25.4076        0.947368       0.364733       
25.4076        1.02632        0.403907       
25.4076        1.10526        0.444039       
25.4076        1.18421        0.48506        
25.4076        1.26316        0.526907       
25.4076        1.34211        0.569516       
25.4076        1.42105        0.612831       
25.4076        1.5            0.656796       
25.5967        0              0              
25.5967        0.0789474      0.0191422      
25.5967        0.157895       0.0404515      
25.5967        0.236842       0.0637976      
25.5967        0.315789       0.0890575      
25.5967        0.394737       0.116115       
25.5967        0.473684       0.144859       
25.5967        0.552632       0.175186       
25.5967        0.631579       0.206998       
25.5967        0.710526       0.240199       
25.5967        0.789474       0.274703       
25.5967        0.868421       0.310424       
25.5967        0.947368       0.347283       
25.5967        1.02632        0.385204       
25.5967        1.10526        0.424115       
25.5967        1.18421        0.463948       
25.5967        1.26316        0.504638       
25.5967        1.34211        0.546123       
25.5967        1.42105        0.588346       
25.5967        1.5            0.63125        
25.7859        0              0              
25.7859        0.0789474      0.0175744      
25.7859        0.157895       0.0373381      
25.7859        0.236842       0.0591624      
25.7859        0.315789       0.0829255      
25.7859        0.394737       0.108512       
25.7859        0.473684       0.135813       
25.7859        0.552632       0.164725       
25.7859        0.631579       0.19515        
25.7859        0.710526       0.226995       
25.7859        0.789474       0.260171       
25.7859        0.868421       0.294595       
25.7859        0.947368       0.330188       
25.7859        1.02632        0.366873       
25.7859        1.10526        0.404578       
25.7859        1.18421        0.443237       
25.7859        1.26316        0.482783       
25.7859        1.34211        0.523156       
25.7859        1.42105        0.564297       
25.7859        1.5            0.606149       
25.975         0              0              
25.975         0.0789474      0.0160466      
25.975         0.157895       0.0343026      
25.975         0.236842       0.0546408      
25.975         0.315789       0.076941       
25.975         0.394737       0.101089       
25.975         0.473684       0.126977       
25.975         0.552632       0.154502       
25.975         0.631579       0.183566       
25.975         0.710526       0.214078       
25.975         0.789474       0.24595        
25.975         0.868421       0.279097       
25.975         0.947368       0.313442       
25.975         1.02632        0.348909       
25.975         1.10526        0.385425       
25.975         1.18421        0.422924       
25.975         1.26316        0.46134        
25.975         1.34211        0.500611       
25.975         1.42105        0.54068        
25.975         1.5            0.581489       
26.1642        0              0              
26.1642        0.0789474      0.0145576      
26.1642        0.157895       0.0313427      
26.1642        0.236842       0.0502299      
26.1642        0.315789       0.0711001      
26.1642        0.394737       0.0938406      
26.1642        0.473684       0.118344       
26.1642        0.552632       0.144509       
26.1642        0.631579       0.172239       
26.1642        0.710526       0.201442       
26.1642        0.789474       0.232032       
26.1642        0.868421       0.263924       
26.1642        0.947368       0.29704        
26.1642        1.02632        0.331306       
26.1642        1.10526        0.366649       
26.1642        1.18421        0.403003       
26.1642        1.26316        0.440301       
26.1642        1.34211        0.478483       
26.1642        1.42105        0.51749        
26.1642        1.5            0.557267       
26.3533        0              0              
26.3533        0.0789474      0.0131062      
26.3533        0.157895       0.0284564      
26.3533        0.236842       0.0459266      
26.3533        0.315789       0.0653991      
26.3533        0.394737       0.0867625      
26.3533        0.473684       0.109911       
26.3533        0.552632       0.134743       
26.3533        0.631579       0.161164       
26.3533        0.710526       0.189082       
26.3533        0.789474       0.218411       
26.3533        0.868421       0.249068       
26.3533        0.947368       0.280976       
26.3533        1.02632        0.314058       
26.3533        1.10526        0.348245       
26.3533        1.18421        0.383468       
26.3533        1.26316        0.419663       
26.3533        1.34211        0.456768       
26.3533        1.42105        0.494724       
26.3533        1.5            0.533477       
26.5425        0              0              
26.5425        0.0789474      0.0116915      
26.5425        0.157895       0.0256416      
26.5425        0.236842       0.0417279      
26.5425        0.315789       0.0598343      
26.5425        0.394737       0.0798505      
26.5425        0.473684       0.101672       
26.5425        0.552632       0.125198       
26.5425        0.631579       0.150335       
26.5425        0.710526       0.176991       
26.5425        0.789474       0.205082       
26.5425        0.868421       0.234525       
26.5425        0.947368       0.265242       
26.5425        1.02632        0.297159       
26.5425        1.10526        0.330205       
26.5425        1.18421        0.364313       
26.5425        1.26316        0.399418       
26.5425        1.34211        0.435458       
26.5425        1.42105        0.472376       
26.5425        1.5            0.510114       
26.7316        0              0              
26.7316        0.0789474      0.0103123      
26.7316        0.157895       0.0228962      
26.7316        0.236842       0.037631       
26.7316        0.315789       0.054402       
26.7316        0.394737       0.0731002      
26.7316        0.473684       0.0936218      
26.7316        0.552632       0.115868       
26.7316        0.631579       0.139745       
26.7316        0.710526       0.165164       
26.7316        0.789474       0.192038       
26.7316        0.868421       0.220287       
26.7316        0.947368       0.249833       
26.7316        1.02632        0.280602       
26.7316        1.10526        0.312524       
26.7316        1.18421        0.345531       
26.7316        1.26316        0.37956        
26.7316        1.34211        0.414549       
26.7316        1.42105        0.450439       
26.7316        1.5            0.487174       
26.9208        0              0              
26.9208        0.0789474      0.00896756     
26.9208        0.157895       0.0202182      
26.9208        0.236842       0.033633       
26.9208        0.315789       0.0490986      
26.9208        0.394737       0.0665072      
26.9208        0.473684       0.0857565      
26.9208        0.552632       0.106749       
26.9208        0.631579       0.12939        
26.9208        0.710526       0.153593       
26.9208        0.789474       0.179273       
26.9208        0.868421       0.206348       
26.9208        0.947368       0.234741       
26.9208        1.02632        0.264381       
26.9208        1.10526        0.295195       
26.9208        1.18421        0.327117       
26.9208        1.26316        0.360083       
26.9208        1.34211        0.394033       
26.9208        1.42105        0.428907       
26.9208        1.5            0.46465        
27.1099        0              0              
27.1099        0.0789474      0.00765624     
27.1099        0.157895       0.0176057      
27.1099        0.236842       0.0297311      
27.1099        0.315789       0.0439205      
27.1099        0.394737       0.0600675      
27.1099        0.473684       0.0780708      
27.1099        0.552632       0.0978338      
27.1099        0.631579       0.119264       
27.1099        0.710526       0.142274       
27.1099        0.789474       0.16678        
27.1099        0.868421       0.192701       
27.1099        0.947368       0.219961       
27.1099        1.02632        0.248487       
27.1099        1.10526        0.27821        
27.1099        1.18421        0.309063       
27.1099        1.26316        0.340981       
27.1099        1.34211        0.373904       
27.1099        1.42105        0.407775       
27.1099        1.5            0.442537       
27.2991        0              0              
27.2991        0.0789474      0.00637736     
27.2991        0.157895       0.0150568      
27.2991        0.236842       0.0259225      
27.2991        0.315789       0.0388643      
27.2991        0.394737       0.0537769      
27.2991        0.473684       0.0705602      
27.2991        0.552632       0.0891186      
27.2991        0.631579       0.109361       
27.2991        0.710526       0.1312         
27.2991        0.789474       0.154553       
27.2991        0.868421       0.17934        
27.2991        0.947368       0.205485       
27.2991        1.02632        0.232916       
27.2991        1.10526        0.261564       
27.2991        1.18421        0.291361       
27.2991        1.26316        0.322246       
27.2991        1.34211        0.354156       
27.2991        1.42105        0.387035       
27.2991        1.5            0.420826       
27.4882        0              0              
27.4882        0.0789474      0.00512994     
27.4882        0.157895       0.0125696      
27.4882        0.236842       0.0222047      
27.4882        0.315789       0.0339265      
27.4882        0.394737       0.0476313      
27.4882        0.473684       0.0632199      
27.4882        0.552632       0.080598       
27.4882        0.631579       0.0996751      
27.4882        0.710526       0.120365       
27.4882        0.789474       0.142586       
27.4882        0.868421       0.166258       
27.4882        0.947368       0.191307       
27.4882        1.02632        0.21766        
27.4882        1.10526        0.245248       
27.4882        1.18421        0.274006       
27.4882        1.26316        0.303871       
27.4882        1.34211        0.334782       
27.4882        1.42105        0.366681       
27.4882        1.5            0.399512       
27.6774        0              0              
27.6774        0.0789474      0.00391303     
27.6774        0.157895       0.0101422      
27.6774        0.236842       0.018575       
27.6774        0.315789       0.029104       
27.6774        0.394737       0.0416268      
27.6774        0.473684       0.0560455      
27.6774        0.552632       0.0722668      
27.6774        0.631579       0.0902013      
27.6774        0.710526       0.109764       
27.6774        0.789474       0.130872       
27.6774        0.868421       0.153449       
27.6774        0.947368       0.177419       
27.6774        1.02632        0.202711       
27.6774        1.10526        0.229257       
27.6774        1.18421        0.25699        
27.6774        1.26316        0.285849       
27.6774        1.34211        0.315773       
27.6774        1.42105        0.346705       
27.6774        1.5            0.378589       
27.8665        0              0              
27.8665        0.0789474      0.00272572     
27.8665        0.157895       0.00777297     
27.8665        0.236842       0.0150308      
27.8665        0.315789       0.0243933      
27.8665        0.394737       0.0357594      
27.8665        0.473684       0.0490325      
27.8665        0.552632       0.0641201      
27.8665        0.631579       0.080934       
27.8665        0.710526       0.0993896      
27.8665        0.789474       0.119406       
27.8665        0.868421       0.140906       
27.8665        0.947368       0.163816       
27.8665        1.02632        0.188064       
27.8665        1.10526        0.213583       
27.8665        1.18421        0.240307       
27.8665        1.26316        0.268174       
27.8665        1.34211        0.297124       
27.8665        1.42105        0.3271         
27.8665        1.5            0.358048       
28.0557        0              0              
28.0557        0.0789474      0.00156713     
28.0557        0.157895       0.00546016     
28.0557        0.236842       0.0115698      
28.0557        0.315789       0.0197915      
28.0557        0.394737       0.0300256      
28.0557        0.473684       0.0421765      
28.0557        0.552632       0.0561531      
28.0557        0.631579       0.071868       
28.0557        0.710526       0.0892375      
28.0557        0.789474       0.108182       
28.0557        0.868421       0.128624       
28.0557        0.947368       0.15049        
28.0557        1.02632        0.173711       
28.0557        1.10526        0.198219       
28.0557        1.18421        0.223948       
28.0557        1.26316        0.250837       
28.0557        1.34211        0.278827       
28.0557        1.42105        0.307861       
28.0557        1.5            0.337883       
28.2448        0              0              
28.2448        0.0789474      0.000436389    
28.2448        0.157895       0.00320212     
28.2448        0.236842       0.00818944     
28.2448        0.315789       0.0152954      
28.2448        0.394737       0.0244214      
28.2448        0.473684       0.0354734      
28.2448        0.552632       0.0483611      
28.2448        0.631579       0.0629981      
28.2448        0.710526       0.0793017      
28.2448        0.789474       0.0971928      
28.2448        0.868421       0.116595       
28.2448        0.947368       0.137436       
28.2448        1.02632        0.159646       
28.2448        1.10526        0.183158       
28.2448        1.18421        0.207908       
28.2448        1.26316        0.233833       
28.2448        1.34211        0.260876       
28.2448        1.42105        0.288978       
28.2448        1.5            0.318087       
28.434         0              0              
28.434         0.0789474      -0.000667335   
28.434         0.157895       0.00099723     
28.434         0.236842       0.00488753     
28.434         0.315789       0.010902       
28.434         0.394737       0.0189435      
28.434         0.473684       0.028919       
28.434         0.552632       0.0407394      
28.434         0.631579       0.0543192      
28.434         0.710526       0.0695768      
28.434         0.789474       0.0864336      
28.434         0.868421       0.104814       
28.434         0.947368       0.124647       
28.434         1.02632        0.145863       
28.434         1.10526        0.168394       
28.434         1.18421        0.192178       
28.434         1.26316        0.217154       
28.434         1.34211        0.243262       
28.434         1.42105        0.270446       
28.434         1.5            0.298652       
28.6231        0              0              
28.6231        0.0789474      -0.00174485    
28.6231        0.157895       -0.00115605    
28.6231        0.236842       0.00166177     
28.6231        0.315789       0.00660851     
28.6231        0.394737       0.0135883      
28.6231        0.473684       0.0225093      
28.6231        0.552632       0.0332835      
28.6231        0.631579       0.0458265      
28.6231        0.710526       0.0600574      
28.6231        0.789474       0.0758985      
28.6231        0.868421       0.0932755      
28.6231        0.947368       0.112117       
28.6231        1.02632        0.132354       
28.6231        1.10526        0.153921       
28.6231        1.18421        0.176754       
28.6231        1.26316        0.200793       
28.6231        1.34211        0.225979       
28.6231        1.42105        0.252257       
28.6231        1.5            0.279572       
28.8123        0              0              
28.8123        0.0789474      -0.00279693    
28.8123        0.157895       -0.00325924    
28.8123        0.236842       -0.00149002    
28.8123        0.315789       0.00241206     
28.8123        0.394737       0.0083524      
28.8123        0.473684       0.0162404      
28.8123        0.552632       0.025989       
28.8123        0.631579       0.037515       
28.8123        0.710526       0.0507382      
28.8123        0.789474       0.0655819      
28.8123        0.868421       0.0819724      
28.8123        0.947368       0.0998388      
28.8123        1.02632        0.119113       
28.8123        1.10526        0.13973        
28.8123        1.18421        0.161627       
28.8123        1.26316        0.184743       
28.8123        1.34211        0.209021       
28.8123        1.42105        0.234404       
28.8123        1.5            0.26084        
29.0014        0              0              
29.0014        0.0789474      -0.00382433    
29.0014        0.157895       -0.0053138     
29.0014        0.236842       -0.00456995    
29.0014        0.315789       -0.00169008    
29.0014        0.394737       0.00323253     
29.0014        0.473684       0.0101084      
29.0014        0.552632       0.0188517      
29.0014        0.631579       0.02938        
29.0014        0.710526       0.0416142      
29.0014        0.789474       0.0554784      
29.0014        0.868421       0.0708995      
29.0014        0.947368       0.0878074      
29.0014        1.02632        0.106135       
29.0014        1.10526        0.125817       
29.0014        1.18421        0.146791       
29.0014        1.26316        0.168998       
29.0014        1.34211        0.19238        
29.0014        1.42105        0.216881       
29.0014        1.5            0.242448       
29.1906        0              0              
29.1906        0.0789474      -0.00482778    
29.1906        0.157895       -0.00732113    
29.1906        0.236842       -0.00758008    
29.1906        0.315789       -0.00570053    
29.1906        0.394737       -0.00177449    
29.1906        0.473684       0.00410973     
29.1906        0.552632       0.0118674      
29.1906        0.631579       0.021417       
29.1906        0.710526       0.0326805      
29.1906        0.789474       0.0455826      
29.1906        0.868421       0.0600511      
29.1906        0.947368       0.0760166      
29.1906        1.02632        0.0934123      
29.1906        1.10526        0.112174       
29.1906        1.18421        0.13224        
29.1906        1.26316        0.15355        
29.1906        1.34211        0.176049       
29.1906        1.42105        0.199679       
29.1906        1.5            0.22439        
29.3797        0              0              
29.3797        0.0789474      -0.00580799    
29.3797        0.157895       -0.00928261    
29.3797        0.236842       -0.0105224     
29.3797        0.315789       -0.00962187    
29.3797        0.394737       -0.00667178    
29.3797        0.473684       -0.00175926    
29.3797        0.552632       0.00503198     
29.3797        0.631579       0.0136215      
29.3797        0.710526       0.0239321      
29.3797        0.789474       0.0358893      
29.3797        0.868421       0.0494217      
29.3797        0.947368       0.0644606      
29.3797        1.02632        0.0809397      
29.3797        1.10526        0.0987955      
29.3797        1.18421        0.117967       
29.3797        1.26316        0.138394       
29.3797        1.34211        0.160021       
29.3797        1.42105        0.182794       
29.3797        1.5            0.206658       
29.5689        0              0              
29.5689        0.0789474      -0.00676564    
29.5689        0.157895       -0.0111996     
29.5689        0.236842       -0.0133988     
29.5689        0.315789       -0.0134566     
29.5689        0.394737       -0.0114623     
29.5689        0.473684       -0.00750207    
29.5689        0.552632       -0.00165842    
29.5689        0.631579       0.00598918     
29.5689        0.710526       0.0153643      
29.5689        0.789474       0.0263935      
29.5689        0.868421       0.039006       
29.5689        0.947368       0.0531337      
29.5689        1.02632        0.0687112      
29.5689        1.10526        0.0856753      
29.5689        1.18421        0.103965       
29.5689        1.26316        0.123523       
29.5689        1.34211        0.144291       
29.5689        1.42105        0.166217       
29.5689        1.5            0.189247       
29.758         0              0              
29.758         0.0789474      -0.00770138    
29.758         0.157895       -0.0130732     
29.758         0.236842       -0.0162112     
29.758         0.315789       -0.0172071     
29.758         0.394737       -0.0161491     
29.758         0.473684       -0.0131221     
29.758         0.552632       -0.00820765    
29.758         0.631579       -0.00148427    
29.758         0.710526       0.00697257     
29.758         0.789474       0.0170902      
29.758         0.868421       0.0287986      
29.758         0.947368       0.0420305      
29.758         1.02632        0.0567209      
29.758         1.10526        0.0728074      
29.758         1.18421        0.0902297      
29.758         1.26316        0.10893        
29.758         1.34211        0.128852       
29.758         1.42105        0.149942       
29.758         1.5            0.172148       
29.9472        0              0              
29.9472        0.0789474      -0.00861586    
29.9472        0.157895       -0.0149049     
29.9472        0.236842       -0.0189613     
29.9472        0.315789       -0.0208756     
29.9472        0.394737       -0.0207348     
29.9472        0.473684       -0.0186226     
29.9472        0.552632       -0.0146194     
29.9472        0.631579       -0.00880292    
29.9472        0.710526       -0.00124762    
29.9472        0.789474       0.00797459     
29.9472        0.868421       0.0187945      
29.9472        0.947368       0.0311455      
29.9472        1.02632        0.0449632      
29.9472        1.10526        0.0601859      
29.9472        1.18421        0.0767537      
29.9472        1.26316        0.0946092      
29.9472        1.34211        0.113697       
29.9472        1.42105        0.133963       
29.9472        1.5            0.155357       
30.1363        0              0              
30.1363        0.0789474      -0.00950968    
30.1363        0.157895       -0.0166958     
30.1363        0.236842       -0.021651      
30.1363        0.315789       -0.0244646     
30.1363        0.394737       -0.0252223     
30.1363        0.473684       -0.0240068     
30.1363        0.552632       -0.0208974     
30.1363        0.631579       -0.0159708     
30.1363        0.710526       -0.00930063    
30.1363        0.789474       -0.000957984   
30.1363        0.868421       0.00898871     
30.1363        0.947368       0.0204735      
30.1363        1.02632        0.0334327      
30.1363        1.10526        0.047805       
30.1363        1.18421        0.0635314      
30.1363        1.26316        0.0805546      
30.1363        1.34211        0.0988198      
30.1363        1.42105        0.118274       
30.1363        1.5            0.138865       
30.3255        0              0              
30.3255        0.0789474      -0.0103835     
30.3255        0.157895       -0.018447      
30.3255        0.236842       -0.0242819     
30.3255        0.315789       -0.0279761     
30.3255        0.394737       -0.0296142     
30.3255        0.473684       -0.0292777     
30.3255        0.552632       -0.027045      
30.3255        0.631579       -0.0229917     
30.3255        0.710526       -0.0171907     
30.3255        0.789474       -0.00971211    
30.3255        0.868421       -0.00062369    
30.3255        0.947368       0.0100093      
30.3255        1.02632        0.0221238      
30.3255        1.10526        0.0356592      
30.3255        1.18421        0.0505569      
30.3255        1.26316        0.0667602      
30.3255        1.34211        0.0842146      
30.3255        1.42105        0.102867       
30.3255        1.5            0.122668       
30.5146        0              0              
30.5146        0.0789474      -0.0112377     
30.5146        0.157895       -0.0201596     
30.5146        0.236842       -0.0268556     
30.5146        0.315789       -0.0314123     
30.5146        0.394737       -0.0339131     
30.5146        0.473684       -0.0344385     
30.5146        0.552632       -0.0330657     
30.5146        0.631579       -0.0298696     
30.5146        0.710526       -0.0249219     
30.5146        0.789474       -0.0182922     
30.5146        0.868421       -0.0100474     
30.5146        0.947368       -0.000252074   
30.5146        1.02632        0.0110315      
30.5146        1.10526        0.023743       
30.5146        1.18421        0.0378246      
30.5146        1.26316        0.05322        
30.5146        1.34211        0.0698753      
30.5146        1.42105        0.0877381      
30.5146        1.5            0.106758       
30.7038        0              0              
30.7038        0.0789474      -0.0120731     
30.7038        0.157895       -0.0218348     
30.7038        0.236842       -0.0293737     
30.7038        0.315789       -0.0347752     
30.7038        0.394737       -0.0381215     
30.7038        0.473684       -0.0394919     
30.7038        0.552632       -0.0389628     
30.7038        0.631579       -0.0366079     
30.7038        0.710526       -0.0324984     
30.7038        0.789474       -0.0267027     
30.7038        0.868421       -0.0192871     
30.7038        0.947368       -0.0103155     
30.7038        1.02632        0.000150425    
30.7038        1.10526        0.0120511      
30.7038        1.18421        0.025329       
30.7038        1.26316        0.0399285      
30.7038        1.34211        0.055796       
30.7038        1.42105        0.0728797      
30.7038        1.5            0.0911294      
30.8929        0              0              
30.8929        0.0789474      -0.01289       
30.8929        0.157895       -0.0234735     
30.8929        0.236842       -0.0318378     
30.8929        0.315789       -0.0380668     
30.8929        0.394737       -0.0422418     
30.8929        0.473684       -0.0444409     
30.8929        0.552632       -0.0447395     
30.8929        0.631579       -0.0432104     
30.8929        0.710526       -0.0399239     
30.8929        0.789474       -0.0349476     
30.8929        0.868421       -0.0283472     
30.8929        0.947368       -0.0201857     
30.8929        1.02632        -0.0105243     
30.8929        1.10526        0.000578154    
30.8929        1.18421        0.0130646      
30.8929        1.26316        0.0268799      
30.8929        1.34211        0.041971       
30.8929        1.42105        0.0582864      
30.8929        1.5            0.0757765      
31.0821        0              0              
31.0821        0.0789474      -0.0136891     
31.0821        0.157895       -0.0250769     
31.0821        0.236842       -0.0342492     
31.0821        0.315789       -0.0412891     
31.0821        0.394737       -0.0462763     
31.0821        0.473684       -0.0492881     
31.0821        0.552632       -0.0503989     
31.0821        0.631579       -0.0496805     
31.0821        0.710526       -0.0472023     
31.0821        0.789474       -0.0430312     
31.0821        0.868421       -0.0372321     
31.0821        0.947368       -0.0298674     
31.0821        1.02632        -0.0209975     
31.0821        1.10526        -0.0106808     
31.0821        1.18421        0.00102615     
31.0821        1.26316        0.0140689      
31.0821        1.34211        0.0283947      
31.0821        1.42105        0.0439525      
31.0821        1.5            0.060693       
31.2712        0              0              
31.2712        0.0789474      -0.0144708     
31.2712        0.157895       -0.0266458     
31.2712        0.236842       -0.0366096     
31.2712        0.315789       -0.0444438     
31.2712        0.394737       -0.0502274     
31.2712        0.473684       -0.0540363     
31.2712        0.552632       -0.055944      
31.2712        0.631579       -0.0560215     
31.2712        0.710526       -0.0543372     
31.2712        0.789474       -0.0509574     
31.2712        0.868421       -0.045946      
31.2712        0.947368       -0.039365      
31.2712        1.02632        -0.031274      
31.2712        1.10526        -0.0217308     
31.2712        1.18421        -0.0107915     
31.2712        1.26316        0.00149007     
31.2712        1.34211        0.0150615      
31.2712        1.42105        0.0298723      
31.2712        1.5            0.0458734      
31.4604        0              0              
31.4604        0.0789474      -0.0152356     
31.4604        0.157895       -0.0281812     
31.4604        0.236842       -0.0389202     
31.4604        0.315789       -0.0475329     
31.4604        0.394737       -0.0540971     
31.4604        0.473684       -0.058688      
31.4604        0.552632       -0.0613778     
31.4604        0.631579       -0.0622367     
31.4604        0.710526       -0.0613323     
31.4604        0.789474       -0.05873       
31.4604        0.868421       -0.0544932     
31.4604        0.947368       -0.0486829     
31.4604        1.02632        -0.0413584     
31.4604        1.10526        -0.0325767     
31.4604        1.18421        -0.0223933     
31.4604        1.26316        -0.0108618     
31.4604        1.34211        0.00196609     
31.4604        1.42105        0.0160402      
31.4604        1.5            0.031312       
31.6495        0              0              
31.6495        0.0789474      -0.015984      
31.6495        0.157895       -0.0296841     
31.6495        0.236842       -0.0411823     
31.6495        0.315789       -0.050558      
31.6495        0.394737       -0.0578878     
31.6495        0.473684       -0.0632456     
31.6495        0.552632       -0.066703      
31.6495        0.631579       -0.0683292     
31.6495        0.710526       -0.0681909     
31.6495        0.789474       -0.0663529     
31.6495        0.868421       -0.0628776     
31.6495        0.947368       -0.0578255     
31.6495        1.02632        -0.0512551     
31.6495        1.10526        -0.0432232     
31.6495        1.18421        -0.0337844     
31.6495        1.26316        -0.0229918     
31.6495        1.34211        -0.0108968     
31.6495        1.42105        0.00245089     
31.6495        1.5            0.0170032      
31.8387        0              0              
31.8387        0.0789474      -0.0167164     
31.8387        0.157895       -0.0311553     
31.8387        0.236842       -0.0433973     
31.8387        0.315789       -0.0535208     
31.8387        0.394737       -0.0616013     
31.8387        0.473684       -0.0677117     
31.8387        0.552632       -0.0719225     
31.8387        0.631579       -0.0743022     
31.8387        0.710526       -0.0749166     
31.8387        0.789474       -0.0738296     
31.8387        0.868421       -0.0711031     
31.8387        0.947368       -0.0667968     
31.8387        1.02632        -0.0609687     
31.8387        1.10526        -0.0536748     
31.8387        1.18421        -0.0449693     
31.8387        1.26316        -0.0349049     
31.8387        1.34211        -0.0235323     
31.8387        1.42105        -0.0109009     
31.8387        1.5            0.00294156     
32.0278        0              0              
32.0278        0.0789474      -0.0174333     
32.0278        0.157895       -0.0325956     
32.0278        0.236842       -0.0455665     
32.0278        0.315789       -0.0564231     
32.0278        0.394737       -0.0652397     
32.0278        0.473684       -0.0720885     
32.0278        0.552632       -0.077039      
32.0278        0.631579       -0.0801586     
32.0278        0.710526       -0.0815124     
32.0278        0.789474       -0.0811637     
32.0278        0.868421       -0.0791735     
32.0278        0.947368       -0.075601      
32.0278        1.02632        -0.0705033     
32.0278        1.10526        -0.063936      
32.0278        1.18421        -0.0559529     
32.0278        1.26316        -0.0466058     
32.0278        1.34211        -0.0359454     
32.0278        1.42105        -0.0240204     
32.0278        1.5            -0.0108781     
32.217         0              0              
32.217         0.0789474      -0.0181351     
32.217         0.157895       -0.0340059     
32.217         0.236842       -0.047691      
32.217         0.315789       -0.0592662     
32.217         0.394737       -0.068805      
32.217         0.473684       -0.0763783     
32.217         0.552632       -0.0820549     
32.217         0.631579       -0.0859012     
32.217         0.710526       -0.0879818     
32.217         0.789474       -0.0883587     
32.217         0.868421       -0.0870926     
32.217         0.947368       -0.0842419     
32.217         1.02632        -0.0798631     
32.217         1.10526        -0.0740113     
32.217         1.18421        -0.0667396     
32.217         1.26316        -0.0580995     
32.217         1.34211        -0.048141      
32.217         1.42105        -0.0369125     
32.217         1.5            -0.024461      
32.4061        0              0              
32.4061        0.0789474      -0.0188221     
32.4061        0.157895       -0.035387      
32.4061        0.236842       -0.049772      
32.4061        0.315789       -0.0620519     
32.4061        0.394737       -0.072299      
32.4061        0.473684       -0.0805834     
32.4061        0.552632       -0.0869729     
32.4061        0.631579       -0.0915331     
32.4061        0.710526       -0.0943276     
32.4061        0.789474       -0.095418      
32.4061        0.868421       -0.094864      
32.4061        0.947368       -0.0927234     
32.4061        1.02632        -0.0890522     
32.4061        1.10526        -0.0839048     
32.4061        1.18421        -0.0773339     
32.4061        1.26316        -0.0693904     
32.4061        1.34211        -0.0601238     
32.4061        1.42105        -0.0495822     
32.4061        1.5            -0.0378121     
32.5953        0              0              
32.5953        0.0789474      -0.0194949     
32.5953        0.157895       -0.0367397     
32.5953        0.236842       -0.0518107     
32.5953        0.315789       -0.0647816     
32.5953        0.394737       -0.0757236     
32.5953        0.473684       -0.0847059     
32.5953        0.552632       -0.0917953     
32.5953        0.631579       -0.0970567     
32.5953        0.710526       -0.100553      
32.5953        0.789474       -0.102345      
32.5953        0.868421       -0.102491      
32.5953        0.947368       -0.101049      
32.5953        1.02632        -0.0980745     
32.5953        1.10526        -0.0936207     
32.5953        1.18421        -0.0877401     
32.5953        1.26316        -0.080483      
32.5953        1.34211        -0.0718986     
32.5953        1.42105        -0.0620343     
32.5953        1.5            -0.0509364     
32.7844        0              0              
32.7844        0.0789474      -0.0201537     
32.7844        0.157895       -0.0380647     
32.7844        0.236842       -0.0538082     
32.7844        0.315789       -0.0674566     
32.7844        0.394737       -0.0790805     
32.7844        0.473684       -0.0887478     
32.7844        0.552632       -0.0965246     
32.7844        0.631579       -0.102475      
32.7844        0.710526       -0.106661      
32.7844        0.789474       -0.109142      
32.7844        0.868421       -0.109977      
32.7844        0.947368       -0.109223      
32.7844        1.02632        -0.106934      
32.7844        1.10526        -0.103163      
32.7844        1.18421        -0.0979624     
32.7844        1.26316        -0.0913818     
32.7844        1.34211        -0.0834698     
32.7844        1.42105        -0.0742735     
32.7844        1.5            -0.0638387     
32.9736        0              0              
32.9736        0.0789474      -0.0207989     
32.9736        0.157895       -0.0393627     
32.9736        0.236842       -0.0557654     
32.9736        0.315789       -0.0700785     
32.9736        0.394737       -0.0823714     
32.9736        0.473684       -0.0927111     
32.9736        0.552632       -0.101163      
32.9736        0.631579       -0.10779       
32.9736        0.710526       -0.112654      
32.9736        0.789474       -0.115813      
32.9736        0.868421       -0.117326      
32.9736        0.947368       -0.117248      
32.9736        1.02632        -0.115634      
32.9736        1.10526        -0.112536      
32.9736        1.18421        -0.108005      
32.9736        1.26316        -0.102091      
32.9736        1.34211        -0.0948419     
32.9736        1.42105        -0.0863044     
32.9736        1.5            -0.0765238     
33.1627        0              0              
33.1627        0.0789474      -0.0214309     
33.1627        0.157895       -0.0406345     
33.1627        0.236842       -0.0576835     
33.1627        0.315789       -0.0726486     
33.1627        0.394737       -0.0855979     
33.1627        0.473684       -0.0965979     
33.1627        0.552632       -0.105713      
33.1627        0.631579       -0.113005      
33.1627        0.710526       -0.118535      
33.1627        0.789474       -0.122361      
33.1627        0.868421       -0.12454       
33.1627        0.947368       -0.125128      
33.1627        1.02632        -0.124178      
33.1627        1.10526        -0.121743      
33.1627        1.18421        -0.117872      
33.1627        1.26316        -0.112615      
33.1627        1.34211        -0.106019      
33.1627        1.42105        -0.0981313     
33.1627        1.5            -0.0889961     
33.3519        0              0              
33.3519        0.0789474      -0.0220501     
33.3519        0.157895       -0.0418807     
33.3519        0.236842       -0.0595635     
33.3519        0.315789       -0.0751681     
33.3519        0.394737       -0.0887618     
33.3519        0.473684       -0.10041       
33.3519        0.552632       -0.110176      
33.3519        0.631579       -0.118122      
33.3519        0.710526       -0.124306      
33.3519        0.789474       -0.128788      
33.3519        0.868421       -0.131623      
33.3519        0.947368       -0.132866      
33.3519        1.02632        -0.132571      
33.3519        1.10526        -0.130787      
33.3519        1.18421        -0.127567      
33.3519        1.26316        -0.122957      
33.3519        1.34211        -0.117006      
33.3519        1.42105        -0.109759      
33.3519        1.5            -0.10126       
33.541         0              0              
33.541         0.0789474      -0.0226567     
33.541         0.157895       -0.043102      
33.541         0.236842       -0.0614063     
33.541         0.315789       -0.0776384     
33.541         0.394737       -0.0918645     
33.541         0.473684       -0.104149      
33.541         0.552632       -0.114555      
33.541         0.631579       -0.123143      
33.541         0.710526       -0.129971      
33.541         0.789474       -0.135098      
33.541         0.868421       -0.138578      
33.541         0.947368       -0.140466      
33.541         1.02632        -0.140814      
33.541         1.10526        -0.139674      
33.541         1.18421        -0.137093      
33.541         1.26316        -0.133122      
33.541         1.34211        -0.127806      
33.541         1.42105        -0.121191      
33.541         1.5            -0.11332       
33.7302        0              0              
33.7302        0.0789474      -0.0232512     
33.7302        0.157895       -0.0442989     
33.7302        0.236842       -0.0632129     
33.7302        0.315789       -0.0800606     
33.7302        0.394737       -0.0949075     
33.7302        0.473684       -0.107817      
33.7302        0.552632       -0.118852      
33.7302        0.631579       -0.12807       
33.7302        0.710526       -0.135532      
33.7302        0.789474       -0.141293      
33.7302        0.868421       -0.145408      
33.7302        0.947368       -0.147931      
33.7302        1.02632        -0.148913      
33.7302        1.10526        -0.148405      
33.7302        1.18421        -0.146456      
33.7302        1.26316        -0.143113      
33.7302        1.34211        -0.138424      
33.7302        1.42105        -0.132432      
33.7302        1.5            -0.125181      
33.9193        0              0              
33.9193        0.0789474      -0.0238337     
33.9193        0.157895       -0.0454722     
33.9193        0.236842       -0.0649842     
33.9193        0.315789       -0.082436      
33.9193        0.394737       -0.0978924     
33.9193        0.473684       -0.111416      
33.9193        0.552632       -0.123068      
33.9193        0.631579       -0.132907      
33.9193        0.710526       -0.140991      
33.9193        0.789474       -0.147376      
33.9193        0.868421       -0.152115      
33.9193        0.947368       -0.155263      
33.9193        1.02632        -0.156869      
33.9193        1.10526        -0.156985      
33.9193        1.18421        -0.155658      
33.9193        1.26316        -0.152935      
33.9193        1.34211        -0.148863      
33.9193        1.42105        -0.143485      
33.9193        1.5            -0.136846      
34.1085        0              0              
34.1085        0.0789474      -0.0244047     
34.1085        0.157895       -0.0466225     
34.1085        0.236842       -0.066721      
34.1085        0.315789       -0.0847658     
34.1085        0.394737       -0.100821      
34.1085        0.473684       -0.114947      
34.1085        0.552632       -0.127206      
34.1085        0.631579       -0.137654      
34.1085        0.710526       -0.14635       
34.1085        0.789474       -0.153349      
34.1085        0.868421       -0.158703      
34.1085        0.947368       -0.162465      
34.1085        1.02632        -0.164687      
34.1085        1.10526        -0.165416      
34.1085        1.18421        -0.164702      
34.1085        1.26316        -0.16259       
34.1085        1.34211        -0.159127      
34.1085        1.42105        -0.154356      
34.1085        1.5            -0.14832       
34.2976        0              0              
34.2976        0.0789474      -0.0249643     
34.2976        0.157895       -0.0477502     
34.2976        0.236842       -0.0684242     
34.2976        0.315789       -0.0870509     
34.2976        0.394737       -0.103693      
34.2976        0.473684       -0.118412      
34.2976        0.552632       -0.131267      
34.2976        0.631579       -0.142315      
34.2976        0.710526       -0.151613      
34.2976        0.789474       -0.159215      
34.2976        0.868421       -0.165174      
34.2976        0.947368       -0.169542      
34.2976        1.02632        -0.172368      
34.2976        1.10526        -0.173703      
34.2976        1.18421        -0.173592      
34.2976        1.26316        -0.172083      
34.2976        1.34211        -0.16922       
34.2976        1.42105        -0.165047      
34.2976        1.5            -0.159607      
34.4868        0              0              
34.4868        0.0789474      -0.025513      
34.4868        0.157895       -0.048856      
34.4868        0.236842       -0.0700947     
34.4868        0.315789       -0.0892926     
34.4868        0.394737       -0.106512      
34.4868        0.473684       -0.121813      
34.4868        0.552632       -0.135253      
34.4868        0.631579       -0.146891      
34.4868        0.710526       -0.15678       
34.4868        0.789474       -0.164976      
34.4868        0.868421       -0.171531      
34.4868        0.947368       -0.176495      
34.4868        1.02632        -0.179917      
34.4868        1.10526        -0.181848      
34.4868        1.18421        -0.182332      
34.4868        1.26316        -0.181417      
34.4868        1.34211        -0.179146      
34.4868        1.42105        -0.175563      
34.4868        1.5            -0.17071       
34.6759        0              0              
34.6759        0.0789474      -0.0260509     
34.6759        0.157895       -0.0499404     
34.6759        0.236842       -0.0717332     
34.6759        0.315789       -0.0914919     
34.6759        0.394737       -0.109278      
34.6759        0.473684       -0.12515       
34.6759        0.552632       -0.139167      
34.6759        0.631579       -0.151383      
34.6759        0.710526       -0.161855      
34.6759        0.789474       -0.170636      
34.6759        0.868421       -0.177776      
34.6759        0.947368       -0.183326      
34.6759        1.02632        -0.187337      
34.6759        1.10526        -0.189854      
34.6759        1.18421        -0.190925      
34.6759        1.26316        -0.190595      
34.6759        1.34211        -0.188908      
34.6759        1.42105        -0.185906      
34.6759        1.5            -0.181633      
34.8651        0              0              
34.8651        0.0789474      -0.0265783     
34.8651        0.157895       -0.0510039     
34.8651        0.236842       -0.0733405     
34.8651        0.315789       -0.0936498     
34.8651        0.394737       -0.111992      
34.8651        0.473684       -0.128426      
34.8651        0.552632       -0.143009      
34.8651        0.631579       -0.155795      
34.8651        0.710526       -0.16684       
34.8651        0.789474       -0.176195      
34.8651        0.868421       -0.183912      
34.8651        0.947368       -0.19004       
34.8651        1.02632        -0.194629      
34.8651        1.10526        -0.197724      
34.8651        1.18421        -0.199373      
34.8651        1.26316        -0.19962       
34.8651        1.34211        -0.198509      
34.8651        1.42105        -0.196082      
34.8651        1.5            -0.19238       
35.0542        0              0              
35.0542        0.0789474      -0.0270956     
35.0542        0.157895       -0.0520471     
35.0542        0.236842       -0.0749173     
35.0542        0.315789       -0.0957673     
35.0542        0.394737       -0.114656      
35.0542        0.473684       -0.131642      
35.0542        0.552632       -0.146781      
35.0542        0.631579       -0.160128      
35.0542        0.710526       -0.171736      
35.0542        0.789474       -0.181657      
35.0542        0.868421       -0.189941      
35.0542        0.947368       -0.196638      
35.0542        1.02632        -0.201796      
35.0542        1.10526        -0.205462      
35.0542        1.18421        -0.207681      
35.0542        1.26316        -0.208497      
35.0542        1.34211        -0.207953      
35.0542        1.42105        -0.206092      
35.0542        1.5            -0.202955      
35.2434        0              0              
35.2434        0.0789474      -0.0276028     
35.2434        0.157895       -0.0530704     
35.2434        0.236842       -0.0764645     
35.2434        0.315789       -0.0978453     
35.2434        0.394737       -0.117271      
35.2434        0.473684       -0.134799      
35.2434        0.552632       -0.150485      
35.2434        0.631579       -0.164383      
35.2434        0.710526       -0.176545      
35.2434        0.789474       -0.187023      
35.2434        0.868421       -0.195866      
35.2434        0.947368       -0.203123      
35.2434        1.02632        -0.208843      
35.2434        1.10526        -0.21307       
35.2434        1.18421        -0.21585       
35.2434        1.26316        -0.217227      
35.2434        1.34211        -0.217243      
35.2434        1.42105        -0.215941      
35.2434        1.5            -0.213361      
35.4325        0              0              
35.4325        0.0789474      -0.0281004     
35.4325        0.157895       -0.0540743     
35.4325        0.236842       -0.0779827     
35.4325        0.315789       -0.0998848     
35.4325        0.394737       -0.119838      
35.4325        0.473684       -0.1379        
35.4325        0.552632       -0.154123      
35.4325        0.631579       -0.168563      
35.4325        0.710526       -0.18127       
35.4325        0.789474       -0.192295      
35.4325        0.868421       -0.201689      
35.4325        0.947368       -0.209498      
35.4325        1.02632        -0.21577       
35.4325        1.10526        -0.220551      
35.4325        1.18421        -0.223884      
35.4325        1.26316        -0.225814      
35.4325        1.34211        -0.226383      
35.4325        1.42105        -0.225632      
35.4325        1.5            -0.223601      
35.6217        0              0              
35.6217        0.0789474      -0.0285885     
35.6217        0.157895       -0.0550593     
35.6217        0.236842       -0.0794726     
35.6217        0.315789       -0.101887      
35.6217        0.394737       -0.122359      
35.6217        0.473684       -0.140944      
35.6217        0.552632       -0.157696      
35.6217        0.631579       -0.172668      
35.6217        0.710526       -0.185912      
35.6217        0.789474       -0.197477      
35.6217        0.868421       -0.207412      
35.6217        0.947368       -0.215764      
35.6217        1.02632        -0.222581      
35.6217        1.10526        -0.227907      
35.6217        1.18421        -0.231786      
35.6217        1.26316        -0.234261      
35.6217        1.34211        -0.235375      
35.6217        1.42105        -0.235167      
35.6217        1.5            -0.233679      
35.8108        0              0              
35.8108        0.0789474      -0.0290673     
35.8108        0.157895       -0.0560259     
35.8108        0.236842       -0.0809349     
35.8108        0.315789       -0.103852      
35.8108        0.394737       -0.124833      
35.8108        0.473684       -0.143933      
35.8108        0.552632       -0.161205      
35.8108        0.631579       -0.176702      
35.8108        0.710526       -0.190473      
35.8108        0.789474       -0.202569      
35.8108        0.868421       -0.213037      
35.8108        0.947368       -0.221925      
35.8108        1.02632        -0.229278      
35.8108        1.10526        -0.235141      
35.8108        1.18421        -0.239558      
35.8108        1.26316        -0.242571      
35.8108        1.34211        -0.244222      
35.8108        1.42105        -0.244551      
35.8108        1.5            -0.243598      
36             0              0              
36             0.0789474      -0.0295371     
36             0.157895       -0.0569744     
36             0.236842       -0.0823702     
36             0.315789       -0.105781      
36             0.394737       -0.127263      
36             0.473684       -0.146869      
36             0.552632       -0.164653      
36             0.631579       -0.180665      
36             0.710526       -0.194956      
36             0.789474       -0.207574      
36             0.868421       -0.218567      
36             0.947368       -0.227982      
36             1.02632        -0.235864      
36             1.10526        -0.242257      
36             1.18421        -0.247204      
36             1.26316        -0.250747      
36             1.34211        -0.252928      
36             1.42105        -0.253786      
36             1.5            -0.253361      
