17.2741   36        100       0         1.5       20        
17.2741        0              0              
17.2741        0.0789474      -0.00813313    
17.2741        0.157895       -0.0158297     
17.2741        0.236842       -0.0231231     
17.2741        0.315789       -0.0300437     
17.2741        0.394737       -0.0366186     
17.2741        0.473684       -0.0428725     
17.2741        0.552632       -0.0488277     
17.2741        0.631579       -0.0545047     
17.2741        0.710526       -0.0599218     
17.2741        0.789474       -0.0650961     
17.2741        0.868421       -0.070043      
17.2741        0.947368       -0.0747767     
17.2741        1.02632        -0.0793104     
17.2741        1.10526        -0.0836559     
17.2741        1.18421        -0.0878244     
17.2741        1.26316        -0.0918261     
17.2741        1.34211        -0.0956704     
17.2741        1.42105        -0.0993661     
17.2741        1.5            -0.102921      
17.4632        0              0              
17.4632        0.0789474      -0.13416       
17.4632        0.157895       -0.261534      
17.4632        0.236842       -0.382611      
17.4632        0.315789       -0.497835      
17.4632        0.394737       -0.60761       
17.4632        0.473684       -0.712302      
17.4632        0.552632       -0.812247      
17.4632        0.631579       -0.907749      
17.4632        0.710526       -0.999091      
17.4632        0.789474       -1.08653       
17.4632        0.868421       -1.1703        
17.4632        0.947368       -1.25062       
17.4632        1.02632        -1.32769       
17.4632        1.10526        -1.4017        
17.4632        1.18421        -1.47282       
17.4632        1.26316        -1.54121       
17.4632        1.34211        -1.60702       
17.4632        1.42105        -1.67038       
17.4632        1.5            -1.73143       
17.6524        0              0              
17.6524        0.0789474      -0.192671      
17.6524        0.157895       -0.37609       
17.6524        0.236842       -0.55089       
17.6524        0.315789       -0.717648      
17.6524        0.394737       -0.876889      
17.6524        0.473684       -1.02909       
17.6524        0.552632       -1.17471       
17.6524        0.631579       -1.31413       
17.6524        0.710526       -1.44774       
17.6524        0.789474       -1.57587       
17.6524        0.868421       -1.69885       
17.6524        0.947368       -1.81697       
17.6524        1.02632        -1.9305        
17.6524        1.10526        -2.03969       
17.6524        1.18421        -2.14477       
17.6524        1.26316        -2.24597       
17.6524        1.34211        -2.34348       
17.6524        1.42105        -2.43749       
17.6524        1.5            -2.52818       
17.8415        0              0              
17.8415        0.0789474      -0.235801      
17.8415        0.157895       -0.46082       
17.8415        0.236842       -0.675758      
17.8415        0.315789       -0.881257      
17.8415        0.394737       -1.07791       
17.8415        0.473684       -1.26625       
17.8415        0.552632       -1.44677       
17.8415        0.631579       -1.61994       
17.8415        0.710526       -1.78618       
17.8415        0.789474       -1.94589       
17.8415        0.868421       -2.09941       
17.8415        0.947368       -2.2471        
17.8415        1.02632        -2.38926       
17.8415        1.10526        -2.52618       
17.8415        1.18421        -2.65814       
17.8415        1.26316        -2.78539       
17.8415        1.34211        -2.90817       
17.8415        1.42105        -3.02668       
17.8415        1.5            -3.14115       
18.0307        0              0              
18.0307        0.0789474      -0.269708      
18.0307        0.157895       -0.527644      
18.0307        0.236842       -0.774537      
18.0307        0.315789       -1.01106       
18.0307        0.394737       -1.23783       
18.0307        0.473684       -1.45541       
18.0307        0.552632       -1.66433       
18.0307        0.631579       -1.86508       
18.0307        0.710526       -2.05811       
18.0307        0.789474       -2.24383       
18.0307        0.868421       -2.42264       
18.0307        0.947368       -2.59489       
18.0307        1.02632        -2.76093       
18.0307        1.10526        -2.92107       
18.0307        1.18421        -3.0756        
18.0307        1.26316        -3.2248        
18.0307        1.34211        -3.36892       
18.0307        1.42105        -3.50822       
18.0307        1.5            -3.6429        
18.2198        0              0              
18.2198        0.0789474      -0.297097      
18.2198        0.157895       -0.581789      
18.2198        0.236842       -0.85481       
18.2198        0.315789       -1.11684       
18.2198        0.394737       -1.3685        
18.2198        0.473684       -1.61037       
18.2198        0.552632       -1.84299       
18.2198        0.631579       -2.06686       
18.2198        0.710526       -2.28244       
18.2198        0.789474       -2.49015       
18.2198        0.868421       -2.69041       
18.2198        0.947368       -2.88359       
18.2198        1.02632        -3.07004       
18.2198        1.10526        -3.25009       
18.2198        1.18421        -3.42404       
18.2198        1.26316        -3.59218       
18.2198        1.34211        -3.75479       
18.2198        1.42105        -3.91211       
18.2198        1.5            -4.06439       
18.409         0              0              
18.409         0.0789474      -0.319545      
18.409         0.157895       -0.626303      
18.409         0.236842       -0.920997      
18.409         0.315789       -1.2043        
18.409         0.394737       -1.47683       
18.409         0.473684       -1.73916       
18.409         0.552632       -1.99183       
18.409         0.631579       -2.23535       
18.409         0.710526       -2.47017       
18.409         0.789474       -2.69673       
18.409         0.868421       -2.91544       
18.409         0.947368       -3.12668       
18.409         1.02632        -3.3308        
18.409         1.10526        -3.52814       
18.409         1.18421        -3.71902       
18.409         1.26316        -3.90372       
18.409         1.34211        -4.08253       
18.409         1.42105        -4.2557        
18.409         1.5            -4.42349       
18.5981        0              0              
18.5981        0.0789474      -0.338105      
18.5981        0.157895       -0.66322       
18.5981        0.236842       -0.976049      
18.5981        0.315789       -1.27725       
18.5981        0.394737       -1.56742       
18.5981        0.473684       -1.84714       
18.5981        0.552632       -2.11693       
18.5981        0.631579       -2.37729       
18.5981        0.710526       -2.62867       
18.5981        0.789474       -2.87151       
18.5981        0.868421       -3.10622       
18.5981        0.947368       -3.33317       
18.5981        1.02632        -3.55273       
18.5981        1.10526        -3.76522       
18.5981        1.18421        -3.97096       
18.5981        1.26316        -4.17025       
18.5981        1.34211        -4.36338       
18.5981        1.42105        -4.5506        
18.5981        1.5            -4.73216       
18.7873        0              0              
18.7873        0.0789474      -0.353532      
18.7873        0.157895       -0.694001      
18.7873        0.236842       -1.02209       
18.7873        0.315789       -1.33843       
18.7873        0.394737       -1.64361       
18.7873        0.473684       -1.93818       
18.7873        0.552632       -2.22267       
18.7873        0.631579       -2.49754       
18.7873        0.710526       -2.76326       
18.7873        0.789474       -3.02025       
18.7873        0.868421       -3.26891       
18.7873        0.947368       -3.50962       
18.7873        1.02632        -3.74272       
18.7873        1.10526        -3.96855       
18.7873        1.18421        -4.18742       
18.7873        1.26316        -4.39964       
18.7873        1.34211        -4.60548       
18.7873        1.42105        -4.8052        
18.7873        1.5            -4.99906       
18.9764        0              0              
18.9764        0.0789474      -0.366392      
18.9764        0.157895       -0.719748      
18.9764        0.236842       -1.06072       
18.9764        0.315789       -1.38992       
18.9764        0.394737       -1.70791       
18.9764        0.473684       -2.01523       
18.9764        0.552632       -2.31237       
18.9764        0.631579       -2.59981       
18.9764        0.710526       -2.87799       
18.9764        0.789474       -3.14732       
18.9764        0.868421       -3.4082        
18.9764        0.947368       -3.66098       
18.9764        1.02632        -3.90602       
18.9764        1.10526        -4.14365       
18.9764        1.18421        -4.37417       
18.9764        1.26316        -4.59788       
18.9764        1.34211        -4.81505       
18.9764        1.42105        -5.02596       
18.9764        1.5            -5.23084       
19.1656        0              0              
19.1656        0.0789474      -0.377125      
19.1656        0.157895       -0.741312      
19.1656        0.236842       -1.09318       
19.1656        0.315789       -1.43332       
19.1656        0.394737       -1.76227       
19.1656        0.473684       -2.08055       
19.1656        0.552632       -2.38864       
19.1656        0.631579       -2.68698       
19.1656        0.710526       -2.97602       
19.1656        0.789474       -3.25615       
19.1656        0.868421       -3.52774       
19.1656        0.947368       -3.79117       
19.1656        1.02632        -4.04677       
19.1656        1.10526        -4.29485       
19.1656        1.18421        -4.53573       
19.1656        1.26316        -4.76969       
19.1656        1.34211        -4.997         
19.1656        1.42105        -5.21793       
19.1656        1.5            -5.43271       
19.3547        0              0              
19.3547        0.0789474      -0.386079      
19.3547        0.157895       -0.759371      
19.3547        0.236842       -1.12047       
19.3547        0.315789       -1.46993       
19.3547        0.394737       -1.80827       
19.3547        0.473684       -2.13598       
19.3547        0.552632       -2.45354       
19.3547        0.631579       -2.76137       
19.3547        0.710526       -3.05988       
19.3547        0.789474       -3.34947       
19.3547        0.868421       -3.63051       
19.3547        0.947368       -3.90333       
19.3547        1.02632        -4.16828       
19.3547        1.10526        -4.42566       
19.3547        1.18421        -4.67576       
19.3547        1.26316        -4.91888       
19.3547        1.34211        -5.15528       
19.3547        1.42105        -5.38521       
19.3547        1.5            -5.60892       
19.5439        0              0              
19.5439        0.0789474      -0.393533      
19.5439        0.157895       -0.774469      
19.5439        0.236842       -1.14337       
19.5439        0.315789       -1.50076       
19.5439        0.394737       -1.84715       
19.5439        0.473684       -2.183         
19.5439        0.552632       -2.50876       
19.5439        0.631579       -2.82484       
19.5439        0.710526       -3.13164       
19.5439        0.789474       -3.42954       
19.5439        0.868421       -3.71888       
19.5439        0.947368       -4.00002       
19.5439        1.02632        -4.27326       
19.5439        1.10526        -4.53891       
19.5439        1.18421        -4.79726       
19.5439        1.26316        -5.04858       
19.5439        1.34211        -5.29314       
19.5439        1.42105        -5.53117       
19.5439        1.5            -5.76293       
19.733         0              0              
19.733         0.0789474      -0.399715      
19.733         0.157895       -0.78705       
19.733         0.236842       -1.16254       
19.733         0.315789       -1.52669       
19.733         0.394737       -1.87996       
19.733         0.473684       -2.22282       
19.733         0.552632       -2.55568       
19.733         0.631579       -2.87894       
19.733         0.710526       -3.19299       
19.733         0.789474       -3.49818       
19.733         0.868421       -3.79486       
19.733         0.947368       -4.08335       
19.733         1.02632        -4.36396       
19.733         1.10526        -4.63699       
19.733         1.18421        -4.9027        
19.733         1.26316        -5.16138       
19.733         1.34211        -5.41326       
19.733         1.42105        -5.65861       
19.733         1.5            -5.89763       
19.9222        0              0              
19.9222        0.0789474      -0.404812      
19.9222        0.157895       -0.797482      
19.9222        0.236842       -1.17852       
19.9222        0.315789       -1.54839       
19.9222        0.394737       -1.90756       
19.9222        0.473684       -2.25644       
19.9222        0.552632       -2.59545       
19.9222        0.631579       -2.92497       
19.9222        0.710526       -3.24535       
19.9222        0.789474       -3.55695       
19.9222        0.868421       -3.8601        
19.9222        0.947368       -4.1551        
19.9222        1.02632        -4.44226       
19.9222        1.10526        -4.72186       
19.9222        1.18421        -4.99417       
19.9222        1.26316        -5.25944       
19.9222        1.34211        -5.51792       
19.9222        1.42105        -5.76986       
19.9222        1.5            -6.01546       
20.1113        0              0              
20.1113        0.0789474      -0.408979      
20.1113        0.157895       -0.806069      
20.1113        0.236842       -1.19175       
20.1113        0.315789       -1.56647       
20.1113        0.394737       -1.93065       
20.1113        0.473684       -2.28472       
20.1113        0.552632       -2.62904       
20.1113        0.631579       -2.96399       
20.1113        0.710526       -3.28991       
20.1113        0.789474       -3.60714       
20.1113        0.868421       -3.91599       
20.1113        0.947368       -4.21677       
20.1113        1.02632        -4.50975       
20.1113        1.10526        -4.79521       
20.1113        1.18421        -5.07341       
20.1113        1.26316        -5.34461       
20.1113        1.34211        -5.60903       
20.1113        1.42105        -5.86691       
20.1113        1.5            -6.11847       
20.3005        0              0              
20.3005        0.0789474      -0.412348      
20.3005        0.157895       -0.813066      
20.3005        0.236842       -1.20261       
20.3005        0.315789       -1.5814        
20.3005        0.394737       -1.94985       
20.3005        0.473684       -2.30835       
20.3005        0.552632       -2.65725       
20.3005        0.631579       -2.99692       
20.3005        0.710526       -3.32767       
20.3005        0.789474       -3.64984       
20.3005        0.868421       -3.96372       
20.3005        0.947368       -4.2696        
20.3005        1.02632        -4.56776       
20.3005        1.10526        -4.85845       
20.3005        1.18421        -5.14193       
20.3005        1.26316        -5.41845       
20.3005        1.34211        -5.68822       
20.3005        1.42105        -5.95148       
20.3005        1.5            -6.20843       
20.4896        0              0              
20.4896        0.0789474      -0.415026      
20.4896        0.157895       -0.818688      
20.4896        0.236842       -1.21141       
20.4896        0.315789       -1.59361       
20.4896        0.394737       -1.96566       
20.4896        0.473684       -2.32793       
20.4896        0.552632       -2.68078       
20.4896        0.631579       -3.02452       
20.4896        0.710526       -3.35949       
20.4896        0.789474       -3.68599       
20.4896        0.868421       -4.00429       
20.4896        0.947368       -4.31469       
20.4896        1.02632        -4.61744       
20.4896        1.10526        -4.9128        
20.4896        1.18421        -5.20101       
20.4896        1.26316        -5.4823        
20.4896        1.34211        -5.7569        
20.4896        1.42105        -6.02501       
20.4896        1.5            -6.28684       
20.6788        0              0              
20.6788        0.0789474      -0.417107      
20.6788        0.157895       -0.823118      
20.6788        0.236842       -1.21844       
20.6788        0.315789       -1.60345       
20.6788        0.394737       -1.97852       
20.6788        0.473684       -2.34399       
20.6788        0.552632       -2.70021       
20.6788        0.631579       -3.04747       
20.6788        0.710526       -3.3861        
20.6788        0.789474       -3.71637       
20.6788        0.868421       -4.03857       
20.6788        0.947368       -4.35296       
20.6788        1.02632        -4.65979       
20.6788        1.10526        -4.95931       
20.6788        1.18421        -5.25175       
20.6788        1.26316        -5.53733       
20.6788        1.34211        -5.81626       
20.6788        1.42105        -6.08876       
20.6788        1.5            -6.35502       
20.8679        0              0              
20.8679        0.0789474      -0.41867       
20.8679        0.157895       -0.826512      
20.8679        0.236842       -1.22391       
20.8679        0.315789       -1.61122       
20.8679        0.394737       -1.98879       
20.8679        0.473684       -2.35696       
20.8679        0.552632       -2.71604       
20.8679        0.631579       -3.06633       
20.8679        0.710526       -3.40813       
20.8679        0.789474       -3.7417        
20.8679        0.868421       -4.06731       
20.8679        0.947368       -4.38522       
20.8679        1.02632        -4.69566       
20.8679        1.10526        -4.99888       
20.8679        1.18421        -5.2951        
20.8679        1.26316        -5.58452       
20.8679        1.34211        -5.86737       
20.8679        1.42105        -6.14383       
20.8679        1.5            -6.4141        
21.0571        0              0              
21.0571        0.0789474      -0.419782      
21.0571        0.157895       -0.829001      
21.0571        0.236842       -1.22802       
21.0571        0.315789       -1.61718       
21.0571        0.394737       -1.99681       
21.0571        0.473684       -2.36722       
21.0571        0.552632       -2.72872       
21.0571        0.631579       -3.08159       
21.0571        0.710526       -3.42611       
21.0571        0.789474       -3.76255       
21.0571        0.868421       -4.09114       
21.0571        0.947368       -4.41215       
21.0571        1.02632        -4.72579       
21.0571        1.10526        -5.0323        
21.0571        1.18421        -5.33189       
21.0571        1.26316        -5.62476       
21.0571        1.34211        -5.91112       
21.0571        1.42105        -6.19116       
21.0571        1.5            -6.46506       
21.2462        0              0              
21.2462        0.0789474      -0.420501      
21.2462        0.157895       -0.830701      
21.2462        0.236842       -1.23094       
21.2462        0.315789       -1.62155       
21.2462        0.394737       -2.00284       
21.2462        0.473684       -2.3751        
21.2462        0.552632       -2.73862       
21.2462        0.631579       -3.09368       
21.2462        0.710526       -3.44054       
21.2462        0.789474       -3.77944       
21.2462        0.868421       -4.11064       
21.2462        0.947368       -4.43436       
21.2462        1.02632        -4.75082       
21.2462        1.10526        -5.06025       
21.2462        1.18421        -5.36285       
21.2462        1.26316        -5.65881       
21.2462        1.34211        -5.94833       
21.2462        1.42105        -6.23159       
21.2462        1.5            -6.50877       
21.4354        0              0              
21.4354        0.0789474      -0.420877      
21.4354        0.157895       -0.831711      
21.4354        0.236842       -1.23283       
21.4354        0.315789       -1.62453       
21.4354        0.394737       -2.00712       
21.4354        0.473684       -2.38087       
21.4354        0.552632       -2.74607       
21.4354        0.631579       -3.10296       
21.4354        0.710526       -3.4518        
21.4354        0.789474       -3.79283       
21.4354        0.868421       -4.12628       
21.4354        0.947368       -4.45237       
21.4354        1.02632        -4.77132       
21.4354        1.10526        -5.08333       
21.4354        1.18421        -5.3886        
21.4354        1.26316        -5.68732       
21.4354        1.34211        -5.97968       
21.4354        1.42105        -6.26585       
21.4354        1.5            -6.546         
21.6245        0              0              
21.6245        0.0789474      -0.420952      
21.6245        0.157895       -0.832116      
21.6245        0.236842       -1.2338        
21.6245        0.315789       -1.62629       
21.6245        0.394737       -2.00986       
21.6245        0.473684       -2.3848        
21.6245        0.552632       -2.75134       
21.6245        0.631579       -3.10975       
21.6245        0.710526       -3.46027       
21.6245        0.789474       -3.80311       
21.6245        0.868421       -4.1385        
21.6245        0.947368       -4.46666       
21.6245        1.02632        -4.78778       
21.6245        1.10526        -5.10207       
21.6245        1.18421        -5.40971       
21.6245        1.26316        -5.71089       
21.6245        1.34211        -6.00579       
21.6245        1.42105        -6.29457       
21.6245        1.5            -6.5774        
21.8137        0              0              
21.8137        0.0789474      -0.420766      
21.8137        0.157895       -0.831991      
21.8137        0.236842       -1.23396       
21.8137        0.315789       -1.62696       
21.8137        0.394737       -2.01125       
21.8137        0.473684       -2.38708       
21.8137        0.552632       -2.7547        
21.8137        0.631579       -3.11435       
21.8137        0.710526       -3.46625       
21.8137        0.789474       -3.81062       
21.8137        0.868421       -4.14767       
21.8137        0.947368       -4.47761       
21.8137        1.02632        -4.80063       
21.8137        1.10526        -5.11692       
21.8137        1.18421        -5.42666       
21.8137        1.26316        -5.73003       
21.8137        1.34211        -6.0272        
21.8137        1.42105        -6.31833       
21.8137        1.5            -6.60358       
22.0028        0              0              
22.0028        0.0789474      -0.420349      
22.0028        0.157895       -0.8314        
22.0028        0.236842       -1.23343       
22.0028        0.315789       -1.62669       
22.0028        0.394737       -2.01144       
22.0028        0.473684       -2.38792       
22.0028        0.552632       -2.75636       
22.0028        0.631579       -3.11699       
22.0028        0.710526       -3.47002       
22.0028        0.789474       -3.81567       
22.0028        0.868421       -4.15413       
22.0028        0.947368       -4.4856        
22.0028        1.02632        -4.81026       
22.0028        1.10526        -5.1283        
22.0028        1.18421        -5.43989       
22.0028        1.26316        -5.7452        
22.0028        1.34211        -6.04439       
22.0028        1.42105        -6.33763       
22.0028        1.5            -6.62506       
22.192         0              0              
22.192         0.0789474      -0.419731      
22.192         0.157895       -0.8304        
22.192         0.236842       -1.23226       
22.192         0.315789       -1.62557       
22.192         0.394737       -2.01056       
22.192         0.473684       -2.38747       
22.192         0.552632       -2.75651       
22.192         0.631579       -3.11789       
22.192         0.710526       -3.47183       
22.192         0.789474       -3.81852       
22.192         0.868421       -4.15816       
22.192         0.947368       -4.49093       
22.192         1.02632        -4.81701       
22.192         1.10526        -5.13657       
22.192         1.18421        -5.44978       
22.192         1.26316        -5.7568        
22.192         1.34211        -6.0578        
22.192         1.42105        -6.35291       
22.192         1.5            -6.6423        
22.3812        0              0              
22.3812        0.0789474      -0.418936      
22.3812        0.157895       -0.82904       
22.3812        0.236842       -1.23056       
22.3812        0.315789       -1.62372       
22.3812        0.394737       -2.00876       
22.3812        0.473684       -2.38588       
22.3812        0.552632       -2.75531       
22.3812        0.631579       -3.11725       
22.3812        0.710526       -3.47189       
22.3812        0.789474       -3.81942       
22.3812        0.868421       -4.16002       
22.3812        0.947368       -4.49388       
22.3812        1.02632        -4.82117       
22.3812        1.10526        -5.14204       
22.3812        1.18421        -5.45666       
22.3812        1.26316        -5.7652        
22.3812        1.34211        -6.06779       
22.3812        1.42105        -6.36458       
22.3812        1.5            -6.65572       
22.5703        0              0              
22.5703        0.0789474      -0.417987      
22.5703        0.157895       -0.827365      
22.5703        0.236842       -1.22837       
22.5703        0.315789       -1.62121       
22.5703        0.394737       -2.00612       
22.5703        0.473684       -2.38329       
22.5703        0.552632       -2.75293       
22.5703        0.631579       -3.11523       
22.5703        0.710526       -3.47038       
22.5703        0.789474       -3.81857       
22.5703        0.868421       -4.15995       
22.5703        0.947368       -4.49471       
22.5703        1.02632        -4.82301       
22.5703        1.10526        -5.14501       
22.5703        1.18421        -5.46085       
22.5703        1.26316        -5.7707        
22.5703        1.34211        -6.0747        
22.5703        1.42105        -6.37298       
22.5703        1.5            -6.66568       
22.7595        0              0              
22.7595        0.0789474      -0.416902      
22.7595        0.157895       -0.825412      
22.7595        0.236842       -1.22575       
22.7595        0.315789       -1.61813       
22.7595        0.394737       -2.00274       
22.7595        0.473684       -2.3798        
22.7595        0.552632       -2.74949       
22.7595        0.631579       -3.11199       
22.7595        0.710526       -3.46749       
22.7595        0.789474       -3.81615       
22.7595        0.868421       -4.15814       
22.7595        0.947368       -4.49363       
22.7595        1.02632        -4.82277       
22.7595        1.10526        -5.14572       
22.7595        1.18421        -5.46262       
22.7595        1.26316        -5.77361       
22.7595        1.34211        -6.07884       
22.7595        1.42105        -6.37843       
22.7595        1.5            -6.67253       
22.9486        0              0              
22.9486        0.0789474      -0.415698      
22.9486        0.157895       -0.823215      
22.9486        0.236842       -1.22276       
22.9486        0.315789       -1.61453       
22.9486        0.394737       -1.99872       
22.9486        0.473684       -2.37552       
22.9486        0.552632       -2.74511       
22.9486        0.631579       -3.10766       
22.9486        0.710526       -3.46335       
22.9486        0.789474       -3.81234       
22.9486        0.868421       -4.15478       
22.9486        0.947368       -4.49085       
22.9486        1.02632        -4.82067       
22.9486        1.10526        -5.14441       
22.9486        1.18421        -5.46219       
22.9486        1.26316        -5.77417       
22.9486        1.34211        -6.08047       
22.9486        1.42105        -6.38122       
22.9486        1.5            -6.67656       
23.1378        0              0              
23.1378        0.0789474      -0.41439       
23.1378        0.157895       -0.820804      
23.1378        0.236842       -1.21944       
23.1378        0.315789       -1.61048       
23.1378        0.394737       -1.99412       
23.1378        0.473684       -2.37054       
23.1378        0.552632       -2.73989       
23.1378        0.631579       -3.10236       
23.1378        0.710526       -3.4581        
23.1378        0.789474       -3.80728       
23.1378        0.868421       -4.15003       
23.1378        0.947368       -4.48652       
23.1378        1.02632        -4.81689       
23.1378        1.10526        -5.14127       
23.1378        1.18421        -5.4598        
23.1378        1.26316        -5.77262       
23.1378        1.34211        -6.07984       
23.1378        1.42105        -6.3816        
23.1378        1.5            -6.67802       
23.3269        0              0              
23.3269        0.0789474      -0.412992      
23.3269        0.157895       -0.818206      
23.3269        0.236842       -1.21583       
23.3269        0.315789       -1.60604       
23.3269        0.394737       -1.98902       
23.3269        0.473684       -2.36493       
23.3269        0.552632       -2.73393       
23.3269        0.631579       -3.09619       
23.3269        0.710526       -3.45187       
23.3269        0.789474       -3.8011        
23.3269        0.868421       -4.14404       
23.3269        0.947368       -4.48083       
23.3269        1.02632        -4.8116        
23.3269        1.10526        -5.13649       
23.3269        1.18421        -5.45563       
23.3269        1.26316        -5.76915       
23.3269        1.34211        -6.07717       
23.3269        1.42105        -6.3798        
23.3269        1.5            -6.67718       
23.5161        0              0              
23.5161        0.0789474      -0.411514      
23.5161        0.157895       -0.815444      
23.5161        0.236842       -1.21196       
23.5161        0.315789       -1.60125       
23.5161        0.394737       -1.98346       
23.5161        0.473684       -2.35876       
23.5161        0.552632       -2.72731       
23.5161        0.631579       -3.08926       
23.5161        0.710526       -3.44475       
23.5161        0.789474       -3.79392       
23.5161        0.868421       -4.13693       
23.5161        0.947368       -4.47389       
23.5161        1.02632        -4.80495       
23.5161        1.10526        -5.13024       
23.5161        1.18421        -5.44986       
23.5161        1.26316        -5.76396       
23.5161        1.34211        -6.07265       
23.5161        1.42105        -6.37603       
23.5161        1.5            -6.67423       
23.7052        0              0              
23.7052        0.0789474      -0.409968      
23.7052        0.157895       -0.812538      
23.7052        0.236842       -1.20788       
23.7052        0.315789       -1.59615       
23.7052        0.394737       -1.97751       
23.7052        0.473684       -2.35211       
23.7052        0.552632       -2.7201        
23.7052        0.631579       -3.08163       
23.7052        0.710526       -3.43684       
23.7052        0.789474       -3.78585       
23.7052        0.868421       -4.12882       
23.7052        0.947368       -4.46585       
23.7052        1.02632        -4.79709       
23.7052        1.10526        -5.12265       
23.7052        1.18421        -5.44265       
23.7052        1.26316        -5.75721       
23.7052        1.34211        -6.06645       
23.7052        1.42105        -6.37047       
23.7052        1.5            -6.66938       
23.8944        0              0              
23.8944        0.0789474      -0.408362      
23.8944        0.157895       -0.809508      
23.8944        0.236842       -1.2036        
23.8944        0.315789       -1.59078       
23.8944        0.394737       -1.97121       
23.8944        0.473684       -2.34503       
23.8944        0.552632       -2.71238       
23.8944        0.631579       -3.0734        
23.8944        0.710526       -3.42823       
23.8944        0.789474       -3.77699       
23.8944        0.868421       -4.11981       
23.8944        0.947368       -4.45681       
23.8944        1.02632        -4.78813       
23.8944        1.10526        -5.11386       
23.8944        1.18421        -5.43414       
23.8944        1.26316        -5.74906       
23.8944        1.34211        -6.05874       
23.8944        1.42105        -6.36329       
23.8944        1.5            -6.6628        
24.0835        0              0              
24.0835        0.0789474      -0.406705      
24.0835        0.157895       -0.806369      
24.0835        0.236842       -1.19914       
24.0835        0.315789       -1.58517       
24.0835        0.394737       -1.9646        
24.0835        0.473684       -2.33756       
24.0835        0.552632       -2.70419       
24.0835        0.631579       -3.06463       
24.0835        0.710526       -3.41899       
24.0835        0.789474       -3.76741       
24.0835        0.868421       -4.11          
24.0835        0.947368       -4.44689       
24.0835        1.02632        -4.77818       
24.0835        1.10526        -5.104         
24.0835        1.18421        -5.42445       
24.0835        1.26316        -5.73963       
24.0835        1.34211        -6.04966       
24.0835        1.42105        -6.35464       
24.0835        1.5            -6.65466       
24.2727        0              0              
24.2727        0.0789474      -0.405004      
24.2727        0.157895       -0.803137      
24.2727        0.236842       -1.19454       
24.2727        0.315789       -1.57936       
24.2727        0.394737       -1.95772       
24.2727        0.473684       -2.32975       
24.2727        0.552632       -2.6956        
24.2727        0.631579       -3.05537       
24.2727        0.710526       -3.4092        
24.2727        0.789474       -3.75719       
24.2727        0.868421       -4.09947       
24.2727        0.947368       -4.43616       
24.2727        1.02632        -4.76735       
24.2727        1.10526        -5.09316       
24.2727        1.18421        -5.4137        
24.2727        1.26316        -5.72906       
24.2727        1.34211        -6.03934       
24.2727        1.42105        -6.34466       
24.2727        1.5            -6.64509       
24.4618        0              0              
24.4618        0.0789474      -0.403265      
24.4618        0.157895       -0.799825      
24.4618        0.236842       -1.18981       
24.4618        0.315789       -1.57336       
24.4618        0.394737       -1.9506        
24.4618        0.473684       -2.32165       
24.4618        0.552632       -2.68664       
24.4618        0.631579       -3.04569       
24.4618        0.710526       -3.39891       
24.4618        0.789474       -3.74641       
24.4618        0.868421       -4.08831       
24.4618        0.947368       -4.42471       
24.4618        1.02632        -4.75572       
24.4618        1.10526        -5.08145       
24.4618        1.18421        -5.40199       
24.4618        1.26316        -5.71744       
24.4618        1.34211        -6.02791       
24.4618        1.42105        -6.33347       
24.4618        1.5            -6.63424       
24.651         0              0              
24.651         0.0789474      -0.401495      
24.651         0.157895       -0.796443      
24.651         0.236842       -1.18497       
24.651         0.315789       -1.56721       
24.651         0.394737       -1.94328       
24.651         0.473684       -2.31329       
24.651         0.552632       -2.67737       
24.651         0.631579       -3.03563       
24.651         0.710526       -3.38818       
24.651         0.789474       -3.73512       
24.651         0.868421       -4.07657       
24.651         0.947368       -4.41262       
24.651         1.02632        -4.74338       
24.651         1.10526        -5.06895       
24.651         1.18421        -5.38942       
24.651         1.26316        -5.70489       
24.651         1.34211        -6.01545       
24.651         1.42105        -6.3212        
24.651         1.5            -6.62221       
24.8401        0              0              
24.8401        0.0789474      -0.399697      
24.8401        0.157895       -0.793004      
24.8401        0.236842       -1.18004       
24.8401        0.315789       -1.56093       
24.8401        0.394737       -1.93578       
24.8401        0.473684       -2.30471       
24.8401        0.552632       -2.66783       
24.8401        0.631579       -3.02524       
24.8401        0.710526       -3.37706       
24.8401        0.789474       -3.72339       
24.8401        0.868421       -4.06432       
24.8401        0.947368       -4.39996       
24.8401        1.02632        -4.73041       
24.8401        1.10526        -5.05575       
24.8401        1.18421        -5.37608       
24.8401        1.26316        -5.6915        
24.8401        1.34211        -6.00209       
24.8401        1.42105        -6.30793       
24.8401        1.5            -6.60912       
25.0293        0              0              
25.0293        0.0789474      -0.397878      
25.0293        0.157895       -0.789515      
25.0293        0.236842       -1.17503       
25.0293        0.315789       -1.55453       
25.0293        0.394737       -1.92812       
25.0293        0.473684       -2.29592       
25.0293        0.552632       -2.65804       
25.0293        0.631579       -3.01456       
25.0293        0.710526       -3.3656        
25.0293        0.789474       -3.71126       
25.0293        0.868421       -4.05162       
25.0293        0.947368       -4.38679       
25.0293        1.02632        -4.71686       
25.0293        1.10526        -5.04191       
25.0293        1.18421        -5.36205       
25.0293        1.26316        -5.67734       
25.0293        1.34211        -5.98789       
25.0293        1.42105        -6.29377       
25.0293        1.5            -6.59506       
25.2184        0              0              
25.2184        0.0789474      -0.396041      
25.2184        0.157895       -0.785986      
25.2184        0.236842       -1.16995       
25.2184        0.315789       -1.54803       
25.2184        0.394737       -1.92033       
25.2184        0.473684       -2.28697       
25.2184        0.552632       -2.64803       
25.2184        0.631579       -3.00363       
25.2184        0.710526       -3.35384       
25.2184        0.789474       -3.69878       
25.2184        0.868421       -4.03852       
25.2184        0.947368       -4.37317       
25.2184        1.02632        -4.7028        
25.2184        1.10526        -5.02751       
25.2184        1.18421        -5.34738       
25.2184        1.26316        -5.6625        
25.2184        1.34211        -5.97295       
25.2184        1.42105        -6.2788        
25.2184        1.5            -6.58014       
25.4076        0              0              
25.4076        0.0789474      -0.394189      
25.4076        0.157895       -0.782424      
25.4076        0.236842       -1.16481       
25.4076        0.315789       -1.54144       
25.4076        0.394737       -1.91243       
25.4076        0.473684       -2.27787       
25.4076        0.552632       -2.63785       
25.4076        0.631579       -2.99247       
25.4076        0.710526       -3.34182       
25.4076        0.789474       -3.68599       
25.4076        0.868421       -4.02506       
25.4076        0.947368       -4.35914       
25.4076        1.02632        -4.68829       
25.4076        1.10526        -5.0126        
25.4076        1.18421        -5.33216       
25.4076        1.26316        -5.64704       
25.4076        1.34211        -5.95733       
25.4076        1.42105        -6.2631        
25.4076        1.5            -6.56442       
25.5967        0              0              
25.5967        0.0789474      -0.392326      
25.5967        0.157895       -0.778835      
25.5967        0.236842       -1.15963       
25.5967        0.315789       -1.53479       
25.5967        0.394737       -1.90444       
25.5967        0.473684       -2.26864       
25.5967        0.552632       -2.62751       
25.5967        0.631579       -2.98112       
25.5967        0.710526       -3.32956       
25.5967        0.789474       -3.67292       
25.5967        0.868421       -4.01129       
25.5967        0.947368       -4.34475       
25.5967        1.02632        -4.67337       
25.5967        1.10526        -4.99724       
25.5967        1.18421        -5.31643       
25.5967        1.26316        -5.63103       
25.5967        1.34211        -5.94111       
25.5967        1.42105        -6.24674       
25.5967        1.5            -6.548         
25.7859        0              0              
25.7859        0.0789474      -0.390455      
25.7859        0.157895       -0.775226      
25.7859        0.236842       -1.15441       
25.7859        0.315789       -1.52809       
25.7859        0.394737       -1.89636       
25.7859        0.473684       -2.25931       
25.7859        0.552632       -2.61703       
25.7859        0.631579       -2.9696        
25.7859        0.710526       -3.31711       
25.7859        0.789474       -3.65963       
25.7859        0.868421       -3.99725       
25.7859        0.947368       -4.33004       
25.7859        1.02632        -4.65809       
25.7859        1.10526        -4.98147       
25.7859        1.18421        -5.30026       
25.7859        1.26316        -5.61452       
25.7859        1.34211        -5.92434       
25.7859        1.42105        -6.22978       
25.7859        1.5            -6.53092       
25.975         0              0              
25.975         0.0789474      -0.388579      
25.975         0.157895       -0.771603      
25.975         0.236842       -1.14916       
25.975         0.315789       -1.52134       
25.975         0.394737       -1.88822       
25.975         0.473684       -2.24989       
25.975         0.552632       -2.60644       
25.975         0.631579       -2.95794       
25.975         0.710526       -3.30448       
25.975         0.789474       -3.64612       
25.975         0.868421       -3.98296       
25.975         0.947368       -4.31506       
25.975         1.02632        -4.6425        
25.975         1.10526        -4.96535       
25.975         1.18421        -5.28368       
25.975         1.26316        -5.59757       
25.975         1.34211        -5.90709       
25.975         1.42105        -6.2123        
25.975         1.5            -6.51326       
26.1642        0              0              
26.1642        0.0789474      -0.3867        
26.1642        0.157895       -0.767969      
26.1642        0.236842       -1.14389       
26.1642        0.315789       -1.51455       
26.1642        0.394737       -1.88003       
26.1642        0.473684       -2.24041       
26.1642        0.552632       -2.59576       
26.1642        0.631579       -2.94616       
26.1642        0.710526       -3.2917        
26.1642        0.789474       -3.63244       
26.1642        0.868421       -3.96846       
26.1642        0.947368       -4.29983       
26.1642        1.02632        -4.62662       
26.1642        1.10526        -4.94891       
26.1642        1.18421        -5.26675       
26.1642        1.26316        -5.58022       
26.1642        1.34211        -5.88939       
26.1642        1.42105        -6.19433       
26.1642        1.5            -6.49508       
26.3533        0              0              
26.3533        0.0789474      -0.384819      
26.3533        0.157895       -0.764329      
26.3533        0.236842       -1.13861       
26.3533        0.315789       -1.50774       
26.3533        0.394737       -1.8718        
26.3533        0.473684       -2.23086       
26.3533        0.552632       -2.585         
26.3533        0.631579       -2.93429       
26.3533        0.710526       -3.2788        
26.3533        0.789474       -3.61861       
26.3533        0.868421       -3.95378       
26.3533        0.947368       -4.28439       
26.3533        1.02632        -4.6105        
26.3533        1.10526        -4.93219       
26.3533        1.18421        -5.24951       
26.3533        1.26316        -5.56252       
26.3533        1.34211        -5.87131       
26.3533        1.42105        -6.17592       
26.3533        1.5            -6.47643       
26.5425        0              0              
26.5425        0.0789474      -0.38294       
26.5425        0.157895       -0.760688      
26.5425        0.236842       -1.13332       
26.5425        0.315789       -1.50091       
26.5425        0.394737       -1.86354       
26.5425        0.473684       -2.22127       
26.5425        0.552632       -2.57417       
26.5425        0.631579       -2.92233       
26.5425        0.710526       -3.26579       
26.5425        0.789474       -3.60465       
26.5425        0.868421       -3.93895       
26.5425        0.947368       -4.26877       
26.5425        1.02632        -4.59417       
26.5425        1.10526        -4.91522       
26.5425        1.18421        -5.23198       
26.5425        1.26316        -5.54451       
26.5425        1.34211        -5.85288       
26.5425        1.42105        -6.15714       
26.5425        1.5            -6.45735       
26.7316        0              0              
26.7316        0.0789474      -0.381062      
26.7316        0.157895       -0.757048      
26.7316        0.236842       -1.12803       
26.7316        0.315789       -1.49407       
26.7316        0.394737       -1.85526       
26.7316        0.473684       -2.21164       
26.7316        0.552632       -2.5633        
26.7316        0.631579       -2.9103        
26.7316        0.710526       -3.2527        
26.7316        0.789474       -3.59058       
26.7316        0.868421       -3.92399       
26.7316        0.947368       -4.25299       
26.7316        1.02632        -4.57766       
26.7316        1.10526        -4.89804       
26.7316        1.18421        -5.21421       
26.7316        1.26316        -5.52623       
26.7316        1.34211        -5.83414       
26.7316        1.42105        -6.13801       
26.7316        1.5            -6.4379        
26.9208        0              0              
26.9208        0.0789474      -0.379189      
26.9208        0.157895       -0.753413      
26.9208        0.236842       -1.12274       
26.9208        0.315789       -1.48723       
26.9208        0.394737       -1.84697       
26.9208        0.473684       -2.202         
26.9208        0.552632       -2.5524        
26.9208        0.631579       -2.89823       
26.9208        0.710526       -3.23955       
26.9208        0.789474       -3.57642       
26.9208        0.868421       -3.90891       
26.9208        0.947368       -4.23708       
26.9208        1.02632        -4.56098       
26.9208        1.10526        -4.88068       
26.9208        1.18421        -5.19623       
26.9208        1.26316        -5.5077        
26.9208        1.34211        -5.81513       
26.9208        1.42105        -6.11858       
26.9208        1.5            -6.41811       
27.1099        0              0              
27.1099        0.0789474      -0.377322      
27.1099        0.157895       -0.749785      
27.1099        0.236842       -1.11746       
27.1099        0.315789       -1.4804        
27.1099        0.394737       -1.83867       
27.1099        0.473684       -2.19234       
27.1099        0.552632       -2.54147       
27.1099        0.631579       -2.88611       
27.1099        0.710526       -3.22634       
27.1099        0.789474       -3.5622        
27.1099        0.868421       -3.89375       
27.1099        0.947368       -4.22106       
27.1099        1.02632        -4.54418       
27.1099        1.10526        -4.86316       
27.1099        1.18421        -5.17807       
27.1099        1.26316        -5.48896       
27.1099        1.34211        -5.79587       
27.1099        1.42105        -6.09888       
27.1099        1.5            -6.39802       
27.2991        0              0              
27.2991        0.0789474      -0.37546       
27.2991        0.157895       -0.746168      
27.2991        0.236842       -1.11218       
27.2991        0.315789       -1.47357       
27.2991        0.394737       -1.83038       
27.2991        0.473684       -2.18268       
27.2991        0.552632       -2.53053       
27.2991        0.631579       -2.87398       
27.2991        0.710526       -3.21309       
27.2991        0.789474       -3.54792       
27.2991        0.868421       -3.87852       
27.2991        0.947368       -4.20495       
27.2991        1.02632        -4.52726       
27.2991        1.10526        -4.84551       
27.2991        1.18421        -5.15975       
27.2991        1.26316        -5.47003       
27.2991        1.34211        -5.77641       
27.2991        1.42105        -6.07894       
27.2991        1.5            -6.37766       
27.4882        0              0              
27.4882        0.0789474      -0.373607      
27.4882        0.157895       -0.742563      
27.4882        0.236842       -1.10692       
27.4882        0.315789       -1.46675       
27.4882        0.394737       -1.8221        
27.4882        0.473684       -2.17302       
27.4882        0.552632       -2.51958       
27.4882        0.631579       -2.86183       
27.4882        0.710526       -3.19981       
27.4882        0.789474       -3.53359       
27.4882        0.868421       -3.86323       
27.4882        0.947368       -4.18876       
27.4882        1.02632        -4.51025       
27.4882        1.10526        -4.82774       
27.4882        1.18421        -5.14129       
27.4882        1.26316        -5.45095       
27.4882        1.34211        -5.75677       
27.4882        1.42105        -6.05879       
27.4882        1.5            -6.35707       
27.6774        0              0              
27.6774        0.0789474      -0.371762      
27.6774        0.157895       -0.738972      
27.6774        0.236842       -1.10168       
27.6774        0.315789       -1.45995       
27.6774        0.394737       -1.81383       
27.6774        0.473684       -2.16338       
27.6774        0.552632       -2.50864       
27.6774        0.631579       -2.84967       
27.6774        0.710526       -3.18652       
27.6774        0.789474       -3.51925       
27.6774        0.868421       -3.8479        
27.6774        0.947368       -4.17252       
27.6774        1.02632        -4.49317       
27.6774        1.10526        -4.80988       
27.6774        1.18421        -5.12273       
27.6774        1.26316        -5.43174       
27.6774        1.34211        -5.73697       
27.6774        1.42105        -6.03847       
27.6774        1.5            -6.33628       
27.8665        0              0              
27.8665        0.0789474      -0.369926      
27.8665        0.157895       -0.735397      
27.8665        0.236842       -1.09646       
27.8665        0.315789       -1.45318       
27.8665        0.394737       -1.80559       
27.8665        0.473684       -2.15375       
27.8665        0.552632       -2.49771       
27.8665        0.631579       -2.83752       
27.8665        0.710526       -3.17323       
27.8665        0.789474       -3.50489       
27.8665        0.868421       -3.83254       
27.8665        0.947368       -4.15624       
27.8665        1.02632        -4.47602       
27.8665        1.10526        -4.79195       
27.8665        1.18421        -5.10407       
27.8665        1.26316        -5.41241       
27.8665        1.34211        -5.71704       
27.8665        1.42105        -6.01799       
27.8665        1.5            -6.31531       
28.0557        0              0              
28.0557        0.0789474      -0.368101      
28.0557        0.157895       -0.731839      
28.0557        0.236842       -1.09126       
28.0557        0.315789       -1.44642       
28.0557        0.394737       -1.79737       
28.0557        0.473684       -2.14415       
28.0557        0.552632       -2.4868        
28.0557        0.631579       -2.82539       
28.0557        0.710526       -3.15994       
28.0557        0.789474       -3.49052       
28.0557        0.868421       -3.81717       
28.0557        0.947368       -4.13993       
28.0557        1.02632        -4.45884       
28.0557        1.10526        -4.77396       
28.0557        1.18421        -5.08533       
28.0557        1.26316        -5.393         
28.0557        1.34211        -5.697         
28.0557        1.42105        -5.99738       
28.0557        1.5            -6.29419       
28.2448        0              0              
28.2448        0.0789474      -0.366286      
28.2448        0.157895       -0.728301      
28.2448        0.236842       -1.08609       
28.2448        0.315789       -1.4397        
28.2448        0.394737       -1.78918       
28.2448        0.473684       -2.13457       
28.2448        0.552632       -2.47592       
28.2448        0.631579       -2.81327       
28.2448        0.710526       -3.14667       
28.2448        0.789474       -3.47616       
28.2448        0.868421       -3.80179       
28.2448        0.947368       -4.1236        
28.2448        1.02632        -4.44163       
28.2448        1.10526        -4.75593       
28.2448        1.18421        -5.06654       
28.2448        1.26316        -5.37351       
28.2448        1.34211        -5.67687       
28.2448        1.42105        -5.97666       
28.2448        1.5            -6.27293       
28.434         0              0              
28.434         0.0789474      -0.364483      
28.434         0.157895       -0.724783      
28.434         0.236842       -1.08094       
28.434         0.315789       -1.43301       
28.434         0.394737       -1.78102       
28.434         0.473684       -2.12503       
28.434         0.552632       -2.46507       
28.434         0.631579       -2.80118       
28.434         0.710526       -3.13342       
28.434         0.789474       -3.46182       
28.434         0.868421       -3.78642       
28.434         0.947368       -4.10727       
28.434         1.02632        -4.42441       
28.434         1.10526        -4.73788       
28.434         1.18421        -5.04771       
28.434         1.26316        -5.35396       
28.434         1.34211        -5.65666       
28.434         1.42105        -5.95585       
28.434         1.5            -6.25157       
28.6231        0              0              
28.6231        0.0789474      -0.362691      
28.6231        0.157895       -0.721286      
28.6231        0.236842       -1.07583       
28.6231        0.315789       -1.42635       
28.6231        0.394737       -1.7729        
28.6231        0.473684       -2.11552       
28.6231        0.552632       -2.45425       
28.6231        0.631579       -2.78913       
28.6231        0.710526       -3.1202        
28.6231        0.789474       -3.4475        
28.6231        0.868421       -3.77107       
28.6231        0.947368       -4.09095       
28.6231        1.02632        -4.40718       
28.6231        1.10526        -4.71981       
28.6231        1.18421        -5.02886       
28.6231        1.26316        -5.33437       
28.6231        1.34211        -5.6364        
28.6231        1.42105        -5.93497       
28.6231        1.5            -6.23012       
28.8123        0              0              
28.8123        0.0789474      -0.360912      
28.8123        0.157895       -0.717811      
28.8123        0.236842       -1.07074       
28.8123        0.315789       -1.41973       
28.8123        0.394737       -1.76482       
28.8123        0.473684       -2.10606       
28.8123        0.552632       -2.44348       
28.8123        0.631579       -2.77712       
28.8123        0.710526       -3.10702       
28.8123        0.789474       -3.43321       
28.8123        0.868421       -3.75575       
28.8123        0.947368       -4.07465       
28.8123        1.02632        -4.38997       
28.8123        1.10526        -4.70173       
28.8123        1.18421        -5.00998       
28.8123        1.26316        -5.31476       
28.8123        1.34211        -5.6161        
28.8123        1.42105        -5.91403       
28.8123        1.5            -6.2086        
29.0014        0              0              
29.0014        0.0789474      -0.359146      
29.0014        0.157895       -0.71436       
29.0014        0.236842       -1.06568       
29.0014        0.315789       -1.41314       
29.0014        0.394737       -1.75678       
29.0014        0.473684       -2.09664       
29.0014        0.552632       -2.43275       
29.0014        0.631579       -2.76515       
29.0014        0.710526       -3.09388       
29.0014        0.789474       -3.41896       
29.0014        0.868421       -3.74045       
29.0014        0.947368       -4.05837       
29.0014        1.02632        -4.37277       
29.0014        1.10526        -4.68367       
29.0014        1.18421        -4.99111       
29.0014        1.26316        -5.29513       
29.0014        1.34211        -5.59577       
29.0014        1.42105        -5.89306       
29.0014        1.5            -6.18703       
29.1906        0              0              
29.1906        0.0789474      -0.357392      
29.1906        0.157895       -0.710933      
29.1906        0.236842       -1.06066       
29.1906        0.315789       -1.4066        
29.1906        0.394737       -1.74879       
29.1906        0.473684       -2.08727       
29.1906        0.552632       -2.42207       
29.1906        0.631579       -2.75323       
29.1906        0.710526       -3.08078       
29.1906        0.789474       -3.40476       
29.1906        0.868421       -3.7252        
29.1906        0.947368       -4.04213       
29.1906        1.02632        -4.35559       
29.1906        1.10526        -4.66562       
29.1906        1.18421        -4.97224       
29.1906        1.26316        -5.2755        
29.1906        1.34211        -5.57543       
29.1906        1.42105        -5.87205       
29.1906        1.5            -6.16541       
29.3797        0              0              
29.3797        0.0789474      -0.355652      
29.3797        0.157895       -0.70753       
29.3797        0.236842       -1.05567       
29.3797        0.315789       -1.40009       
29.3797        0.394737       -1.74084       
29.3797        0.473684       -2.07795       
29.3797        0.552632       -2.41145       
29.3797        0.631579       -2.74137       
29.3797        0.710526       -3.06774       
29.3797        0.789474       -3.3906        
29.3797        0.868421       -3.70999       
29.3797        0.947368       -4.02593       
29.3797        1.02632        -4.33845       
29.3797        1.10526        -4.6476        
29.3797        1.18421        -4.9534        
29.3797        1.26316        -5.25588       
29.3797        1.34211        -5.55508       
29.3797        1.42105        -5.85104       
29.3797        1.5            -6.14377       
29.5689        0              0              
29.5689        0.0789474      -0.353926      
29.5689        0.157895       -0.704152      
29.5689        0.236842       -1.05071       
29.5689        0.315789       -1.39363       
29.5689        0.394737       -1.73294       
29.5689        0.473684       -2.06868       
29.5689        0.552632       -2.40087       
29.5689        0.631579       -2.72956       
29.5689        0.710526       -3.05475       
29.5689        0.789474       -3.3765        
29.5689        0.868421       -3.69483       
29.5689        0.947368       -4.00977       
29.5689        1.02632        -4.32136       
29.5689        1.10526        -4.62961       
29.5689        1.18421        -4.93458       
29.5689        1.26316        -5.23628       
29.5689        1.34211        -5.53475       
29.5689        1.42105        -5.83002       
29.5689        1.5            -6.12212       
29.758         0              0              
29.758         0.0789474      -0.352213      
29.758         0.157895       -0.700799      
29.758         0.236842       -1.04579       
29.758         0.315789       -1.38721       
29.758         0.394737       -1.72509       
29.758         0.473684       -2.05947       
29.758         0.552632       -2.39036       
29.758         0.631579       -2.71781       
29.758         0.710526       -3.04183       
29.758         0.789474       -3.36246       
29.758         0.868421       -3.67973       
29.758         0.947368       -3.99367       
29.758         1.02632        -4.30431       
29.758         1.10526        -4.61167       
29.758         1.18421        -4.9158        
29.758         1.26316        -5.21671       
29.758         1.34211        -5.51444       
29.758         1.42105        -5.80901       
29.758         1.5            -6.10047       
29.9472        0              0              
29.9472        0.0789474      -0.350514      
29.9472        0.157895       -0.697473      
29.9472        0.236842       -1.04091       
29.9472        0.315789       -1.38084       
29.9472        0.394737       -1.7173        
29.9472        0.473684       -2.05031       
29.9472        0.552632       -2.37991       
29.9472        0.631579       -2.70612       
29.9472        0.710526       -3.02897       
29.9472        0.789474       -3.34848       
29.9472        0.868421       -3.66469       
29.9472        0.947368       -3.97763       
29.9472        1.02632        -4.28731       
29.9472        1.10526        -4.59378       
29.9472        1.18421        -4.89706       
29.9472        1.26316        -5.19717       
29.9472        1.34211        -5.49415       
29.9472        1.42105        -5.78803       
29.9472        1.5            -6.07882       
30.1363        0              0              
30.1363        0.0789474      -0.348829      
30.1363        0.157895       -0.694173      
30.1363        0.236842       -1.03606       
30.1363        0.315789       -1.37451       
30.1363        0.394737       -1.70955       
30.1363        0.473684       -2.04121       
30.1363        0.552632       -2.36952       
30.1363        0.631579       -2.6945        
30.1363        0.710526       -3.01617       
30.1363        0.789474       -3.33457       
30.1363        0.868421       -3.64972       
30.1363        0.947368       -3.96165       
30.1363        1.02632        -4.27038       
30.1363        1.10526        -4.57595       
30.1363        1.18421        -4.87837       
30.1363        1.26316        -5.17768       
30.1363        1.34211        -5.4739        
30.1363        1.42105        -5.76707       
30.1363        1.5            -6.0572        
30.3255        0              0              
30.3255        0.0789474      -0.347158      
30.3255        0.157895       -0.690899      
30.3255        0.236842       -1.03125       
30.3255        0.315789       -1.36823       
30.3255        0.394737       -1.70186       
30.3255        0.473684       -2.03218       
30.3255        0.552632       -2.3592        
30.3255        0.631579       -2.68294       
30.3255        0.710526       -3.00345       
30.3255        0.789474       -3.32073       
30.3255        0.868421       -3.63482       
30.3255        0.947368       -3.94574       
30.3255        1.02632        -4.25351       
30.3255        1.10526        -4.55817       
30.3255        1.18421        -4.85974       
30.3255        1.26316        -5.15824       
30.3255        1.34211        -5.4537        
30.3255        1.42105        -5.74615       
30.3255        1.5            -6.03561       
30.5146        0              0              
30.5146        0.0789474      -0.345501      
30.5146        0.157895       -0.687652      
30.5146        0.236842       -1.02647       
30.5146        0.315789       -1.36199       
30.5146        0.394737       -1.69423       
30.5146        0.473684       -2.0232        
30.5146        0.552632       -2.34894       
30.5146        0.631579       -2.67146       
30.5146        0.710526       -2.9908        
30.5146        0.789474       -3.30696       
30.5146        0.868421       -3.61999       
30.5146        0.947368       -3.9299        
30.5146        1.02632        -4.23672       
30.5146        1.10526        -4.54047       
30.5146        1.18421        -4.84117       
30.5146        1.26316        -5.13886       
30.5146        1.34211        -5.43355       
30.5146        1.42105        -5.72527       
30.5146        1.5            -6.01405       
30.7038        0              0              
30.7038        0.0789474      -0.343859      
30.7038        0.157895       -0.684432      
30.7038        0.236842       -1.02174       
30.7038        0.315789       -1.3558        
30.7038        0.394737       -1.68665       
30.7038        0.473684       -2.01429       
30.7038        0.552632       -2.33875       
30.7038        0.631579       -2.66005       
30.7038        0.710526       -2.97822       
30.7038        0.789474       -3.29327       
30.7038        0.868421       -3.60524       
30.7038        0.947368       -3.91414       
30.7038        1.02632        -4.22          
30.7038        1.10526        -4.52283       
30.7038        1.18421        -4.82267       
30.7038        1.26316        -5.11954       
30.7038        1.34211        -5.41346       
30.7038        1.42105        -5.70445       
30.7038        1.5            -5.99254       
30.8929        0              0              
30.8929        0.0789474      -0.342231      
30.8929        0.157895       -0.681239      
30.8929        0.236842       -1.01704       
30.8929        0.315789       -1.34966       
30.8929        0.394737       -1.67912       
30.8929        0.473684       -2.00543       
30.8929        0.552632       -2.32862       
30.8929        0.631579       -2.64871       
30.8929        0.710526       -2.96572       
30.8929        0.789474       -3.27966       
30.8929        0.868421       -3.59057       
30.8929        0.947368       -3.89846       
30.8929        1.02632        -4.20335       
30.8929        1.10526        -4.50528       
30.8929        1.18421        -4.80425       
30.8929        1.26316        -5.10029       
30.8929        1.34211        -5.39343       
30.8929        1.42105        -5.68369       
30.8929        1.5            -5.97108       
31.0821        0              0              
31.0821        0.0789474      -0.340617      
31.0821        0.157895       -0.678073      
31.0821        0.236842       -1.01239       
31.0821        0.315789       -1.34357       
31.0821        0.394737       -1.67165       
31.0821        0.473684       -1.99665       
31.0821        0.552632       -2.31857       
31.0821        0.631579       -2.63745       
31.0821        0.710526       -2.95329       
31.0821        0.789474       -3.26613       
31.0821        0.868421       -3.57598       
31.0821        0.947368       -3.88286       
31.0821        1.02632        -4.18679       
31.0821        1.10526        -4.4878        
31.0821        1.18421        -4.7859        
31.0821        1.26316        -5.08112       
31.0821        1.34211        -5.37348       
31.0821        1.42105        -5.66299       
31.0821        1.5            -5.94969       
31.2712        0              0              
31.2712        0.0789474      -0.339018      
31.2712        0.157895       -0.674935      
31.2712        0.236842       -1.00777       
31.2712        0.315789       -1.33753       
31.2712        0.394737       -1.66424       
31.2712        0.473684       -1.98792       
31.2712        0.552632       -2.30859       
31.2712        0.631579       -2.62626       
31.2712        0.710526       -2.94095       
31.2712        0.789474       -3.25268       
31.2712        0.868421       -3.56147       
31.2712        0.947368       -3.86734       
31.2712        1.02632        -4.17032       
31.2712        1.10526        -4.47041       
31.2712        1.18421        -4.76764       
31.2712        1.26316        -5.06202       
31.2712        1.34211        -5.35359       
31.2712        1.42105        -5.64236       
31.2712        1.5            -5.92836       
31.4604        0              0              
31.4604        0.0789474      -0.337433      
31.4604        0.157895       -0.671823      
31.4604        0.236842       -1.00319       
31.4604        0.315789       -1.33154       
31.4604        0.394737       -1.65689       
31.4604        0.473684       -1.97927       
31.4604        0.552632       -2.29868       
31.4604        0.631579       -2.61515       
31.4604        0.710526       -2.92869       
31.4604        0.789474       -3.23932       
31.4604        0.868421       -3.54705       
31.4604        0.947368       -3.85192       
31.4604        1.02632        -4.15393       
31.4604        1.10526        -4.4531        
31.4604        1.18421        -4.74946       
31.4604        1.26316        -5.04301       
31.4604        1.34211        -5.33379       
31.4604        1.42105        -5.62181       
31.4604        1.5            -5.9071        
31.6495        0              0              
31.6495        0.0789474      -0.335862      
31.6495        0.157895       -0.668739      
31.6495        0.236842       -0.998643      
31.6495        0.315789       -1.32559       
31.6495        0.394737       -1.6496        
31.6495        0.473684       -1.97067       
31.6495        0.552632       -2.28884       
31.6495        0.631579       -2.60411       
31.6495        0.710526       -2.91651       
31.6495        0.789474       -3.22604       
31.6495        0.868421       -3.53272       
31.6495        0.947368       -3.83658       
31.6495        1.02632        -4.13763       
31.6495        1.10526        -4.43588       
31.6495        1.18421        -4.73136       
31.6495        1.26316        -5.02409       
31.6495        1.34211        -5.31408       
31.6495        1.42105        -5.60134       
31.6495        1.5            -5.88591       
31.8387        0              0              
31.8387        0.0789474      -0.334306      
31.8387        0.157895       -0.665681      
31.8387        0.236842       -0.99414       
31.8387        0.315789       -1.31969       
31.8387        0.394737       -1.64236       
31.8387        0.473684       -1.96215       
31.8387        0.552632       -2.27908       
31.8387        0.631579       -2.59316       
31.8387        0.710526       -2.90441       
31.8387        0.789474       -3.21285       
31.8387        0.868421       -3.51848       
31.8387        0.947368       -3.82134       
31.8387        1.02632        -4.12142       
31.8387        1.10526        -4.41876       
31.8387        1.18421        -4.71336       
31.8387        1.26316        -5.00525       
31.8387        1.34211        -5.29445       
31.8387        1.42105        -5.58096       
31.8387        1.5            -5.86481       
32.0278        0              0              
32.0278        0.0789474      -0.332763      
32.0278        0.157895       -0.662651      
32.0278        0.236842       -0.989675      
32.0278        0.315789       -1.31385       
32.0278        0.394737       -1.63518       
32.0278        0.473684       -1.95369       
32.0278        0.552632       -2.26939       
32.0278        0.631579       -2.58228       
32.0278        0.710526       -2.8924        
32.0278        0.789474       -3.19974       
32.0278        0.868421       -3.50433       
32.0278        0.947368       -3.80618       
32.0278        1.02632        -4.10531       
32.0278        1.10526        -4.40173       
32.0278        1.18421        -4.69546       
32.0278        1.26316        -4.98651       
32.0278        1.34211        -5.27491       
32.0278        1.42105        -5.56066       
32.0278        1.5            -5.84379       
32.217         0              0              
32.217         0.0789474      -0.331235      
32.217         0.157895       -0.659647      
32.217         0.236842       -0.985248      
32.217         0.315789       -1.30805       
32.217         0.394737       -1.62806       
32.217         0.473684       -1.9453        
32.217         0.552632       -2.25977       
32.217         0.631579       -2.57149       
32.217         0.710526       -2.88047       
32.217         0.789474       -3.18673       
32.217         0.868421       -3.49027       
32.217         0.947368       -3.79112       
32.217         1.02632        -4.08929       
32.217         1.10526        -4.3848        
32.217         1.18421        -4.67765       
32.217         1.26316        -4.96787       
32.217         1.34211        -5.25546       
32.217         1.42105        -5.54046       
32.217         1.5            -5.82287       
32.4061        0              0              
32.4061        0.0789474      -0.329721      
32.4061        0.157895       -0.656671      
32.4061        0.236842       -0.98086       
32.4061        0.315789       -1.3023        
32.4061        0.394737       -1.621         
32.4061        0.473684       -1.93697       
32.4061        0.552632       -2.25022       
32.4061        0.631579       -2.56077       
32.4061        0.710526       -2.86863       
32.4061        0.789474       -3.1738        
32.4061        0.868421       -3.47631       
32.4061        0.947368       -3.77616       
32.4061        1.02632        -4.07338       
32.4061        1.10526        -4.36796       
32.4061        1.18421        -4.65994       
32.4061        1.26316        -4.94932       
32.4061        1.34211        -5.23612       
32.4061        1.42105        -5.52035       
32.4061        1.5            -5.80203       
32.5953        0              0              
32.5953        0.0789474      -0.32822       
32.5953        0.157895       -0.653721      
32.5953        0.236842       -0.976511      
32.5953        0.315789       -1.2966        
32.5953        0.394737       -1.614         
32.5953        0.473684       -1.92871       
32.5953        0.552632       -2.24075       
32.5953        0.631579       -2.55014       
32.5953        0.710526       -2.85687       
32.5953        0.789474       -3.16097       
32.5953        0.868421       -3.46244       
32.5953        0.947368       -3.7613        
32.5953        1.02632        -4.05756       
32.5953        1.10526        -4.35123       
32.5953        1.18421        -4.64233       
32.5953        1.26316        -4.93087       
32.5953        1.34211        -5.21687       
32.5953        1.42105        -5.50034       
32.5953        1.5            -5.78129       
32.7844        0              0              
32.7844        0.0789474      -0.326734      
32.7844        0.157895       -0.650797      
32.7844        0.236842       -0.972199      
32.7844        0.315789       -1.29095       
32.7844        0.394737       -1.60705       
32.7844        0.473684       -1.92052       
32.7844        0.552632       -2.23136       
32.7844        0.631579       -2.53958       
32.7844        0.710526       -2.8452        
32.7844        0.789474       -3.14822       
32.7844        0.868421       -3.44866       
32.7844        0.947368       -3.74653       
32.7844        1.02632        -4.04184       
32.7844        1.10526        -4.3346        
32.7844        1.18421        -4.62482       
32.7844        1.26316        -4.91253       
32.7844        1.34211        -5.19773       
32.7844        1.42105        -5.48043       
32.7844        1.5            -5.76065       
32.9736        0              0              
32.9736        0.0789474      -0.325261      
32.9736        0.157895       -0.6479        
32.9736        0.236842       -0.967925      
32.9736        0.315789       -1.28534       
32.9736        0.394737       -1.60016       
32.9736        0.473684       -1.91239       
32.9736        0.552632       -2.22203       
32.9736        0.631579       -2.5291        
32.9736        0.710526       -2.83361       
32.9736        0.789474       -3.13557       
32.9736        0.868421       -3.43498       
32.9736        0.947368       -3.73186       
32.9736        1.02632        -4.02622       
32.9736        1.10526        -4.31807       
32.9736        1.18421        -4.60742       
32.9736        1.26316        -4.89429       
32.9736        1.34211        -5.17869       
32.9736        1.42105        -5.46062       
32.9736        1.5            -5.74011       
33.1627        0              0              
33.1627        0.0789474      -0.323802      
33.1627        0.157895       -0.645029      
33.1627        0.236842       -0.963689      
33.1627        0.315789       -1.27979       
33.1627        0.394737       -1.59333       
33.1627        0.473684       -1.90433       
33.1627        0.552632       -2.21278       
33.1627        0.631579       -2.51871       
33.1627        0.710526       -2.82211       
33.1627        0.789474       -3.12301       
33.1627        0.868421       -3.42139       
33.1627        0.947368       -3.71729       
33.1627        1.02632        -4.0107        
33.1627        1.10526        -4.30164       
33.1627        1.18421        -4.59012       
33.1627        1.26316        -4.87616       
33.1627        1.34211        -5.15975       
33.1627        1.42105        -5.44092       
33.1627        1.5            -5.71968       
33.3519        0              0              
33.3519        0.0789474      -0.322356      
33.3519        0.157895       -0.642185      
33.3519        0.236842       -0.959491      
33.3519        0.315789       -1.27428       
33.3519        0.394737       -1.58656       
33.3519        0.473684       -1.89633       
33.3519        0.552632       -2.20361       
33.3519        0.631579       -2.5084        
33.3519        0.710526       -2.8107        
33.3519        0.789474       -3.11054       
33.3519        0.868421       -3.4079        
33.3519        0.947368       -3.70282       
33.3519        1.02632        -3.99529       
33.3519        1.10526        -4.28532       
33.3519        1.18421        -4.57293       
33.3519        1.26316        -4.85813       
33.3519        1.34211        -5.14092       
33.3519        1.42105        -5.42133       
33.3519        1.5            -5.69935       
33.541         0              0              
33.541         0.0789474      -0.320924      
33.541         0.157895       -0.639366      
33.541         0.236842       -0.955329      
33.541         0.315789       -1.26882       
33.541         0.394737       -1.57984       
33.541         0.473684       -1.8884        
33.541         0.552632       -2.19451       
33.541         0.631579       -2.49816       
33.541         0.710526       -2.79938       
33.541         0.789474       -3.09816       
33.541         0.868421       -3.39451       
33.541         0.947368       -3.68845       
33.541         1.02632        -3.97998       
33.541         1.10526        -4.26911       
33.541         1.18421        -4.55585       
33.541         1.26316        -4.84021       
33.541         1.34211        -5.12221       
33.541         1.42105        -5.40184       
33.541         1.5            -5.67913       
33.7302        0              0              
33.7302        0.0789474      -0.319505      
33.7302        0.157895       -0.636572      
33.7302        0.236842       -0.951205      
33.7302        0.315789       -1.26341       
33.7302        0.394737       -1.57318       
33.7302        0.473684       -1.88054       
33.7302        0.552632       -2.18548       
33.7302        0.631579       -2.48801       
33.7302        0.710526       -2.78814       
33.7302        0.789474       -3.08587       
33.7302        0.868421       -3.38121       
33.7302        0.947368       -3.67418       
33.7302        1.02632        -3.96477       
33.7302        1.10526        -4.253         
33.7302        1.18421        -4.53887       
33.7302        1.26316        -4.8224        
33.7302        1.34211        -5.1036        
33.7302        1.42105        -5.38247       
33.7302        1.5            -5.65902       
33.9193        0              0              
33.9193        0.0789474      -0.318099      
33.9193        0.157895       -0.633804      
33.9193        0.236842       -0.947117      
33.9193        0.315789       -1.25804       
33.9193        0.394737       -1.56658       
33.9193        0.473684       -1.87274       
33.9193        0.552632       -2.17652       
33.9193        0.631579       -2.47794       
33.9193        0.710526       -2.77698       
33.9193        0.789474       -3.07367       
33.9193        0.868421       -3.36801       
33.9193        0.947368       -3.66001       
33.9193        1.02632        -3.94967       
33.9193        1.10526        -4.237         
33.9193        1.18421        -4.52201       
33.9193        1.26316        -4.8047        
33.9193        1.34211        -5.0851        
33.9193        1.42105        -5.3632        
33.9193        1.5            -5.63902       
34.1085        0              0              
34.1085        0.0789474      -0.316707      
34.1085        0.157895       -0.631061      
34.1085        0.236842       -0.943066      
34.1085        0.315789       -1.25272       
34.1085        0.394737       -1.56003       
34.1085        0.473684       -1.86501       
34.1085        0.552632       -2.16764       
34.1085        0.631579       -2.46794       
34.1085        0.710526       -2.76592       
34.1085        0.789474       -3.06157       
34.1085        0.868421       -3.35491       
34.1085        0.947368       -3.64594       
34.1085        1.02632        -3.93467       
34.1085        1.10526        -4.2211        
34.1085        1.18421        -4.50525       
34.1085        1.26316        -4.78712       
34.1085        1.34211        -5.06671       
34.1085        1.42105        -5.34405       
34.1085        1.5            -5.61914       
34.2976        0              0              
34.2976        0.0789474      -0.315327      
34.2976        0.157895       -0.628343      
34.2976        0.236842       -0.93905       
34.2976        0.315789       -1.24745       
34.2976        0.394737       -1.55354       
34.2976        0.473684       -1.85734       
34.2976        0.552632       -2.15883       
34.2976        0.631579       -2.45803       
34.2976        0.710526       -2.75494       
34.2976        0.789474       -3.04956       
34.2976        0.868421       -3.3419        
34.2976        0.947368       -3.63197       
34.2976        1.02632        -3.91977       
34.2976        1.10526        -4.20531       
34.2976        1.18421        -4.4886        
34.2976        1.26316        -4.76964       
34.2976        1.34211        -5.04844       
34.2976        1.42105        -5.32502       
34.2976        1.5            -5.59937       
34.4868        0              0              
34.4868        0.0789474      -0.31396       
34.4868        0.157895       -0.62565       
34.4868        0.236842       -0.935071      
34.4868        0.315789       -1.24222       
34.4868        0.394737       -1.54711       
34.4868        0.473684       -1.84973       
34.4868        0.552632       -2.15009       
34.4868        0.631579       -2.44819       
34.4868        0.710526       -2.74404       
34.4868        0.789474       -3.03764       
34.4868        0.868421       -3.32899       
34.4868        0.947368       -3.6181        
34.4868        1.02632        -3.90498       
34.4868        1.10526        -4.18963       
34.4868        1.18421        -4.47206       
34.4868        1.26316        -4.75228       
34.4868        1.34211        -5.03028       
34.4868        1.42105        -5.30609       
34.4868        1.5            -5.57971       
34.6759        0              0              
34.6759        0.0789474      -0.312606      
34.6759        0.157895       -0.622981      
34.6759        0.236842       -0.931127      
34.6759        0.315789       -1.23704       
34.6759        0.394737       -1.54073       
34.6759        0.473684       -1.84219       
34.6759        0.552632       -2.14142       
34.6759        0.631579       -2.43844       
34.6759        0.710526       -2.73323       
34.6759        0.789474       -3.02581       
34.6759        0.868421       -3.31618       
34.6759        0.947368       -3.60434       
34.6759        1.02632        -3.8903        
34.6759        1.10526        -4.17406       
34.6759        1.18421        -4.45563       
34.6759        1.26316        -4.73503       
34.6759        1.34211        -5.01224       
34.6759        1.42105        -5.28729       
34.6759        1.5            -5.56017       
34.8651        0              0              
34.8651        0.0789474      -0.311264      
34.8651        0.157895       -0.620337      
34.8651        0.236842       -0.927218      
34.8651        0.315789       -1.23191       
34.8651        0.394737       -1.5344        
34.8651        0.473684       -1.83471       
34.8651        0.552632       -2.13283       
34.8651        0.631579       -2.42876       
34.8651        0.710526       -2.7225        
34.8651        0.789474       -3.01407       
34.8651        0.868421       -3.30346       
34.8651        0.947368       -3.59067       
34.8651        1.02632        -3.87571       
34.8651        1.10526        -4.1586        
34.8651        1.18421        -4.43932       
34.8651        1.26316        -4.71789       
34.8651        1.34211        -4.99431       
34.8651        1.42105        -5.26859       
34.8651        1.5            -5.54075       
35.0542        0              0              
35.0542        0.0789474      -0.309935      
35.0542        0.157895       -0.617717      
35.0542        0.236842       -0.923344      
35.0542        0.315789       -1.22682       
35.0542        0.394737       -1.52813       
35.0542        0.473684       -1.82729       
35.0542        0.552632       -2.1243        
35.0542        0.631579       -2.41916       
35.0542        0.710526       -2.71186       
35.0542        0.789474       -3.00242       
35.0542        0.868421       -3.29083       
35.0542        0.947368       -3.5771        
35.0542        1.02632        -3.86124       
35.0542        1.10526        -4.14324       
35.0542        1.18421        -4.42311       
35.0542        1.26316        -4.70086       
35.0542        1.34211        -4.9765        
35.0542        1.42105        -5.25002       
35.0542        1.5            -5.52144       
35.2434        0              0              
35.2434        0.0789474      -0.308618      
35.2434        0.157895       -0.61512       
35.2434        0.236842       -0.919504      
35.2434        0.315789       -1.22177       
35.2434        0.394737       -1.52191       
35.2434        0.473684       -1.81994       
35.2434        0.552632       -2.11585       
35.2434        0.631579       -2.40963       
35.2434        0.710526       -2.7013        
35.2434        0.789474       -2.99086       
35.2434        0.868421       -3.2783        
35.2434        0.947368       -3.56364       
35.2434        1.02632        -3.84686       
35.2434        1.10526        -4.12799       
35.2434        1.18421        -4.40702       
35.2434        1.26316        -4.68395       
35.2434        1.34211        -4.9588        
35.2434        1.42105        -5.23156       
35.2434        1.5            -5.50225       
35.4325        0              0              
35.4325        0.0789474      -0.307313      
35.4325        0.157895       -0.612547      
35.4325        0.236842       -0.915699      
35.4325        0.315789       -1.21677       
35.4325        0.394737       -1.51575       
35.4325        0.473684       -1.81265       
35.4325        0.552632       -2.10746       
35.4325        0.631579       -2.40019       
35.4325        0.710526       -2.69083       
35.4325        0.789474       -2.97939       
35.4325        0.868421       -3.26587       
35.4325        0.947368       -3.55027       
35.4325        1.02632        -3.83259       
35.4325        1.10526        -4.11285       
35.4325        1.18421        -4.39103       
35.4325        1.26316        -4.66715       
35.4325        1.34211        -4.94121       
35.4325        1.42105        -5.21322       
35.4325        1.5            -5.48318       
35.6217        0              0              
35.6217        0.0789474      -0.30602       
35.6217        0.157895       -0.609997      
35.6217        0.236842       -0.911927      
35.6217        0.315789       -1.21181       
35.6217        0.394737       -1.50964       
35.6217        0.473684       -1.80542       
35.6217        0.552632       -2.09914       
35.6217        0.631579       -2.39082       
35.6217        0.710526       -2.68044       
35.6217        0.789474       -2.96801       
35.6217        0.868421       -3.25353       
35.6217        0.947368       -3.537         
35.6217        1.02632        -3.81843       
35.6217        1.10526        -4.09781       
35.6217        1.18421        -4.37516       
35.6217        1.26316        -4.65047       
35.6217        1.34211        -4.92374       
35.6217        1.42105        -5.195         
35.6217        1.5            -5.46423       
35.8108        0              0              
35.8108        0.0789474      -0.304739      
35.8108        0.157895       -0.60747       
35.8108        0.236842       -0.908189      
35.8108        0.315789       -1.20689       
35.8108        0.394737       -1.50358       
35.8108        0.473684       -1.79825       
35.8108        0.552632       -2.0909        
35.8108        0.631579       -2.38152       
35.8108        0.710526       -2.67013       
35.8108        0.789474       -2.95671       
35.8108        0.868421       -3.24128       
35.8108        0.947368       -3.52383       
35.8108        1.02632        -3.80436       
35.8108        1.10526        -4.08288       
35.8108        1.18421        -4.35939       
35.8108        1.26316        -4.63389       
35.8108        1.34211        -4.90639       
35.8108        1.42105        -5.17689       
35.8108        1.5            -5.44539       
36             0              0              
36             0.0789474      -0.30347       
36             0.157895       -0.604966      
36             0.236842       -0.904484      
36             0.315789       -1.20202       
36             0.394737       -1.49757       
36             0.473684       -1.79114       
36             0.552632       -2.08271       
36             0.631579       -2.3723        
36             0.710526       -2.6599        
36             0.789474       -2.94551       
36             0.868421       -3.22913       
36             0.947368       -3.51076       
36             1.02632        -3.7904        
36             1.10526        -4.06806       
36             1.18421        -4.34374       
36             1.26316        -4.61743       
36             1.34211        -4.88915       
36             1.42105        -5.1589        
36             1.5            -5.42668       
