17.2741   36        100       0         1.5       20        
17.2741        0              0              
17.2741        0.0789474      -0.00801542    
17.2741        0.157895       -0.0155999     
17.2741        0.236842       -0.0227867     
17.2741        0.315789       -0.0296055     
17.2741        0.394737       -0.0360834     
17.2741        0.473684       -0.0422445     
17.2741        0.552632       -0.0481111     
17.2741        0.631579       -0.0537032     
17.2741        0.710526       -0.0590391     
17.2741        0.789474       -0.0641355     
17.2741        0.868421       -0.0690077     
17.2741        0.947368       -0.0736698     
17.2741        1.02632        -0.0781346     
17.2741        1.10526        -0.0824139     
17.2741        1.18421        -0.0865188     
17.2741        1.26316        -0.0904592     
17.2741        1.34211        -0.0942446     
17.2741        1.42105        -0.0978835     
17.2741        1.5            -0.101384      
17.4632        0              0              
17.4632        0.0789474      -0.110468      
17.4632        0.157895       -0.215204      
17.4632        0.236842       -0.314633      
17.4632        0.315789       -0.40914       
17.4632        0.394737       -0.499073      
17.4632        0.473684       -0.584748      
17.4632        0.552632       -0.666452      
17.4632        0.631579       -0.744448      
17.4632        0.710526       -0.818975      
17.4632        0.789474       -0.890253      
17.4632        0.868421       -0.958484      
17.4632        0.947368       -1.02385       
17.4632        1.02632        -1.08653       
17.4632        1.10526        -1.14667       
17.4632        1.18421        -1.20442       
17.4632        1.26316        -1.25991       
17.4632        1.34211        -1.31328       
17.4632        1.42105        -1.36463       
17.4632        1.5            -1.41407       
17.6524        0              0              
17.6524        0.0789474      -0.150778      
17.6524        0.157895       -0.294017      
17.6524        0.236842       -0.430256      
17.6524        0.315789       -0.559983      
17.6524        0.394737       -0.683643      
17.6524        0.473684       -0.801641      
17.6524        0.552632       -0.914346      
17.6524        0.631579       -1.0221        
17.6524        0.710526       -1.1252        
17.6524        0.789474       -1.22395       
17.6524        0.868421       -1.31859       
17.6524        0.947368       -1.40938       
17.6524        1.02632        -1.49653       
17.6524        1.10526        -1.58026       
17.6524        1.18421        -1.66075       
17.6524        1.26316        -1.73818       
17.6524        1.34211        -1.81271       
17.6524        1.42105        -1.8845        
17.6524        1.5            -1.95368       
17.8415        0              0              
17.8415        0.0789474      -0.17986       
17.8415        0.157895       -0.351037      
17.8415        0.236842       -0.514132      
17.8415        0.315789       -0.669688      
17.8415        0.394737       -0.818203      
17.8415        0.473684       -0.960132      
17.8415        0.552632       -1.09589       
17.8415        0.631579       -1.22586       
17.8415        0.710526       -1.35039       
17.8415        0.789474       -1.4698        
17.8415        0.868421       -1.5844        
17.8415        0.947368       -1.69446       
17.8415        1.02632        -1.80023       
17.8415        1.10526        -1.90195       
17.8415        1.18421        -1.99983       
17.8415        1.26316        -2.09409       
17.8415        1.34211        -2.18491       
17.8415        1.42105        -2.27247       
17.8415        1.5            -2.35693       
18.0307        0              0              
18.0307        0.0789474      -0.20296       
18.0307        0.157895       -0.396445      
18.0307        0.236842       -0.581087      
18.0307        0.315789       -0.757463      
18.0307        0.394737       -0.9261        
18.0307        0.473684       -1.08748       
18.0307        0.552632       -1.24206       
18.0307        0.631579       -1.39023       
18.0307        0.710526       -1.53237       
18.0307        0.789474       -1.66884       
18.0307        0.868421       -1.79995       
18.0307        0.947368       -1.926         
18.0307        1.02632        -2.04726       
18.0307        1.10526        -2.16401       
18.0307        1.18421        -2.27646       
18.0307        1.26316        -2.38485       
18.0307        1.34211        -2.48937       
18.0307        1.42105        -2.59023       
18.0307        1.5            -2.68761       
18.2198        0              0              
18.2198        0.0789474      -0.222095      
18.2198        0.157895       -0.434146      
18.2198        0.236842       -0.636802      
18.2198        0.315789       -0.830658      
18.2198        0.394737       -1.01626       
18.2198        0.473684       -1.1941        
18.2198        0.552632       -1.36465       
18.2198        0.631579       -1.52834       
18.2198        0.710526       -1.68554       
18.2198        0.789474       -1.83663       
18.2198        0.868421       -1.98194       
18.2198        0.947368       -2.12179       
18.2198        1.02632        -2.25646       
18.2198        1.10526        -2.38623       
18.2198        1.18421        -2.51135       
18.2198        1.26316        -2.63205       
18.2198        1.34211        -2.74855       
18.2198        1.42105        -2.86106       
18.2198        1.5            -2.96976       
18.409         0              0              
18.409         0.0789474      -0.238313      
18.409         0.157895       -0.466172      
18.409         0.236842       -0.684233      
18.409         0.315789       -0.893095      
18.409         0.394737       -1.09331       
18.409         0.473684       -1.28539       
18.409         0.552632       -1.46981       
18.409         0.631579       -1.647         
18.409         0.710526       -1.81735       
18.409         0.789474       -1.98125       
18.409         0.868421       -2.13903       
18.409         0.947368       -2.29103       
18.409         1.02632        -2.43754       
18.409         1.10526        -2.57884       
18.409         1.18421        -2.71519       
18.409         1.26316        -2.84683       
18.409         1.34211        -2.974         
18.409         1.42105        -3.0969        
18.409         1.5            -3.21574       
18.5981        0              0              
18.5981        0.0789474      -0.25226       
18.5981        0.157895       -0.493771      
18.5981        0.236842       -0.725188      
18.5981        0.315789       -0.947114      
18.5981        0.394737       -1.1601        
18.5981        0.473684       -1.36466       
18.5981        0.552632       -1.56127       
18.5981        0.631579       -1.75037       
18.5981        0.710526       -1.93236       
18.5981        0.789474       -2.10762       
18.5981        0.868421       -2.2765        
18.5981        0.947368       -2.43933       
18.5981        1.02632        -2.59642       
18.5981        1.10526        -2.74805       
18.5981        1.18421        -2.89448       
18.5981        1.26316        -3.03597       
18.5981        1.34211        -3.17276       
18.5981        1.42105        -3.30505       
18.5981        1.5            -3.43307       
18.7873        0              0              
18.7873        0.0789474      -0.26437       
18.7873        0.157895       -0.517787      
18.7873        0.236842       -0.760898      
18.7873        0.315789       -0.994301      
18.7873        0.394737       -1.21855       
18.7873        0.473684       -1.43415       
18.7873        0.552632       -1.64158       
18.7873        0.631579       -1.84128       
18.7873        0.710526       -2.03365       
18.7873        0.789474       -2.21908       
18.7873        0.868421       -2.39792       
18.7873        0.947368       -2.57049       
18.7873        1.02632        -2.73711       
18.7873        1.10526        -2.89807       
18.7873        1.18421        -3.05364       
18.7873        1.26316        -3.20407       
18.7873        1.34211        -3.3496        
18.7873        1.42105        -3.49044       
18.7873        1.5            -3.62682       
18.9764        0              0              
18.9764        0.0789474      -0.274961      
18.9764        0.157895       -0.538831      
18.9764        0.236842       -0.79225       
18.9764        0.315789       -1.03581       
18.9764        0.394737       -1.27005       
18.9764        0.473684       -1.49549       
18.9764        0.552632       -1.71258       
18.9764        0.631579       -1.92178       
18.9764        0.710526       -2.12348       
18.9764        0.789474       -2.31806       
18.9764        0.868421       -2.50588       
18.9764        0.947368       -2.68728       
18.9764        1.02632        -2.86255       
18.9764        1.10526        -3.03199       
18.9764        1.18421        -3.19587       
18.9764        1.26316        -3.35446       
18.9764        1.34211        -3.50797       
18.9764        1.42105        -3.65665       
18.9764        1.5            -3.80071       
19.1656        0              0              
19.1656        0.0789474      -0.284271      
19.1656        0.157895       -0.55737       
19.1656        0.236842       -0.819923      
19.1656        0.315789       -1.07251       
19.1656        0.394737       -1.31567       
19.1656        0.473684       -1.54991       
19.1656        0.552632       -1.77568       
19.1656        0.631579       -1.99343       
19.1656        0.710526       -2.20355       
19.1656        0.789474       -2.40642       
19.1656        0.868421       -2.60239       
19.1656        0.947368       -2.7918        
19.1656        1.02632        -2.97495       
19.1656        1.10526        -3.15214       
19.1656        1.18421        -3.32363       
19.1656        1.26316        -3.48968       
19.1656        1.34211        -3.65054       
19.1656        1.42105        -3.80642       
19.1656        1.5            -3.95756       
19.3547        0              0              
19.3547        0.0789474      -0.29249       
19.3547        0.157895       -0.573768      
19.3547        0.236842       -0.844448      
19.3547        0.315789       -1.1051        
19.3547        0.394737       -1.35625       
19.3547        0.473684       -1.5984        
19.3547        0.552632       -1.83199       
19.3547        0.631579       -2.05746       
19.3547        0.710526       -2.27521       
19.3547        0.789474       -2.48561       
19.3547        0.868421       -2.689         
19.3547        0.947368       -2.88573       
19.3547        1.02632        -3.07608       
19.3547        1.10526        -3.26036       
19.3547        1.18421        -3.43884       
19.3547        1.26316        -3.61176       
19.3547        1.34211        -3.77938       
19.3547        1.42105        -3.94192       
19.3547        1.5            -4.09959       
19.5439        0              0              
19.5439        0.0789474      -0.299767      
19.5439        0.157895       -0.588318      
19.5439        0.236842       -0.866253      
19.5439        0.315789       -1.13413       
19.5439        0.394737       -1.39246       
19.5439        0.473684       -1.64173       
19.5439        0.552632       -1.8824        
19.5439        0.631579       -2.11488       
19.5439        0.710526       -2.33956       
19.5439        0.789474       -2.55681       
19.5439        0.868421       -2.76699       
19.5439        0.947368       -2.97041       
19.5439        1.02632        -3.16737       
19.5439        1.10526        -3.35817       
19.5439        1.18421        -3.54308       
19.5439        1.26316        -3.72234       
19.5439        1.34211        -3.89621       
19.5439        1.42105        -4.0649        
19.5439        1.5            -4.22863       
19.733         0              0              
19.733         0.0789474      -0.306227      
19.733         0.157895       -0.601262      
19.733         0.236842       -0.885688      
19.733         0.315789       -1.16005       
19.733         0.394737       -1.42486       
19.733         0.473684       -1.68057       
19.733         0.552632       -1.92765       
19.733         0.631579       -2.16649       
19.733         0.710526       -2.3975        
19.733         0.789474       -2.62102       
19.733         0.868421       -2.8374        
19.733         0.947368       -3.04696       
19.733         1.02632        -3.25          
19.733         1.10526        -3.44681       
19.733         1.18421        -3.63765       
19.733         1.26316        -3.82277       
19.733         1.34211        -4.00242       
19.733         1.42105        -4.17683       
19.733         1.5            -4.34619       
19.9222        0              0              
19.9222        0.0789474      -0.311973      
19.9222        0.157895       -0.612799      
19.9222        0.236842       -0.903048      
19.9222        0.315789       -1.18325       
19.9222        0.394737       -1.4539        
19.9222        0.473684       -1.71546       
19.9222        0.552632       -1.96836       
19.9222        0.631579       -2.213         
19.9222        0.710526       -2.44977       
19.9222        0.789474       -2.67903       
19.9222        0.868421       -2.90111       
19.9222        0.947368       -3.11632       
19.9222        1.02632        -3.32496       
19.9222        1.10526        -3.52731       
19.9222        1.18421        -3.72364       
19.9222        1.26316        -3.9142        
19.9222        1.34211        -4.09922       
19.9222        1.42105        -4.27893       
19.9222        1.5            -4.45353       
20.1113        0              0              
20.1113        0.0789474      -0.317091      
20.1113        0.157895       -0.623099      
20.1113        0.236842       -0.918578      
20.1113        0.315789       -1.20404       
20.1113        0.394737       -1.47998       
20.1113        0.473684       -1.74684       
20.1113        0.552632       -2.00504       
20.1113        0.631579       -2.25498       
20.1113        0.710526       -2.49704       
20.1113        0.789474       -2.73155       
20.1113        0.868421       -2.95886       
20.1113        0.947368       -3.17928       
20.1113        1.02632        -3.39309       
20.1113        1.10526        -3.60057       
20.1113        1.18421        -3.80199       
20.1113        1.26316        -3.99758       
20.1113        1.34211        -4.1876        
20.1113        1.42105        -4.37225       
20.1113        1.5            -4.55174       
20.3005        0              0              
20.3005        0.0789474      -0.321654      
20.3005        0.157895       -0.632304      
20.3005        0.236842       -0.932488      
20.3005        0.315789       -1.22271       
20.3005        0.394737       -1.50344       
20.3005        0.473684       -1.77511       
20.3005        0.552632       -2.03815       
20.3005        0.631579       -2.29293       
20.3005        0.710526       -2.53982       
20.3005        0.789474       -2.77918       
20.3005        0.868421       -3.01131       
20.3005        0.947368       -3.23652       
20.3005        1.02632        -3.45511       
20.3005        1.10526        -3.66735       
20.3005        1.18421        -3.87349       
20.3005        1.26316        -4.07377       
20.3005        1.34211        -4.26843       
20.3005        1.42105        -4.45769       
20.3005        1.5            -4.64176       
20.4896        0              0              
20.4896        0.0789474      -0.325725      
20.4896        0.157895       -0.640537      
20.4896        0.236842       -0.944959      
20.4896        0.315789       -1.23948       
20.4896        0.394737       -1.52455       
20.4896        0.473684       -1.80061       
20.4896        0.552632       -2.06806       
20.4896        0.631579       -2.32728       
20.4896        0.710526       -2.57861       
20.4896        0.789474       -2.82241       
20.4896        0.868421       -3.05899       
20.4896        0.947368       -3.28865       
20.4896        1.02632        -3.51166       
20.4896        1.10526        -3.72831       
20.4896        1.18421        -3.93883       
20.4896        1.26316        -4.14348       
20.4896        1.34211        -4.34248       
20.4896        1.42105        -4.53604       
20.4896        1.5            -4.72438       
20.6788        0              0              
20.6788        0.0789474      -0.329359      
20.6788        0.157895       -0.647905      
20.6788        0.236842       -0.956144      
20.6788        0.315789       -1.25455       
20.6788        0.394737       -1.54358       
20.6788        0.473684       -1.82363       
20.6788        0.552632       -2.09511       
20.6788        0.631579       -2.35839       
20.6788        0.710526       -2.61381       
20.6788        0.789474       -2.86171       
20.6788        0.868421       -3.1024        
20.6788        0.947368       -3.33616       
20.6788        1.02632        -3.56328       
20.6788        1.10526        -3.78402       
20.6788        1.18421        -3.99863       
20.6788        1.26316        -4.20734       
20.6788        1.34211        -4.41039       
20.6788        1.42105        -4.60798       
20.6788        1.5            -4.80031       
20.8679        0              0              
20.8679        0.0789474      -0.332602      
20.8679        0.157895       -0.654499      
20.8679        0.236842       -0.966181      
20.8679        0.315789       -1.26811       
20.8679        0.394737       -1.56072       
20.8679        0.473684       -1.84442       
20.8679        0.552632       -2.1196        
20.8679        0.631579       -2.3866        
20.8679        0.710526       -2.64578       
20.8679        0.789474       -2.89746       
20.8679        0.868421       -3.14194       
20.8679        0.947368       -3.37951       
20.8679        1.02632        -3.61044       
20.8679        1.10526        -3.83498       
20.8679        1.18421        -4.0534        
20.8679        1.26316        -4.26591       
20.8679        1.34211        -4.47274       
20.8679        1.42105        -4.6741        
20.8679        1.5            -4.87019       
21.0571        0              0              
21.0571        0.0789474      -0.335496      
21.0571        0.157895       -0.660399      
21.0571        0.236842       -0.975186      
21.0571        0.315789       -1.28031       
21.0571        0.394737       -1.57618       
21.0571        0.473684       -1.86321       
21.0571        0.552632       -2.14176       
21.0571        0.631579       -2.41219       
21.0571        0.710526       -2.67484       
21.0571        0.789474       -2.93          
21.0571        0.868421       -3.17799       
21.0571        0.947368       -3.41909       
21.0571        1.02632        -3.65356       
21.0571        1.10526        -3.88165       
21.0571        1.18421        -4.10362       
21.0571        1.26316        -4.31968       
21.0571        1.34211        -4.53005       
21.0571        1.42105        -4.73494       
21.0571        1.5            -4.93455       
21.2462        0              0              
21.2462        0.0789474      -0.338076      
21.2462        0.157895       -0.665676      
21.2462        0.236842       -0.983264      
21.2462        0.315789       -1.29128       
21.2462        0.394737       -1.59012       
21.2462        0.473684       -1.88019       
21.2462        0.552632       -2.16184       
21.2462        0.631579       -2.43542       
21.2462        0.710526       -2.70125       
21.2462        0.789474       -2.95964       
21.2462        0.868421       -3.21088       
21.2462        0.947368       -3.45526       
21.2462        1.02632        -3.69302       
21.2462        1.10526        -3.92442       
21.2462        1.18421        -4.1497        
21.2462        1.26316        -4.36907       
21.2462        1.34211        -4.58276       
21.2462        1.42105        -4.79097       
21.2462        1.5            -4.99388       
21.4354        0              0              
21.4354        0.0789474      -0.340373      
21.4354        0.157895       -0.670392      
21.4354        0.236842       -0.990505      
21.4354        0.315789       -1.30114       
21.4354        0.394737       -1.60269       
21.4354        0.473684       -1.89553       
21.4354        0.552632       -2.18002       
21.4354        0.631579       -2.45649       
21.4354        0.710526       -2.72527       
21.4354        0.789474       -2.98664       
21.4354        0.868421       -3.2409        
21.4354        0.947368       -3.48832       
21.4354        1.02632        -3.72914       
21.4354        1.10526        -3.96363       
21.4354        1.18421        -4.192         
21.4354        1.26316        -4.41448       
21.4354        1.34211        -4.63128       
21.4354        1.42105        -4.8426        
21.4354        1.5            -5.04863       
21.6245        0              0              
21.6245        0.0789474      -0.342416      
21.6245        0.157895       -0.674601      
21.6245        0.236842       -0.996991      
21.6245        0.315789       -1.31          
21.6245        0.394737       -1.61401       
21.6245        0.473684       -1.90939       
21.6245        0.552632       -2.19648       
21.6245        0.631579       -2.47562       
21.6245        0.710526       -2.74711       
21.6245        0.789474       -3.01124       
21.6245        0.868421       -3.2683        
21.6245        0.947368       -3.51855       
21.6245        1.02632        -3.76223       
21.6245        1.10526        -3.99959       
21.6245        1.18421        -4.23086       
21.6245        1.26316        -4.45625       
21.6245        1.34211        -4.67597       
21.6245        1.42105        -4.89022       
21.6245        1.5            -5.09917       
21.8137        0              0              
21.8137        0.0789474      -0.344229      
21.8137        0.157895       -0.678352      
21.8137        0.236842       -1.00279       
21.8137        0.315789       -1.31795       
21.8137        0.394737       -1.6242        
21.8137        0.473684       -1.9219        
21.8137        0.552632       -2.21138       
21.8137        0.631579       -2.49297       
21.8137        0.710526       -2.76697       
21.8137        0.789474       -3.03366       
21.8137        0.868421       -3.29331       
21.8137        0.947368       -3.54619       
21.8137        1.02632        -3.79254       
21.8137        1.10526        -4.03259       
21.8137        1.18421        -4.26657       
21.8137        1.26316        -4.49469       
21.8137        1.34211        -4.71715       
21.8137        1.42105        -4.93415       
21.8137        1.5            -5.14586       
22.0028        0              0              
22.0028        0.0789474      -0.345834      
22.0028        0.157895       -0.681688      
22.0028        0.236842       -1.00797       
22.0028        0.315789       -1.32508       
22.0028        0.394737       -1.63336       
22.0028        0.473684       -1.93318       
22.0028        0.552632       -2.22486       
22.0028        0.631579       -2.50871       
22.0028        0.710526       -2.78502       
22.0028        0.789474       -3.05408       
22.0028        0.868421       -3.31615       
22.0028        0.947368       -3.57148       
22.0028        1.02632        -3.82031       
22.0028        1.10526        -4.06288       
22.0028        1.18421        -4.2994        
22.0028        1.26316        -4.53008       
22.0028        1.34211        -4.75511       
22.0028        1.42105        -4.9747        
22.0028        1.5            -5.18901       
22.192         0              0              
22.192         0.0789474      -0.347251      
22.192         0.157895       -0.684648      
22.192         0.236842       -1.01259       
22.192         0.315789       -1.33145       
22.192         0.394737       -1.64159       
22.192         0.473684       -1.94335       
22.192         0.552632       -2.23704       
22.192         0.631579       -2.52297       
22.192         0.710526       -2.80142       
22.192         0.789474       -3.07268       
22.192         0.868421       -3.33699       
22.192         0.947368       -3.5946        
22.192         1.02632        -3.84575       
22.192         1.10526        -4.09067       
22.192         1.18421        -4.32957       
22.192         1.26316        -4.56265       
22.192         1.34211        -4.79011       
22.192         1.42105        -5.01213       
22.192         1.5            -5.2289        
22.3812        0              0              
22.3812        0.0789474      -0.348496      
22.3812        0.157895       -0.687265      
22.3812        0.236842       -1.01669       
22.3812        0.315789       -1.33715       
22.3812        0.394737       -1.64897       
22.3812        0.473684       -1.9525        
22.3812        0.552632       -2.24804       
22.3812        0.631579       -2.53588       
22.3812        0.710526       -2.81632       
22.3812        0.789474       -3.0896        
22.3812        0.868421       -3.356         
22.3812        0.947368       -3.61574       
22.3812        1.02632        -3.86906       
22.3812        1.10526        -4.11618       
22.3812        1.18421        -4.35731       
22.3812        1.26316        -4.59265       
22.3812        1.34211        -4.82239       
22.3812        1.42105        -5.04671       
22.3812        1.5            -5.26579       
22.5703        0              0              
22.5703        0.0789474      -0.349587      
22.5703        0.157895       -0.689572      
22.5703        0.236842       -1.02033       
22.5703        0.315789       -1.34222       
22.5703        0.394737       -1.65558       
22.5703        0.473684       -1.96072       
22.5703        0.552632       -2.25795       
22.5703        0.631579       -2.54756       
22.5703        0.710526       -2.82982       
22.5703        0.789474       -3.105         
22.5703        0.868421       -3.37333       
22.5703        0.947368       -3.63505       
22.5703        1.02632        -3.8904        
22.5703        1.10526        -4.13958       
22.5703        1.18421        -4.38281       
22.5703        1.26316        -4.62027       
22.5703        1.34211        -4.85216       
22.5703        1.42105        -5.07865       
22.5703        1.5            -5.29991       
22.7595        0              0              
22.7595        0.0789474      -0.350535      
22.7595        0.157895       -0.691594      
22.7595        0.236842       -1.02354       
22.7595        0.315789       -1.34672       
22.7595        0.394737       -1.66147       
22.7595        0.473684       -1.96809       
22.7595        0.552632       -2.26687       
22.7595        0.631579       -2.55811       
22.7595        0.710526       -2.84206       
22.7595        0.789474       -3.11898       
22.7595        0.868421       -3.38912       
22.7595        0.947368       -3.65269       
22.7595        1.02632        -3.90993       
22.7595        1.10526        -4.16105       
22.7595        1.18421        -4.40624       
22.7595        1.26316        -4.6457        
22.7595        1.34211        -4.87961       
22.7595        1.42105        -5.10814       
22.7595        1.5            -5.33147       
22.9486        0              0              
22.9486        0.0789474      -0.351355      
22.9486        0.157895       -0.693358      
22.9486        0.236842       -1.02636       
22.9486        0.315789       -1.35071       
22.9486        0.394737       -1.66671       
22.9486        0.473684       -1.97467       
22.9486        0.552632       -2.27488       
22.9486        0.631579       -2.56762       
22.9486        0.710526       -2.85313       
22.9486        0.789474       -3.13168       
22.9486        0.868421       -3.40349       
22.9486        0.947368       -3.66879       
22.9486        1.02632        -3.9278        
22.9486        1.10526        -4.18073       
22.9486        1.18421        -4.42776       
22.9486        1.26316        -4.6691        
22.9486        1.34211        -4.90492       
22.9486        1.42105        -5.13538       
22.9486        1.5            -5.36067       
23.1378        0              0              
23.1378        0.0789474      -0.352058      
23.1378        0.157895       -0.694886      
23.1378        0.236842       -1.02883       
23.1378        0.315789       -1.35422       
23.1378        0.394737       -1.67136       
23.1378        0.473684       -1.98055       
23.1378        0.552632       -2.28206       
23.1378        0.631579       -2.57617       
23.1378        0.710526       -2.86313       
23.1378        0.789474       -3.14318       
23.1378        0.868421       -3.41655       
23.1378        0.947368       -3.68347       
23.1378        1.02632        -3.94413       
23.1378        1.10526        -4.19876       
23.1378        1.18421        -4.44753       
23.1378        1.26316        -4.69063       
23.1378        1.34211        -4.92825       
23.1378        1.42105        -5.16054       
23.1378        1.5            -5.38767       
23.3269        0              0              
23.3269        0.0789474      -0.352653      
23.3269        0.157895       -0.696198      
23.3269        0.236842       -1.03097       
23.3269        0.315789       -1.35729       
23.3269        0.394737       -1.67546       
23.3269        0.473684       -1.98576       
23.3269        0.552632       -2.28847       
23.3269        0.631579       -2.58385       
23.3269        0.710526       -2.87214       
23.3269        0.789474       -3.15359       
23.3269        0.868421       -3.42841       
23.3269        0.947368       -3.69683       
23.3269        1.02632        -3.95905       
23.3269        1.10526        -4.21526       
23.3269        1.18421        -4.46566       
23.3269        1.26316        -4.71043       
23.3269        1.34211        -4.94974       
23.3269        1.42105        -5.18376       
23.3269        1.5            -5.41265       
23.5161        0              0              
23.5161        0.0789474      -0.35315       
23.5161        0.157895       -0.697312      
23.5161        0.236842       -1.03281       
23.5161        0.315789       -1.35996       
23.5161        0.394737       -1.67906       
23.5161        0.473684       -1.99037       
23.5161        0.552632       -2.29417       
23.5161        0.631579       -2.59071       
23.5161        0.710526       -2.88024       
23.5161        0.789474       -3.16298       
23.5161        0.868421       -3.43916       
23.5161        0.947368       -3.70898       
23.5161        1.02632        -3.97265       
23.5161        1.10526        -4.23036       
23.5161        1.18421        -4.48229       
23.5161        1.26316        -4.72863       
23.5161        1.34211        -4.96954       
23.5161        1.42105        -5.20519       
23.5161        1.5            -5.43573       
23.7052        0              0              
23.7052        0.0789474      -0.353557      
23.7052        0.157895       -0.698246      
23.7052        0.236842       -1.03438       
23.7052        0.315789       -1.36227       
23.7052        0.394737       -1.68219       
23.7052        0.473684       -1.99442       
23.7052        0.552632       -2.29922       
23.7052        0.631579       -2.59684       
23.7052        0.710526       -2.8875        
23.7052        0.789474       -3.17144       
23.7052        0.868421       -3.44888       
23.7052        0.947368       -3.72001       
23.7052        1.02632        -3.98503       
23.7052        1.10526        -4.24415       
23.7052        1.18421        -4.49752       
23.7052        1.26316        -4.74534       
23.7052        1.34211        -4.98776       
23.7052        1.42105        -5.22495       
23.7052        1.5            -5.45706       
23.8944        0              0              
23.8944        0.0789474      -0.353882      
23.8944        0.157895       -0.699014      
23.8944        0.236842       -1.0357        
23.8944        0.315789       -1.36424       
23.8944        0.394737       -1.68491       
23.8944        0.473684       -1.99797       
23.8944        0.552632       -2.30368       
23.8944        0.631579       -2.60227       
23.8944        0.710526       -2.89399       
23.8944        0.789474       -3.17904       
23.8944        0.868421       -3.45764       
23.8944        0.947368       -3.73          
23.8944        1.02632        -3.9963        
23.8944        1.10526        -4.25672       
23.8944        1.18421        -4.51146       
23.8944        1.26316        -4.76067       
23.8944        1.34211        -5.00452       
23.8944        1.42105        -5.24317       
23.8944        1.5            -5.47677       
24.0835        0              0              
24.0835        0.0789474      -0.354133      
24.0835        0.157895       -0.69963       
24.0835        0.236842       -1.03679       
24.0835        0.315789       -1.3659        
24.0835        0.394737       -1.68723       
24.0835        0.473684       -2.00104       
24.0835        0.552632       -2.30758       
24.0835        0.631579       -2.60707       
24.0835        0.710526       -2.89976       
24.0835        0.789474       -3.18584       
24.0835        0.868421       -3.46553       
24.0835        0.947368       -3.73903       
24.0835        1.02632        -4.00652       
24.0835        1.10526        -4.26818       
24.0835        1.18421        -4.52419       
24.0835        1.26316        -4.77472       
24.0835        1.34211        -5.01992       
24.0835        1.42105        -5.25995       
24.0835        1.5            -5.49495       
24.2727        0              0              
24.2727        0.0789474      -0.354314      
24.2727        0.157895       -0.700107      
24.2727        0.236842       -1.03767       
24.2727        0.315789       -1.36728       
24.2727        0.394737       -1.6892        
24.2727        0.473684       -2.00368       
24.2727        0.552632       -2.31097       
24.2727        0.631579       -2.61129       
24.2727        0.710526       -2.90486       
24.2727        0.789474       -3.1919        
24.2727        0.868421       -3.4726        
24.2727        0.947368       -3.74717       
24.2727        1.02632        -4.01577       
24.2727        1.10526        -4.27859       
24.2727        1.18421        -4.5358        
24.2727        1.26316        -4.78757       
24.2727        1.34211        -5.03405       
24.2727        1.42105        -5.27538       
24.2727        1.5            -5.51173       
24.4618        0              0              
24.4618        0.0789474      -0.354433      
24.4618        0.157895       -0.700456      
24.4618        0.236842       -1.03835       
24.4618        0.315789       -1.36839       
24.4618        0.394737       -1.69083       
24.4618        0.473684       -2.00592       
24.4618        0.552632       -2.31389       
24.4618        0.631579       -2.61496       
24.4618        0.710526       -2.90936       
24.4618        0.789474       -3.19728       
24.4618        0.868421       -3.47892       
24.4618        0.947368       -3.75448       
24.4618        1.02632        -4.02412       
24.4618        1.10526        -4.28803       
24.4618        1.18421        -4.54638       
24.4618        1.26316        -4.79931       
24.4618        1.34211        -5.047         
24.4618        1.42105        -5.28957       
24.4618        1.5            -5.52719       
24.651         0              0              
24.651         0.0789474      -0.354494      
24.651         0.157895       -0.700687      
24.651         0.236842       -1.03886       
24.651         0.315789       -1.36926       
24.651         0.394737       -1.69216       
24.651         0.473684       -2.00779       
24.651         0.552632       -2.31637       
24.651         0.631579       -2.61814       
24.651         0.710526       -2.91329       
24.651         0.789474       -3.20202       
24.651         0.868421       -3.48454       
24.651         0.947368       -3.76102       
24.651         1.02632        -4.03164       
24.651         1.10526        -4.29658       
24.651         1.18421        -4.55599       
24.651         1.26316        -4.81003       
24.651         1.34211        -5.05885       
24.651         1.42105        -5.3026        
24.651         1.5            -5.54142       
24.8401        0              0              
24.8401        0.0789474      -0.354502      
24.8401        0.157895       -0.700811      
24.8401        0.236842       -1.0392        
24.8401        0.315789       -1.36991       
24.8401        0.394737       -1.69321       
24.8401        0.473684       -2.00932       
24.8401        0.552632       -2.31846       
24.8401        0.631579       -2.62085       
24.8401        0.710526       -2.91669       
24.8401        0.789474       -3.20618       
24.8401        0.868421       -3.48951       
24.8401        0.947368       -3.76685       
24.8401        1.02632        -4.03839       
24.8401        1.10526        -4.30428       
24.8401        1.18421        -4.56469       
24.8401        1.26316        -4.81977       
24.8401        1.34211        -5.06968       
24.8401        1.42105        -5.31454       
24.8401        1.5            -5.5545        
25.0293        0              0              
25.0293        0.0789474      -0.354461      
25.0293        0.157895       -0.700835      
25.0293        0.236842       -1.03938       
25.0293        0.315789       -1.37036       
25.0293        0.394737       -1.694         
25.0293        0.473684       -2.01053       
25.0293        0.552632       -2.32017       
25.0293        0.631579       -2.62313       
25.0293        0.710526       -2.9196        
25.0293        0.789474       -3.20979       
25.0293        0.868421       -3.49387       
25.0293        0.947368       -3.77202       
25.0293        1.02632        -4.04441       
25.0293        1.10526        -4.31121       
25.0293        1.18421        -4.57256       
25.0293        1.26316        -4.82863       
25.0293        1.34211        -5.07955       
25.0293        1.42105        -5.32546       
25.0293        1.5            -5.56651       
25.2184        0              0              
25.2184        0.0789474      -0.354375      
25.2184        0.157895       -0.700768      
25.2184        0.236842       -1.03943       
25.2184        0.315789       -1.37062       
25.2184        0.394737       -1.69455       
25.2184        0.473684       -2.01145       
25.2184        0.552632       -2.32154       
25.2184        0.631579       -2.62501       
25.2184        0.710526       -2.92207       
25.2184        0.789474       -3.21289       
25.2184        0.868421       -3.49767       
25.2184        0.947368       -3.77658       
25.2184        1.02632        -4.04977       
25.2184        1.10526        -4.31741       
25.2184        1.18421        -4.57965       
25.2184        1.26316        -4.83664       
25.2184        1.34211        -5.08853       
25.2184        1.42105        -5.33544       
25.2184        1.5            -5.57752       
25.4076        0              0              
25.4076        0.0789474      -0.354249      
25.4076        0.157895       -0.700618      
25.4076        0.236842       -1.03935       
25.4076        0.315789       -1.3707        
25.4076        0.394737       -1.69487       
25.4076        0.473684       -2.0121        
25.4076        0.552632       -2.32258       
25.4076        0.631579       -2.62652       
25.4076        0.710526       -2.92411       
25.4076        0.789474       -3.21553       
25.4076        0.868421       -3.50095       
25.4076        0.947368       -3.78055       
25.4076        1.02632        -4.05449       
25.4076        1.10526        -4.32293       
25.4076        1.18421        -4.58601       
25.4076        1.26316        -4.84387       
25.4076        1.34211        -5.09667       
25.4076        1.42105        -5.34453       
25.4076        1.5            -5.58759       
25.5967        0              0              
25.5967        0.0789474      -0.354085      
25.5967        0.157895       -0.70039       
25.5967        0.236842       -1.03916       
25.5967        0.315789       -1.37062       
25.5967        0.394737       -1.695         
25.5967        0.473684       -2.0125        
25.5967        0.552632       -2.32334       
25.5967        0.631579       -2.62769       
25.5967        0.710526       -2.92577       
25.5967        0.789474       -3.21773       
25.5967        0.868421       -3.50375       
25.5967        0.947368       -3.784         
25.5967        1.02632        -4.05864       
25.5967        1.10526        -4.32782       
25.5967        1.18421        -4.59168       
25.5967        1.26316        -4.85038       
25.5967        1.34211        -5.10404       
25.5967        1.42105        -5.3528        
25.5967        1.5            -5.59679       
25.7859        0              0              
25.7859        0.0789474      -0.353886      
25.7859        0.157895       -0.700092      
25.7859        0.236842       -1.03885       
25.7859        0.315789       -1.37039       
25.7859        0.394737       -1.69493       
25.7859        0.473684       -2.01267       
25.7859        0.552632       -2.32382       
25.7859        0.631579       -2.62855       
25.7859        0.710526       -2.92706       
25.7859        0.789474       -3.21952       
25.7859        0.868421       -3.50609       
25.7859        0.947368       -3.78695       
25.7859        1.02632        -4.06224       
25.7859        1.10526        -4.33212       
25.7859        1.18421        -4.59672       
25.7859        1.26316        -4.8562        
25.7859        1.34211        -5.11068       
25.7859        1.42105        -5.36029       
25.7859        1.5            -5.60516       
25.975         0              0              
25.975         0.0789474      -0.353656      
25.975         0.157895       -0.699728      
25.975         0.236842       -1.03845       
25.975         0.315789       -1.37003       
25.975         0.394737       -1.69469       
25.975         0.473684       -2.01263       
25.975         0.552632       -2.32404       
25.975         0.631579       -2.62911       
25.975         0.710526       -2.92802       
25.975         0.789474       -3.22093       
25.975         0.868421       -3.50802       
25.975         0.947368       -3.78943       
25.975         1.02632        -4.06533       
25.975         1.10526        -4.33586       
25.975         1.18421        -4.60117       
25.975         1.26316        -4.86138       
25.975         1.34211        -5.11663       
25.975         1.42105        -5.36705       
25.975         1.5            -5.61277       
26.1642        0              0              
26.1642        0.0789474      -0.353397      
26.1642        0.157895       -0.699305      
26.1642        0.236842       -1.03795       
26.1642        0.315789       -1.36954       
26.1642        0.394737       -1.69429       
26.1642        0.473684       -2.01239       
26.1642        0.552632       -2.32403       
26.1642        0.631579       -2.6294        
26.1642        0.710526       -2.92866       
26.1642        0.789474       -3.22199       
26.1642        0.868421       -3.50955       
26.1642        0.947368       -3.79148       
26.1642        1.02632        -4.06795       
26.1642        1.10526        -4.3391        
26.1642        1.18421        -4.60506       
26.1642        1.26316        -4.86597       
26.1642        1.34211        -5.12195       
26.1642        1.42105        -5.37314       
26.1642        1.5            -5.61965       
26.3533        0              0              
26.3533        0.0789474      -0.353111      
26.3533        0.157895       -0.698826      
26.3533        0.236842       -1.03736       
26.3533        0.315789       -1.36893       
26.3533        0.394737       -1.69374       
26.3533        0.473684       -2.01197       
26.3533        0.552632       -2.3238        
26.3533        0.631579       -2.62943       
26.3533        0.710526       -2.92902       
26.3533        0.789474       -3.22273       
26.3533        0.868421       -3.51071       
26.3533        0.947368       -3.79313       
26.3533        1.02632        -4.07013       
26.3533        1.10526        -4.34185       
26.3533        1.18421        -4.60843       
26.3533        1.26316        -4.86999       
26.3533        1.34211        -5.12667       
26.3533        1.42105        -5.37859       
26.3533        1.5            -5.62586       
26.5425        0              0              
26.5425        0.0789474      -0.352801      
26.5425        0.157895       -0.698297      
26.5425        0.236842       -1.0367        
26.5425        0.315789       -1.36822       
26.5425        0.394737       -1.69305       
26.5425        0.473684       -2.01137       
26.5425        0.552632       -2.32338       
26.5425        0.631579       -2.62923       
26.5425        0.710526       -2.9291        
26.5425        0.789474       -3.22316       
26.5425        0.868421       -3.51154       
26.5425        0.947368       -3.79441       
26.5425        1.02632        -4.0719        
26.5425        1.10526        -4.34416       
26.5425        1.18421        -4.61132       
26.5425        1.26316        -4.8735        
26.5425        1.34211        -5.13083       
26.5425        1.42105        -5.38344       
26.5425        1.5            -5.63143       
26.7316        0              0              
26.7316        0.0789474      -0.352469      
26.7316        0.157895       -0.697722      
26.7316        0.236842       -1.03597       
26.7316        0.315789       -1.36741       
26.7316        0.394737       -1.69223       
26.7316        0.473684       -2.01062       
26.7316        0.552632       -2.32276       
26.7316        0.631579       -2.62881       
26.7316        0.710526       -2.92894       
26.7316        0.789474       -3.2233        
26.7316        0.868421       -3.51205       
26.7316        0.947368       -3.79533       
26.7316        1.02632        -4.07329       
26.7316        1.10526        -4.34605       
26.7316        1.18421        -4.61375       
26.7316        1.26316        -4.87651       
26.7316        1.34211        -5.13447       
26.7316        1.42105        -5.38773       
26.7316        1.5            -5.63641       
26.9208        0              0              
26.9208        0.0789474      -0.352116      
26.9208        0.157895       -0.697104      
26.9208        0.236842       -1.03517       
26.9208        0.315789       -1.3665        
26.9208        0.394737       -1.6913        
26.9208        0.473684       -2.00973       
26.9208        0.552632       -2.32197       
26.9208        0.631579       -2.62819       
26.9208        0.710526       -2.92854       
26.9208        0.789474       -3.22318       
26.9208        0.868421       -3.51227       
26.9208        0.947368       -3.79593       
26.9208        1.02632        -4.07431       
26.9208        1.10526        -4.34754       
26.9208        1.18421        -4.61576       
26.9208        1.26316        -4.87907       
26.9208        1.34211        -5.13761       
26.9208        1.42105        -5.39149       
26.9208        1.5            -5.64082       
27.1099        0              0              
27.1099        0.0789474      -0.351744      
27.1099        0.157895       -0.696447      
27.1099        0.236842       -1.03431       
27.1099        0.315789       -1.36551       
27.1099        0.394737       -1.69025       
27.1099        0.473684       -2.0087        
27.1099        0.552632       -2.32102       
27.1099        0.631579       -2.62738       
27.1099        0.710526       -2.92793       
27.1099        0.789474       -3.22282       
27.1099        0.868421       -3.51221       
27.1099        0.947368       -3.79622       
27.1099        1.02632        -4.075         
27.1099        1.10526        -4.34867       
27.1099        1.18421        -4.61736       
27.1099        1.26316        -4.8812        
27.1099        1.34211        -5.14029       
27.1099        1.42105        -5.39476       
27.1099        1.5            -5.64472       
27.2991        0              0              
27.2991        0.0789474      -0.351355      
27.2991        0.157895       -0.695754      
27.2991        0.236842       -1.03339       
27.2991        0.315789       -1.36445       
27.2991        0.394737       -1.68911       
27.2991        0.473684       -2.00754       
27.2991        0.552632       -2.31992       
27.2991        0.631579       -2.62639       
27.2991        0.710526       -2.92711       
27.2991        0.789474       -3.22223       
27.2991        0.868421       -3.51189       
27.2991        0.947368       -3.79623       
27.2991        1.02632        -4.07537       
27.2991        1.10526        -4.34945       
27.2991        1.18421        -4.6186        
27.2991        1.26316        -4.88292       
27.2991        1.34211        -5.14254       
27.2991        1.42105        -5.39757       
27.2991        1.5            -5.64812       
27.4882        0              0              
27.4882        0.0789474      -0.350951      
27.4882        0.157895       -0.695028      
27.4882        0.236842       -1.03242       
27.4882        0.315789       -1.36331       
27.4882        0.394737       -1.68787       
27.4882        0.473684       -2.00628       
27.4882        0.552632       -2.31868       
27.4882        0.631579       -2.62524       
27.4882        0.710526       -2.92611       
27.4882        0.789474       -3.22142       
27.4882        0.868421       -3.51133       
27.4882        0.947368       -3.79596       
27.4882        1.02632        -4.07545       
27.4882        1.10526        -4.34992       
27.4882        1.18421        -4.61949       
27.4882        1.26316        -4.88427       
27.4882        1.34211        -5.14439       
27.4882        1.42105        -5.39994       
27.4882        1.5            -5.65105       
27.6774        0              0              
27.6774        0.0789474      -0.350532      
27.6774        0.157895       -0.694272      
27.6774        0.236842       -1.0314        
27.6774        0.315789       -1.36211       
27.6774        0.394737       -1.68655       
27.6774        0.473684       -2.0049        
27.6774        0.552632       -2.31731       
27.6774        0.631579       -2.62394       
27.6774        0.710526       -2.92493       
27.6774        0.789474       -3.22042       
27.6774        0.868421       -3.51055       
27.6774        0.947368       -3.79546       
27.6774        1.02632        -4.07526       
27.6774        1.10526        -4.35008       
27.6774        1.18421        -4.62004       
27.6774        1.26316        -4.88526       
27.6774        1.34211        -5.14585       
27.6774        1.42105        -5.40191       
27.6774        1.5            -5.65355       
27.8665        0              0              
27.8665        0.0789474      -0.350101      
27.8665        0.157895       -0.693489      
27.8665        0.236842       -1.03035       
27.8665        0.315789       -1.36084       
27.8665        0.394737       -1.68515       
27.8665        0.473684       -2.00343       
27.8665        0.552632       -2.31583       
27.8665        0.631579       -2.6225        
27.8665        0.710526       -2.92359       
27.8665        0.789474       -3.21923       
27.8665        0.868421       -3.50956       
27.8665        0.947368       -3.79471       
27.8665        1.02632        -4.07481       
27.8665        1.10526        -4.34996       
27.8665        1.18421        -4.6203        
27.8665        1.26316        -4.88592       
27.8665        1.34211        -5.14695       
27.8665        1.42105        -5.40349       
27.8665        1.5            -5.65564       
28.0557        0              0              
28.0557        0.0789474      -0.349657      
28.0557        0.157895       -0.69268       
28.0557        0.236842       -1.02925       
28.0557        0.315789       -1.35952       
28.0557        0.394737       -1.68368       
28.0557        0.473684       -2.00186       
28.0557        0.552632       -2.31423       
28.0557        0.631579       -2.62093       
28.0557        0.710526       -2.9221        
28.0557        0.789474       -3.21787       
28.0557        0.868421       -3.50838       
28.0557        0.947368       -3.79376       
28.0557        1.02632        -4.07411       
28.0557        1.10526        -4.34958       
28.0557        1.18421        -4.62026       
28.0557        1.26316        -4.88627       
28.0557        1.34211        -5.14772       
28.0557        1.42105        -5.40471       
28.0557        1.5            -5.65734       
28.2448        0              0              
28.2448        0.0789474      -0.349203      
28.2448        0.157895       -0.691849      
28.2448        0.236842       -1.02811       
28.2448        0.315789       -1.35815       
28.2448        0.394737       -1.68213       
28.2448        0.473684       -2.00021       
28.2448        0.552632       -2.31253       
28.2448        0.631579       -2.61924       
28.2448        0.710526       -2.92046       
28.2448        0.789474       -3.21635       
28.2448        0.868421       -3.50702       
28.2448        0.947368       -3.79259       
28.2448        1.02632        -4.0732        
28.2448        1.10526        -4.34895       
28.2448        1.18421        -4.61996       
28.2448        1.26316        -4.88633       
28.2448        1.34211        -5.14817       
28.2448        1.42105        -5.40559       
28.2448        1.5            -5.65867       
28.434         0              0              
28.434         0.0789474      -0.34874       
28.434         0.157895       -0.690997      
28.434         0.236842       -1.02694       
28.434         0.315789       -1.35673       
28.434         0.394737       -1.68053       
28.434         0.473684       -1.99849       
28.434         0.552632       -2.31074       
28.434         0.631579       -2.61743       
28.434         0.710526       -2.9187        
28.434         0.789474       -3.21468       
28.434         0.868421       -3.50548       
28.434         0.947368       -3.79124       
28.434         1.02632        -4.07207       
28.434         1.10526        -4.34809       
28.434         1.18421        -4.6194        
28.434         1.26316        -4.88611       
28.434         1.34211        -5.14832       
28.434         1.42105        -5.40615       
28.434         1.5            -5.65967       
28.6231        0              0              
28.6231        0.0789474      -0.348267      
28.6231        0.157895       -0.690126      
28.6231        0.236842       -1.02574       
28.6231        0.315789       -1.35527       
28.6231        0.394737       -1.67887       
28.6231        0.473684       -1.99669       
28.6231        0.552632       -2.30886       
28.6231        0.631579       -2.61553       
28.6231        0.710526       -2.91682       
28.6231        0.789474       -3.21287       
28.6231        0.868421       -3.50379       
28.6231        0.947368       -3.78972       
28.6231        1.02632        -4.07075       
28.6231        1.10526        -4.34701       
28.6231        1.18421        -4.6186        
28.6231        1.26316        -4.88563       
28.6231        1.34211        -5.1482        
28.6231        1.42105        -5.40641       
28.6231        1.5            -5.66035       
28.8123        0              0              
28.8123        0.0789474      -0.347787      
28.8123        0.157895       -0.689238      
28.8123        0.236842       -1.02451       
28.8123        0.315789       -1.35377       
28.8123        0.394737       -1.67716       
28.8123        0.473684       -1.99482       
28.8123        0.552632       -2.3069        
28.8123        0.631579       -2.61352       
28.8123        0.710526       -2.91483       
28.8123        0.789474       -3.21093       
28.8123        0.868421       -3.50196       
28.8123        0.947368       -3.78803       
28.8123        1.02632        -4.06925       
28.8123        1.10526        -4.34573       
28.8123        1.18421        -4.61759       
28.8123        1.26316        -4.88491       
28.8123        1.34211        -5.14781       
28.8123        1.42105        -5.40638       
28.8123        1.5            -5.66072       
29.0014        0              0              
29.0014        0.0789474      -0.347299      
29.0014        0.157895       -0.688334      
29.0014        0.236842       -1.02326       
29.0014        0.315789       -1.35224       
29.0014        0.394737       -1.6754        
29.0014        0.473684       -1.9929        
29.0014        0.552632       -2.30487       
29.0014        0.631579       -2.61143       
29.0014        0.710526       -2.91273       
29.0014        0.789474       -3.20887       
29.0014        0.868421       -3.49998       
29.0014        0.947368       -3.78618       
29.0014        1.02632        -4.06757       
29.0014        1.10526        -4.34426       
29.0014        1.18421        -4.61636       
29.0014        1.26316        -4.88397       
29.0014        1.34211        -5.14718       
29.0014        1.42105        -5.4061        
29.0014        1.5            -5.6608        
29.1906        0              0              
29.1906        0.0789474      -0.346805      
29.1906        0.157895       -0.687416      
29.1906        0.236842       -1.02199       
29.1906        0.315789       -1.35067       
29.1906        0.394737       -1.6736        
29.1906        0.473684       -1.99092       
29.1906        0.552632       -2.30276       
29.1906        0.631579       -2.60926       
29.1906        0.710526       -2.91053       
29.1906        0.789474       -3.2067        
29.1906        0.868421       -3.49788       
29.1906        0.947368       -3.78419       
29.1906        1.02632        -4.06573       
29.1906        1.10526        -4.34262       
29.1906        1.18421        -4.61494       
29.1906        1.26316        -4.88281       
29.1906        1.34211        -5.14632       
29.1906        1.42105        -5.40556       
29.1906        1.5            -5.66062       
29.3797        0              0              
29.3797        0.0789474      -0.346306      
29.3797        0.157895       -0.686486      
29.3797        0.236842       -1.02069       
29.3797        0.315789       -1.34907       
29.3797        0.394737       -1.67175       
29.3797        0.473684       -1.98889       
29.3797        0.552632       -2.3006        
29.3797        0.631579       -2.60701       
29.3797        0.710526       -2.90824       
29.3797        0.789474       -3.20443       
29.3797        0.868421       -3.49566       
29.3797        0.947368       -3.78207       
29.3797        1.02632        -4.06375       
29.3797        1.10526        -4.3408        
29.3797        1.18421        -4.61334       
29.3797        1.26316        -4.88145       
29.3797        1.34211        -5.14524       
29.3797        1.42105        -5.40478       
29.3797        1.5            -5.66018       
29.5689        0              0              
29.5689        0.0789474      -0.345802      
29.5689        0.157895       -0.685545      
29.5689        0.236842       -1.01938       
29.5689        0.315789       -1.34744       
29.5689        0.394737       -1.66987       
29.5689        0.473684       -1.98681       
29.5689        0.552632       -2.29837       
29.5689        0.631579       -2.60469       
29.5689        0.710526       -2.90588       
29.5689        0.789474       -3.20205       
29.5689        0.868421       -3.49333       
29.5689        0.947368       -3.77982       
29.5689        1.02632        -4.06162       
29.5689        1.10526        -4.33883       
29.5689        1.18421        -4.61157       
29.5689        1.26316        -4.87991       
29.5689        1.34211        -5.14395       
29.5689        1.42105        -5.40379       
29.5689        1.5            -5.65951       
29.758         0              0              
29.758         0.0789474      -0.345293      
29.758         0.157895       -0.684593      
29.758         0.236842       -1.01805       
29.758         0.315789       -1.34579       
29.758         0.394737       -1.66796       
29.758         0.473684       -1.98468       
29.758         0.552632       -2.29609       
29.758         0.631579       -2.6023        
29.758         0.710526       -2.90343       
29.758         0.789474       -3.19959       
29.758         0.868421       -3.4909        
29.758         0.947368       -3.77745       
29.758         1.02632        -4.05936       
29.758         1.10526        -4.33672       
29.758         1.18421        -4.60963       
29.758         1.26316        -4.87818       
29.758         1.34211        -5.14247       
29.758         1.42105        -5.40259       
29.758         1.5            -5.65861       
29.9472        0              0              
29.9472        0.0789474      -0.34478       
29.9472        0.157895       -0.683633      
29.9472        0.236842       -1.0167        
29.9472        0.315789       -1.34412       
29.9472        0.394737       -1.66602       
29.9472        0.473684       -1.98252       
29.9472        0.552632       -2.29376       
29.9472        0.631579       -2.59986       
29.9472        0.710526       -2.90091       
29.9472        0.789474       -3.19705       
29.9472        0.868421       -3.48837       
29.9472        0.947368       -3.77498       
29.9472        1.02632        -4.05698       
29.9472        1.10526        -4.33447       
29.9472        1.18421        -4.60755       
29.9472        1.26316        -4.8763        
29.9472        1.34211        -5.14082       
29.9472        1.42105        -5.40119       
29.9472        1.5            -5.6575        
30.1363        0              0              
30.1363        0.0789474      -0.344264      
30.1363        0.157895       -0.682665      
30.1363        0.236842       -1.01534       
30.1363        0.315789       -1.34242       
30.1363        0.394737       -1.66404       
30.1363        0.473684       -1.98033       
30.1363        0.552632       -2.29139       
30.1363        0.631579       -2.59736       
30.1363        0.710526       -2.89833       
30.1363        0.789474       -3.19443       
30.1363        0.868421       -3.48575       
30.1363        0.947368       -3.7724        
30.1363        1.02632        -4.05449       
30.1363        1.10526        -4.33209       
30.1363        1.18421        -4.60532       
30.1363        1.26316        -4.87425       
30.1363        1.34211        -5.13899       
30.1363        1.42105        -5.39961       
30.1363        1.5            -5.65619       
30.3255        0              0              
30.3255        0.0789474      -0.343746      
30.3255        0.157895       -0.68169       
30.3255        0.236842       -1.01397       
30.3255        0.315789       -1.34071       
30.3255        0.394737       -1.66205       
30.3255        0.473684       -1.9781        
30.3255        0.552632       -2.28898       
30.3255        0.631579       -2.5948        
30.3255        0.710526       -2.89569       
30.3255        0.789474       -3.19174       
30.3255        0.868421       -3.48305       
30.3255        0.947368       -3.76974       
30.3255        1.02632        -4.05189       
30.3255        1.10526        -4.3296        
30.3255        1.18421        -4.60296       
30.3255        1.26316        -4.87207       
30.3255        1.34211        -5.137         
30.3255        1.42105        -5.39785       
30.3255        1.5            -5.65469       
30.5146        0              0              
30.5146        0.0789474      -0.343224      
30.5146        0.157895       -0.680709      
30.5146        0.236842       -1.01259       
30.5146        0.315789       -1.33898       
30.5146        0.394737       -1.66003       
30.5146        0.473684       -1.97584       
30.5146        0.552632       -2.28653       
30.5146        0.631579       -2.59221       
30.5146        0.710526       -2.89299       
30.5146        0.789474       -3.18898       
30.5146        0.868421       -3.48028       
30.5146        0.947368       -3.76698       
30.5146        1.02632        -4.04919       
30.5146        1.10526        -4.32699       
30.5146        1.18421        -4.60048       
30.5146        1.26316        -4.86974       
30.5146        1.34211        -5.13487       
30.5146        1.42105        -5.39593       
30.5146        1.5            -5.65302       
30.7038        0              0              
30.7038        0.0789474      -0.342701      
30.7038        0.157895       -0.679723      
30.7038        0.236842       -1.01119       
30.7038        0.315789       -1.33724       
30.7038        0.394737       -1.65799       
30.7038        0.473684       -1.97355       
30.7038        0.552632       -2.28404       
30.7038        0.631579       -2.58957       
30.7038        0.710526       -2.89024       
30.7038        0.789474       -3.18616       
30.7038        0.868421       -3.47743       
30.7038        0.947368       -3.76414       
30.7038        1.02632        -4.04639       
30.7038        1.10526        -4.32428       
30.7038        1.18421        -4.59788       
30.7038        1.26316        -4.86729       
30.7038        1.34211        -5.13259       
30.7038        1.42105        -5.39386       
30.7038        1.5            -5.65118       
30.8929        0              0              
30.8929        0.0789474      -0.342177      
30.8929        0.157895       -0.678733      
30.8929        0.236842       -1.0098        
30.8929        0.315789       -1.33549       
30.8929        0.394737       -1.65593       
30.8929        0.473684       -1.97124       
30.8929        0.552632       -2.28152       
30.8929        0.631579       -2.58689       
30.8929        0.710526       -2.88744       
30.8929        0.789474       -3.18328       
30.8929        0.868421       -3.47451       
30.8929        0.947368       -3.76123       
30.8929        1.02632        -4.04352       
30.8929        1.10526        -4.32147       
30.8929        1.18421        -4.59517       
30.8929        1.26316        -4.86472       
30.8929        1.34211        -5.13018       
30.8929        1.42105        -5.39164       
30.8929        1.5            -5.64918       
31.0821        0              0              
31.0821        0.0789474      -0.341651      
31.0821        0.157895       -0.677739      
31.0821        0.236842       -1.00839       
31.0821        0.315789       -1.33372       
31.0821        0.394737       -1.65386       
31.0821        0.473684       -1.96891       
31.0821        0.552632       -2.27898       
31.0821        0.631579       -2.58417       
31.0821        0.710526       -2.8846        
31.0821        0.789474       -3.18036       
31.0821        0.868421       -3.47154       
31.0821        0.947368       -3.75824       
31.0821        1.02632        -4.04056       
31.0821        1.10526        -4.31857       
31.0821        1.18421        -4.59237       
31.0821        1.26316        -4.86203       
31.0821        1.34211        -5.12765       
31.0821        1.42105        -5.38929       
31.0821        1.5            -5.64704       
31.2712        0              0              
31.2712        0.0789474      -0.341124      
31.2712        0.157895       -0.676743      
31.2712        0.236842       -1.00698       
31.2712        0.315789       -1.33195       
31.2712        0.394737       -1.65177       
31.2712        0.473684       -1.96655       
31.2712        0.552632       -2.2764        
31.2712        0.631579       -2.58143       
31.2712        0.710526       -2.88172       
31.2712        0.789474       -3.17738       
31.2712        0.868421       -3.46851       
31.2712        0.947368       -3.7552        
31.2712        1.02632        -4.03752       
31.2712        1.10526        -4.31559       
31.2712        1.18421        -4.58947       
31.2712        1.26316        -4.85924       
31.2712        1.34211        -5.125         
31.2712        1.42105        -5.38681       
31.2712        1.5            -5.64476       
31.4604        0              0              
31.4604        0.0789474      -0.340596      
31.4604        0.157895       -0.675744      
31.4604        0.236842       -1.00556       
31.4604        0.315789       -1.33017       
31.4604        0.394737       -1.64967       
31.4604        0.473684       -1.96418       
31.4604        0.552632       -2.27381       
31.4604        0.631579       -2.57865       
31.4604        0.710526       -2.8788        
31.4604        0.789474       -3.17437       
31.4604        0.868421       -3.46543       
31.4604        0.947368       -3.75209       
31.4604        1.02632        -4.03442       
31.4604        1.10526        -4.31253       
31.4604        1.18421        -4.58648       
31.4604        1.26316        -4.85636       
31.4604        1.34211        -5.12224       
31.4604        1.42105        -5.38421       
31.4604        1.5            -5.64235       
31.6495        0              0              
31.6495        0.0789474      -0.340069      
31.6495        0.157895       -0.674744      
31.6495        0.236842       -1.00414       
31.6495        0.315789       -1.32838       
31.6495        0.394737       -1.64756       
31.6495        0.473684       -1.9618        
31.6495        0.552632       -2.2712        
31.6495        0.631579       -2.57585       
31.6495        0.710526       -2.87585       
31.6495        0.789474       -3.17131       
31.6495        0.868421       -3.4623        
31.6495        0.947368       -3.74892       
31.6495        1.02632        -4.03126       
31.6495        1.10526        -4.30939       
31.6495        1.18421        -4.5834        
31.6495        1.26316        -4.85338       
31.6495        1.34211        -5.11938       
31.6495        1.42105        -5.3815        
31.6495        1.5            -5.63981       
31.8387        0              0              
31.8387        0.0789474      -0.339541      
31.8387        0.157895       -0.673742      
31.8387        0.236842       -1.00272       
31.8387        0.315789       -1.32658       
31.8387        0.394737       -1.64544       
31.8387        0.473684       -1.9594        
31.8387        0.552632       -2.26856       
31.8387        0.631579       -2.57302       
31.8387        0.710526       -2.87287       
31.8387        0.789474       -3.16821       
31.8387        0.868421       -3.45913       
31.8387        0.947368       -3.74571       
31.8387        1.02632        -4.02803       
31.8387        1.10526        -4.30619       
31.8387        1.18421        -4.58025       
31.8387        1.26316        -4.85031       
31.8387        1.34211        -5.11643       
31.8387        1.42105        -5.37869       
31.8387        1.5            -5.63716       
32.0278        0              0              
32.0278        0.0789474      -0.339013      
32.0278        0.157895       -0.67274       
32.0278        0.236842       -1.00129       
32.0278        0.315789       -1.32478       
32.0278        0.394737       -1.64332       
32.0278        0.473684       -1.95699       
32.0278        0.552632       -2.26591       
32.0278        0.631579       -2.57017       
32.0278        0.710526       -2.86987       
32.0278        0.789474       -3.16508       
32.0278        0.868421       -3.45591       
32.0278        0.947368       -3.74244       
32.0278        1.02632        -4.02475       
32.0278        1.10526        -4.30292       
32.0278        1.18421        -4.57703       
32.0278        1.26316        -4.84716       
32.0278        1.34211        -5.11339       
32.0278        1.42105        -5.37577       
32.0278        1.5            -5.6344        
32.217         0              0              
32.217         0.0789474      -0.338486      
32.217         0.157895       -0.671738      
32.217         0.236842       -0.999868      
32.217         0.315789       -1.32298       
32.217         0.394737       -1.64118       
32.217         0.473684       -1.95457       
32.217         0.552632       -2.26325       
32.217         0.631579       -2.56731       
32.217         0.710526       -2.86684       
32.217         0.789474       -3.16193       
32.217         0.868421       -3.45266       
32.217         0.947368       -3.73913       
32.217         1.02632        -4.02142       
32.217         1.10526        -4.2996        
32.217         1.18421        -4.57375       
32.217         1.26316        -4.84394       
32.217         1.34211        -5.11026       
32.217         1.42105        -5.37277       
32.217         1.5            -5.63154       
32.4061        0              0              
32.4061        0.0789474      -0.33796       
32.4061        0.157895       -0.670737      
32.4061        0.236842       -0.998441      
32.4061        0.315789       -1.32118       
32.4061        0.394737       -1.63904       
32.4061        0.473684       -1.95215       
32.4061        0.552632       -2.26057       
32.4061        0.631579       -2.56442       
32.4061        0.710526       -2.86378       
32.4061        0.789474       -3.15874       
32.4061        0.868421       -3.44938       
32.4061        0.947368       -3.73579       
32.4061        1.02632        -4.01804       
32.4061        1.10526        -4.29622       
32.4061        1.18421        -4.5704        
32.4061        1.26316        -4.84065       
32.4061        1.34211        -5.10705       
32.4061        1.42105        -5.36967       
32.4061        1.5            -5.62858       
32.5953        0              0              
32.5953        0.0789474      -0.337434      
32.5953        0.157895       -0.669736      
32.5953        0.236842       -0.997014      
32.5953        0.315789       -1.31937       
32.5953        0.394737       -1.6369        
32.5953        0.473684       -1.94971       
32.5953        0.552632       -2.25789       
32.5953        0.631579       -2.56152       
32.5953        0.710526       -2.86071       
32.5953        0.789474       -3.15553       
32.5953        0.868421       -3.44607       
32.5953        0.947368       -3.7324        
32.5953        1.02632        -4.01462       
32.5953        1.10526        -4.29279       
32.5953        1.18421        -4.56699       
32.5953        1.26316        -4.83729       
32.5953        1.34211        -5.10377       
32.5953        1.42105        -5.36649       
32.5953        1.5            -5.62553       
32.7844        0              0              
32.7844        0.0789474      -0.336909      
32.7844        0.157895       -0.668737      
32.7844        0.236842       -0.995587      
32.7844        0.315789       -1.31756       
32.7844        0.394737       -1.63476       
32.7844        0.473684       -1.94727       
32.7844        0.552632       -2.25519       
32.7844        0.631579       -2.55861       
32.7844        0.710526       -2.85762       
32.7844        0.789474       -3.1523        
32.7844        0.868421       -3.44273       
32.7844        0.947368       -3.72899       
32.7844        1.02632        -4.01116       
32.7844        1.10526        -4.28931       
32.7844        1.18421        -4.56353       
32.7844        1.26316        -4.83388       
32.7844        1.34211        -5.10042       
32.7844        1.42105        -5.36324       
32.7844        1.5            -5.6224        
32.9736        0              0              
32.9736        0.0789474      -0.336386      
32.9736        0.157895       -0.667739      
32.9736        0.236842       -0.994162      
32.9736        0.315789       -1.31575       
32.9736        0.394737       -1.63261       
32.9736        0.473684       -1.94483       
32.9736        0.552632       -2.25249       
32.9736        0.631579       -2.55569       
32.9736        0.710526       -2.85452       
32.9736        0.789474       -3.14904       
32.9736        0.868421       -3.43936       
32.9736        0.947368       -3.72554       
32.9736        1.02632        -4.00766       
32.9736        1.10526        -4.2858        
32.9736        1.18421        -4.56002       
32.9736        1.26316        -4.8304        
32.9736        1.34211        -5.09701       
32.9736        1.42105        -5.35992       
32.9736        1.5            -5.61918       
33.1627        0              0              
33.1627        0.0789474      -0.335864      
33.1627        0.157895       -0.666743      
33.1627        0.236842       -0.992738      
33.1627        0.315789       -1.31395       
33.1627        0.394737       -1.63046       
33.1627        0.473684       -1.94238       
33.1627        0.552632       -2.24978       
33.1627        0.631579       -2.55276       
33.1627        0.710526       -2.8514        
33.1627        0.789474       -3.14577       
33.1627        0.868421       -3.43597       
33.1627        0.947368       -3.72206       
33.1627        1.02632        -4.00413       
33.1627        1.10526        -4.28224       
33.1627        1.18421        -4.55646       
33.1627        1.26316        -4.82688       
33.1627        1.34211        -5.09354       
33.1627        1.42105        -5.35653       
33.1627        1.5            -5.6159        
33.3519        0              0              
33.3519        0.0789474      -0.335343      
33.3519        0.157895       -0.665749      
33.3519        0.236842       -0.991316      
33.3519        0.315789       -1.31214       
33.3519        0.394737       -1.62831       
33.3519        0.473684       -1.93993       
33.3519        0.552632       -2.24707       
33.3519        0.631579       -2.54982       
33.3519        0.710526       -2.84827       
33.3519        0.789474       -3.14249       
33.3519        0.868421       -3.43256       
33.3519        0.947368       -3.71856       
33.3519        1.02632        -4.00057       
33.3519        1.10526        -4.27864       
33.3519        1.18421        -4.55287       
33.3519        1.26316        -4.8233        
33.3519        1.34211        -5.09002       
33.3519        1.42105        -5.35307       
33.3519        1.5            -5.61254       
33.541         0              0              
33.541         0.0789474      -0.334824      
33.541         0.157895       -0.664757      
33.541         0.236842       -0.989897      
33.541         0.315789       -1.31034       
33.541         0.394737       -1.62617       
33.541         0.473684       -1.93748       
33.541         0.552632       -2.24435       
33.541         0.631579       -2.54688       
33.541         0.710526       -2.84513       
33.541         0.789474       -3.13919       
33.541         0.868421       -3.42913       
33.541         0.947368       -3.71504       
33.541         1.02632        -3.99698       
33.541         1.10526        -4.27502       
33.541         1.18421        -4.54923       
33.541         1.26316        -4.81968       
33.541         1.34211        -5.08644       
33.541         1.42105        -5.34956       
33.541         1.5            -5.60912       
33.7302        0              0              
33.7302        0.0789474      -0.334307      
33.7302        0.157895       -0.663769      
33.7302        0.236842       -0.988481      
33.7302        0.315789       -1.30854       
33.7302        0.394737       -1.62402       
33.7302        0.473684       -1.93503       
33.7302        0.552632       -2.24163       
33.7302        0.631579       -2.54393       
33.7302        0.710526       -2.84198       
33.7302        0.789474       -3.13588       
33.7302        0.868421       -3.42569       
33.7302        0.947368       -3.7115        
33.7302        1.02632        -3.99336       
33.7302        1.10526        -4.27136       
33.7302        1.18421        -4.54556       
33.7302        1.26316        -4.81602       
33.7302        1.34211        -5.08281       
33.7302        1.42105        -5.346         
33.7302        1.5            -5.60564       
33.9193        0              0              
33.9193        0.0789474      -0.333791      
33.9193        0.157895       -0.662783      
33.9193        0.236842       -0.987068      
33.9193        0.315789       -1.30674       
33.9193        0.394737       -1.62188       
33.9193        0.473684       -1.93258       
33.9193        0.552632       -2.23891       
33.9193        0.631579       -2.54097       
33.9193        0.710526       -2.83883       
33.9193        0.789474       -3.13256       
33.9193        0.868421       -3.42224       
33.9193        0.947368       -3.70793       
33.9193        1.02632        -3.98972       
33.9193        1.10526        -4.26767       
33.9193        1.18421        -4.54185       
33.9193        1.26316        -4.81232       
33.9193        1.34211        -5.07914       
33.9193        1.42105        -5.34238       
33.9193        1.5            -5.6021        
34.1085        0              0              
34.1085        0.0789474      -0.333278      
34.1085        0.157895       -0.6618        
34.1085        0.236842       -0.985659      
34.1085        0.315789       -1.30494       
34.1085        0.394737       -1.61974       
34.1085        0.473684       -1.93013       
34.1085        0.552632       -2.23619       
34.1085        0.631579       -2.53802       
34.1085        0.710526       -2.83567       
34.1085        0.789474       -3.12923       
34.1085        0.868421       -3.41877       
34.1085        0.947368       -3.70436       
34.1085        1.02632        -3.98607       
34.1085        1.10526        -4.26396       
34.1085        1.18421        -4.53811       
34.1085        1.26316        -4.80858       
34.1085        1.34211        -5.07543       
34.1085        1.42105        -5.33872       
34.1085        1.5            -5.59851       
34.2976        0              0              
34.2976        0.0789474      -0.332766      
34.2976        0.157895       -0.660821      
34.2976        0.236842       -0.984255      
34.2976        0.315789       -1.30315       
34.2976        0.394737       -1.6176        
34.2976        0.473684       -1.92768       
34.2976        0.552632       -2.23348       
34.2976        0.631579       -2.53506       
34.2976        0.710526       -2.83251       
34.2976        0.789474       -3.12589       
34.2976        0.868421       -3.41529       
34.2976        0.947368       -3.70077       
34.2976        1.02632        -3.98239       
34.2976        1.10526        -4.26023       
34.2976        1.18421        -4.53435       
34.2976        1.26316        -4.80481       
34.2976        1.34211        -5.07168       
34.2976        1.42105        -5.33501       
34.2976        1.5            -5.59487       
34.4868        0              0              
34.4868        0.0789474      -0.332257      
34.4868        0.157895       -0.659846      
34.4868        0.236842       -0.982854      
34.4868        0.315789       -1.30137       
34.4868        0.394737       -1.61547       
34.4868        0.473684       -1.92524       
34.4868        0.552632       -2.23076       
34.4868        0.631579       -2.5321        
34.4868        0.710526       -2.82934       
34.4868        0.789474       -3.12255       
34.4868        0.868421       -3.4118        
34.4868        0.947368       -3.69716       
34.4868        1.02632        -3.9787        
34.4868        1.10526        -4.25648       
34.4868        1.18421        -4.53056       
34.4868        1.26316        -4.80102       
34.4868        1.34211        -5.0679        
34.4868        1.42105        -5.33127       
34.4868        1.5            -5.59118       
34.6759        0              0              
34.6759        0.0789474      -0.33175       
34.6759        0.157895       -0.658874      
34.6759        0.236842       -0.981459      
34.6759        0.315789       -1.29959       
34.6759        0.394737       -1.61334       
34.6759        0.473684       -1.9228        
34.6759        0.552632       -2.22805       
34.6759        0.631579       -2.52914       
34.6759        0.710526       -2.82618       
34.6759        0.789474       -3.11921       
34.6759        0.868421       -3.40831       
34.6759        0.947368       -3.69355       
34.6759        1.02632        -3.97499       
34.6759        1.10526        -4.25271       
34.6759        1.18421        -4.52675       
34.6759        1.26316        -4.79719       
34.6759        1.34211        -5.06408       
34.6759        1.42105        -5.32748       
34.6759        1.5            -5.58745       
34.8651        0              0              
34.8651        0.0789474      -0.331245      
34.8651        0.157895       -0.657906      
34.8651        0.236842       -0.980068      
34.8651        0.315789       -1.29781       
34.8651        0.394737       -1.61122       
34.8651        0.473684       -1.92037       
34.8651        0.552632       -2.22533       
34.8651        0.631579       -2.52619       
34.8651        0.710526       -2.82301       
34.8651        0.789474       -3.11586       
34.8651        0.868421       -3.40481       
34.8651        0.947368       -3.68993       
34.8651        1.02632        -3.97128       
34.8651        1.10526        -4.24892       
34.8651        1.18421        -4.52292       
34.8651        1.26316        -4.79334       
34.8651        1.34211        -5.06024       
34.8651        1.42105        -5.32366       
34.8651        1.5            -5.58368       
35.0542        0              0              
35.0542        0.0789474      -0.330743      
35.0542        0.157895       -0.656943      
35.0542        0.236842       -0.978682      
35.0542        0.315789       -1.29604       
35.0542        0.394737       -1.6091        
35.0542        0.473684       -1.91794       
35.0542        0.552632       -2.22263       
35.0542        0.631579       -2.52324       
35.0542        0.710526       -2.81984       
35.0542        0.789474       -3.11251       
35.0542        0.868421       -3.40131       
35.0542        0.947368       -3.6863        
35.0542        1.02632        -3.96755       
35.0542        1.10526        -4.24512       
35.0542        1.18421        -4.51907       
35.0542        1.26316        -4.78947       
35.0542        1.34211        -5.05636       
35.0542        1.42105        -5.31981       
35.0542        1.5            -5.57988       
35.2434        0              0              
35.2434        0.0789474      -0.330243      
35.2434        0.157895       -0.655983      
35.2434        0.236842       -0.977302      
35.2434        0.315789       -1.29428       
35.2434        0.394737       -1.60699       
35.2434        0.473684       -1.91552       
35.2434        0.552632       -2.21993       
35.2434        0.631579       -2.52029       
35.2434        0.710526       -2.81668       
35.2434        0.789474       -3.10916       
35.2434        0.868421       -3.3978        
35.2434        0.947368       -3.68266       
35.2434        1.02632        -3.96381       
35.2434        1.10526        -4.24131       
35.2434        1.18421        -4.51521       
35.2434        1.26316        -4.78557       
35.2434        1.34211        -5.05246       
35.2434        1.42105        -5.31593       
35.2434        1.5            -5.57604       
35.4325        0              0              
35.4325        0.0789474      -0.329746      
35.4325        0.157895       -0.655028      
35.4325        0.236842       -0.975928      
35.4325        0.315789       -1.29252       
35.4325        0.394737       -1.60489       
35.4325        0.473684       -1.9131        
35.4325        0.552632       -2.21723       
35.4325        0.631579       -2.51735       
35.4325        0.710526       -2.81352       
35.4325        0.789474       -3.10581       
35.4325        0.868421       -3.39429       
35.4325        0.947368       -3.67902       
35.4325        1.02632        -3.96007       
35.4325        1.10526        -4.23748       
35.4325        1.18421        -4.51133       
35.4325        1.26316        -4.78166       
35.4325        1.34211        -5.04855       
35.4325        1.42105        -5.31203       
35.4325        1.5            -5.57216       
35.6217        0              0              
35.6217        0.0789474      -0.329251      
35.6217        0.157895       -0.654078      
35.6217        0.236842       -0.97456       
35.6217        0.315789       -1.29077       
35.6217        0.394737       -1.60279       
35.6217        0.473684       -1.91069       
35.6217        0.552632       -2.21454       
35.6217        0.631579       -2.51441       
35.6217        0.710526       -2.81036       
35.6217        0.789474       -3.10247       
35.6217        0.868421       -3.39078       
35.6217        0.947368       -3.67538       
35.6217        1.02632        -3.95632       
35.6217        1.10526        -4.23365       
35.6217        1.18421        -4.50744       
35.6217        1.26316        -4.77774       
35.6217        1.34211        -5.04461       
35.6217        1.42105        -5.3081        
35.6217        1.5            -5.56826       
35.8108        0              0              
35.8108        0.0789474      -0.328759      
35.8108        0.157895       -0.653132      
35.8108        0.236842       -0.973197      
35.8108        0.315789       -1.28903       
35.8108        0.394737       -1.6007        
35.8108        0.473684       -1.90829       
35.8108        0.552632       -2.21186       
35.8108        0.631579       -2.51148       
35.8108        0.710526       -2.80721       
35.8108        0.789474       -3.09912       
35.8108        0.868421       -3.38728       
35.8108        0.947368       -3.67174       
35.8108        1.02632        -3.95256       
35.8108        1.10526        -4.22981       
35.8108        1.18421        -4.50353       
35.8108        1.26316        -4.77379       
35.8108        1.34211        -5.04065       
35.8108        1.42105        -5.30414       
35.8108        1.5            -5.56433       
36             0              0              
36             0.0789474      -0.328269      
36             0.157895       -0.65219       
36             0.236842       -0.971841      
36             0.315789       -1.28729       
36             0.394737       -1.59862       
36             0.473684       -1.9059        
36             0.552632       -2.20918       
36             0.631579       -2.50855       
36             0.710526       -2.80406       
36             0.789474       -3.09578       
36             0.868421       -3.38377       
36             0.947368       -3.66809       
36             1.02632        -3.9488        
36             1.10526        -4.22596       
36             1.18421        -4.49962       
36             1.26316        -4.76984       
36             1.34211        -5.03667       
36             1.42105        -5.30017       
36             1.5            -5.56038       
