17.2741   36        100       0         1.5       20        
17.2741        0              0              
17.2741        0.0789474      -0.00442031    
17.2741        0.157895       -0.00863005    
17.2741        0.236842       -0.0126433     
17.2741        0.315789       -0.0164731     
17.2741        0.394737       -0.0201312     
17.2741        0.473684       -0.0236285     
17.2741        0.552632       -0.0269751     
17.2741        0.631579       -0.0301801     
17.2741        0.710526       -0.0332521     
17.2741        0.789474       -0.0361988     
17.2741        0.868421       -0.0390276     
17.2741        0.947368       -0.0417452     
17.2741        1.02632        -0.0443577     
17.2741        1.10526        -0.046871      
17.2741        1.18421        -0.0492904     
17.2741        1.26316        -0.0516209     
17.2741        1.34211        -0.0538671     
17.2741        1.42105        -0.0560334     
17.2741        1.5            -0.0581239     
17.4632        0              0              
17.4632        0.0789474      -0.0584919     
17.4632        0.157895       -0.114285      
17.4632        0.236842       -0.167556      
17.4632        0.315789       -0.218468      
17.4632        0.394737       -0.26717       
17.4632        0.473684       -0.313799      
17.4632        0.552632       -0.358481      
17.4632        0.631579       -0.401333      
17.4632        0.710526       -0.442462      
17.4632        0.789474       -0.481966      
17.4632        0.868421       -0.519938      
17.4632        0.947368       -0.556463      
17.4632        1.02632        -0.591619      
17.4632        1.10526        -0.62548       
17.4632        1.18421        -0.658115      
17.4632        1.26316        -0.689586      
17.4632        1.34211        -0.719953      
17.4632        1.42105        -0.749271      
17.4632        1.5            -0.777592      
17.6524        0              0              
17.6524        0.0789474      -0.0769925     
17.6524        0.157895       -0.150595      
17.6524        0.236842       -0.221021      
17.6524        0.315789       -0.288468      
17.6524        0.394737       -0.353116      
17.6524        0.473684       -0.415133      
17.6524        0.552632       -0.474671      
17.6524        0.631579       -0.531875      
17.6524        0.710526       -0.586874      
17.6524        0.789474       -0.63979       
17.6524        0.868421       -0.690738      
17.6524        0.947368       -0.739821      
17.6524        1.02632        -0.787139      
17.6524        1.10526        -0.832781      
17.6524        1.18421        -0.876833      
17.6524        1.26316        -0.919374      
17.6524        1.34211        -0.960478      
17.6524        1.42105        -1.00021       
17.6524        1.5            -1.03865       
17.8415        0              0              
17.8415        0.0789474      -0.0888485     
17.8415        0.157895       -0.173961      
17.8415        0.236842       -0.255564      
17.8415        0.315789       -0.333868      
17.8415        0.394737       -0.409064      
17.8415        0.473684       -0.481331      
17.8415        0.552632       -0.550834      
17.8415        0.631579       -0.617724      
17.8415        0.710526       -0.682144      
17.8415        0.789474       -0.744224      
17.8415        0.868421       -0.804088      
17.8415        0.947368       -0.861848      
17.8415        1.02632        -0.917611      
17.8415        1.10526        -0.971476      
17.8415        1.18421        -1.02354       
17.8415        1.26316        -1.07388       
17.8415        1.34211        -1.12258       
17.8415        1.42105        -1.16972       
17.8415        1.5            -1.21538       
18.0307        0              0              
18.0307        0.0789474      -0.0972329     
18.0307        0.157895       -0.190554      
18.0307        0.236842       -0.280194      
18.0307        0.315789       -0.366362      
18.0307        0.394737       -0.449256      
18.0307        0.473684       -0.529055      
18.0307        0.552632       -0.605927      
18.0307        0.631579       -0.680028      
18.0307        0.710526       -0.751502      
18.0307        0.789474       -0.820483      
18.0307        0.868421       -0.887098      
18.0307        0.947368       -0.951463      
18.0307        1.02632        -1.01369       
18.0307        1.10526        -1.07387       
18.0307        1.18421        -1.13212       
18.0307        1.26316        -1.18851       
18.0307        1.34211        -1.24314       
18.0307        1.42105        -1.29607       
18.0307        1.5            -1.34739       
18.2198        0              0              
18.2198        0.0789474      -0.103401      
18.2198        0.157895       -0.202814      
18.2198        0.236842       -0.298467      
18.2198        0.315789       -0.390567      
18.2198        0.394737       -0.479309      
18.2198        0.473684       -0.564871      
18.2198        0.552632       -0.647419      
18.2198        0.631579       -0.727108      
18.2198        0.710526       -0.804083      
18.2198        0.789474       -0.878476      
18.2198        0.868421       -0.950414      
18.2198        0.947368       -1.02001       
18.2198        1.02632        -1.08738       
18.2198        1.10526        -1.15263       
18.2198        1.18421        -1.21585       
18.2198        1.26316        -1.27712       
18.2198        1.34211        -1.33655       
18.2198        1.42105        -1.3942        
18.2198        1.5            -1.45015       
18.409         0              0              
18.409         0.0789474      -0.108014      
18.409         0.157895       -0.212027      
18.409         0.236842       -0.312261      
18.409         0.315789       -0.408918      
18.409         0.394737       -0.502187      
18.409         0.473684       -0.592244      
18.409         0.552632       -0.679249      
18.409         0.631579       -0.763356      
18.409         0.710526       -0.844705      
18.409         0.789474       -0.923428      
18.409         0.868421       -0.999647      
18.409         0.947368       -1.07348       
18.409         1.02632        -1.14503       
18.409         1.10526        -1.21441       
18.409         1.18421        -1.2817        
18.409         1.26316        -1.347         
18.409         1.34211        -1.4104        
18.409         1.42105        -1.47196       
18.409         1.5            -1.53178       
18.5981        0              0              
18.5981        0.0789474      -0.111476      
18.5981        0.157895       -0.21898       
18.5981        0.236842       -0.322725      
18.5981        0.315789       -0.422907      
18.5981        0.394737       -0.519708      
18.5981        0.473684       -0.613299      
18.5981        0.552632       -0.703836      
18.5981        0.631579       -0.791467      
18.5981        0.710526       -0.876329      
18.5981        0.789474       -0.958549      
18.5981        0.868421       -1.03825       
18.5981        0.947368       -1.11554       
18.5981        1.02632        -1.19053       
18.5981        1.10526        -1.26331       
18.5981        1.18421        -1.33399       
18.5981        1.26316        -1.40264       
18.5981        1.34211        -1.46935       
18.5981        1.42105        -1.53421       
18.5981        1.5            -1.59728       
18.7873        0              0              
18.7873        0.0789474      -0.114059      
18.7873        0.157895       -0.2242        
18.7873        0.236842       -0.330629      
18.7873        0.315789       -0.433534      
18.7873        0.394737       -0.533092      
18.7873        0.473684       -0.629465      
18.7873        0.552632       -0.722806      
18.7873        0.631579       -0.813256      
18.7873        0.710526       -0.900948      
18.7873        0.789474       -0.986006      
18.7873        0.868421       -1.06854       
18.7873        0.947368       -1.14867       
18.7873        1.02632        -1.2265        
18.7873        1.10526        -1.30211       
18.7873        1.18421        -1.3756        
18.7873        1.26316        -1.44706       
18.7873        1.34211        -1.51657       
18.7873        1.42105        -1.5842        
18.7873        1.5            -1.65003       
18.9764        0              0              
18.9764        0.0789474      -0.115952      
18.9764        0.157895       -0.228059      
18.9764        0.236842       -0.336518      
18.9764        0.315789       -0.441511      
18.9764        0.394737       -0.543206      
18.9764        0.473684       -0.64176       
18.9764        0.552632       -0.737319      
18.9764        0.631579       -0.830019      
18.9764        0.710526       -0.919988      
18.9764        0.789474       -1.00735       
18.9764        0.868421       -1.0922        
18.9764        0.947368       -1.17467       
18.9764        1.02632        -1.25483       
18.9764        1.10526        -1.33279       
18.9764        1.18421        -1.40864       
18.9764        1.26316        -1.48246       
18.9764        1.34211        -1.55432       
18.9764        1.42105        -1.62431       
18.9764        1.5            -1.69249       
19.1656        0              0              
19.1656        0.0789474      -0.117296      
19.1656        0.157895       -0.230832      
19.1656        0.236842       -0.340796      
19.1656        0.315789       -0.447363      
19.1656        0.394737       -0.550693      
19.1656        0.473684       -0.650938      
19.1656        0.552632       -0.748237      
19.1656        0.631579       -0.842721      
19.1656        0.710526       -0.934512      
19.1656        0.789474       -1.02373       
19.1656        0.868421       -1.11047       
19.1656        0.947368       -1.19484       
19.1656        1.02632        -1.27694       
19.1656        1.10526        -1.35685       
19.1656        1.18421        -1.43467       
19.1656        1.26316        -1.51046       
19.1656        1.34211        -1.58432       
19.1656        1.42105        -1.65629       
19.1656        1.5            -1.72647       
19.3547        0              0              
19.3547        0.0789474      -0.118199      
19.3547        0.157895       -0.23273       
19.3547        0.236842       -0.343771      
19.3547        0.315789       -0.451491      
19.3547        0.394737       -0.556045      
19.3547        0.473684       -0.657577      
19.3547        0.552632       -0.75622       
19.3547        0.631579       -0.8521        
19.3547        0.710526       -0.945334      
19.3547        0.789474       -1.03603       
19.3547        0.868421       -1.1243        
19.3547        0.947368       -1.21023       
19.3547        1.02632        -1.29391       
19.3547        1.10526        -1.37544       
19.3547        1.18421        -1.45489       
19.3547        1.26316        -1.53234       
19.3547        1.34211        -1.60786       
19.3547        1.42105        -1.68153       
19.3547        1.5            -1.75341       
19.5439        0              0              
19.5439        0.0789474      -0.118743      
19.5439        0.157895       -0.233912      
19.5439        0.236842       -0.345681      
19.5439        0.315789       -0.454209      
19.5439        0.394737       -0.559645      
19.5439        0.473684       -0.662128      
19.5439        0.552632       -0.761785      
19.5439        0.631579       -0.858737      
19.5439        0.710526       -0.953095      
19.5439        0.789474       -1.04497       
19.5439        0.868421       -1.13445       
19.5439        0.947368       -1.22163       
19.5439        1.02632        -1.30661       
19.5439        1.10526        -1.38946       
19.5439        1.18421        -1.47026       
19.5439        1.26316        -1.54909       
19.5439        1.34211        -1.62602       
19.5439        1.42105        -1.70111       
19.5439        1.5            -1.77442       
19.733         0              0              
19.733         0.0789474      -0.118993      
19.733         0.157895       -0.234508      
19.733         0.236842       -0.346714      
19.733         0.315789       -0.455763      
19.733         0.394737       -0.561798      
19.733         0.473684       -0.66495       
19.733         0.552632       -0.765343      
19.733         0.631579       -0.863093      
19.733         0.710526       -0.958305      
19.733         0.789474       -1.05108       
19.733         0.868421       -1.14152       
19.733         0.947368       -1.2297        
19.733         1.02632        -1.31572       
19.733         1.10526        -1.39964       
19.733         1.18421        -1.48155       
19.733         1.26316        -1.56152       
19.733         1.34211        -1.63962       
19.733         1.42105        -1.7159        
19.733         1.5            -1.79043       
19.9222        0              0              
19.9222        0.0789474      -0.119         
19.9222        0.157895       -0.234621      
19.9222        0.236842       -0.347022      
19.9222        0.315789       -0.456352      
19.9222        0.394737       -0.562746      
19.9222        0.473684       -0.666332      
19.9222        0.552632       -0.767227      
19.9222        0.631579       -0.865541      
19.9222        0.710526       -0.961378      
19.9222        0.789474       -1.05483       
19.9222        0.868421       -1.146         
19.9222        0.947368       -1.23496       
19.9222        1.02632        -1.3218        
19.9222        1.10526        -1.40658       
19.9222        1.18421        -1.48939       
19.9222        1.26316        -1.57029       
19.9222        1.34211        -1.64935       
19.9222        1.42105        -1.72662       
19.9222        1.5            -1.80217       
20.1113        0              0              
20.1113        0.0789474      -0.118807      
20.1113        0.157895       -0.234332      
20.1113        0.236842       -0.346728      
20.1113        0.315789       -0.456137      
20.1113        0.394737       -0.56269       
20.1113        0.473684       -0.666509      
20.1113        0.552632       -0.767706      
20.1113        0.631579       -0.866388      
20.1113        0.710526       -0.962653      
20.1113        0.789474       -1.05659       
20.1113        0.868421       -1.1483        
20.1113        0.947368       -1.23784       
20.1113        1.02632        -1.32531       
20.1113        1.10526        -1.41077       
20.1113        1.18421        -1.49429       
20.1113        1.26316        -1.57594       
20.1113        1.34211        -1.65579       
20.1113        1.42105        -1.73387       
20.1113        1.5            -1.81027       
20.3005        0              0              
20.3005        0.0789474      -0.118449      
20.3005        0.157895       -0.23371       
20.3005        0.236842       -0.345932      
20.3005        0.315789       -0.455251      
20.3005        0.394737       -0.561793      
20.3005        0.473684       -0.665674      
20.3005        0.552632       -0.767004      
20.3005        0.631579       -0.865884      
20.3005        0.710526       -0.962408      
20.3005        0.789474       -1.05666       
20.3005        0.868421       -1.14874       
20.3005        0.947368       -1.2387        
20.3005        1.02632        -1.32664       
20.3005        1.10526        -1.41261       
20.3005        1.18421        -1.49669       
20.3005        1.26316        -1.57893       
20.3005        1.34211        -1.6594        
20.3005        1.42105        -1.73815       
20.3005        1.5            -1.81523       
20.4896        0              0              
20.4896        0.0789474      -0.117952      
20.4896        0.157895       -0.23281       
20.4896        0.236842       -0.344716      
20.4896        0.315789       -0.453802      
20.4896        0.394737       -0.560189      
20.4896        0.473684       -0.663989      
20.4896        0.552632       -0.765306      
20.4896        0.631579       -0.864238      
20.4896        0.710526       -0.960876      
20.4896        0.789474       -1.0553        
20.4896        0.868421       -1.1476        
20.4896        0.947368       -1.23785       
20.4896        1.02632        -1.32611       
20.4896        1.10526        -1.41245       
20.4896        1.18421        -1.49694       
20.4896        1.26316        -1.57963       
20.4896        1.34211        -1.66059       
20.4896        1.42105        -1.73986       
20.4896        1.5            -1.8175        
20.6788        0              0              
20.6788        0.0789474      -0.117341      
20.6788        0.157895       -0.231679      
20.6788        0.236842       -0.343151      
20.6788        0.315789       -0.451882      
20.6788        0.394737       -0.557992      
20.6788        0.473684       -0.661586      
20.6788        0.552632       -0.762767      
20.6788        0.631579       -0.861626      
20.6788        0.710526       -0.958252      
20.6788        0.789474       -1.05273       
20.6788        0.868421       -1.14512       
20.6788        0.947368       -1.23552       
20.6788        1.02632        -1.32398       
20.6788        1.10526        -1.41057       
20.6788        1.18421        -1.49534       
20.6788        1.26316        -1.57836       
20.6788        1.34211        -1.65969       
20.6788        1.42105        -1.73936       
20.6788        1.5            -1.81743       
20.8679        0              0              
20.8679        0.0789474      -0.116636      
20.8679        0.157895       -0.230355      
20.8679        0.236842       -0.341291      
20.8679        0.315789       -0.449567      
20.8679        0.394737       -0.555295      
20.8679        0.473684       -0.658578      
20.8679        0.552632       -0.759515      
20.8679        0.631579       -0.858194      
20.8679        0.710526       -0.9547        
20.8679        0.789474       -1.04911       
20.8679        0.868421       -1.1415        
20.8679        0.947368       -1.23194       
20.8679        1.02632        -1.32049       
20.8679        1.10526        -1.40721       
20.8679        1.18421        -1.49216       
20.8679        1.26316        -1.5754        
20.8679        1.34211        -1.65698       
20.8679        1.42105        -1.73695       
20.8679        1.5            -1.81535       
21.0571        0              0              
21.0571        0.0789474      -0.115851      
21.0571        0.157895       -0.22887       
21.0571        0.236842       -0.339187      
21.0571        0.315789       -0.44692       
21.0571        0.394737       -0.552178      
21.0571        0.473684       -0.65506       
21.0571        0.552632       -0.755661      
21.0571        0.631579       -0.854067      
21.0571        0.710526       -0.950359      
21.0571        0.789474       -1.04461       
21.0571        0.868421       -1.1369        
21.0571        0.947368       -1.22728       
21.0571        1.02632        -1.31582       
21.0571        1.10526        -1.40258       
21.0571        1.18421        -1.48762       
21.0571        1.26316        -1.57098       
21.0571        1.34211        -1.65272       
21.0571        1.42105        -1.73289       
21.0571        1.5            -1.81153       
21.2462        0              0              
21.2462        0.0789474      -0.115         
21.2462        0.157895       -0.227252      
21.2462        0.236842       -0.336879      
21.2462        0.315789       -0.443995      
21.2462        0.394737       -0.548707      
21.2462        0.473684       -0.651112      
21.2462        0.552632       -0.751298      
21.2462        0.631579       -0.849351      
21.2462        0.710526       -0.945347      
21.2462        0.789474       -1.03936       
21.2462        0.868421       -1.13145       
21.2462        0.947368       -1.2217        
21.2462        1.02632        -1.31015       
21.2462        1.10526        -1.39687       
21.2462        1.18421        -1.4819        
21.2462        1.26316        -1.5653        
21.2462        1.34211        -1.64712       
21.2462        1.42105        -1.7274        
21.2462        1.5            -1.80618       
21.4354        0              0              
21.4354        0.0789474      -0.114096      
21.4354        0.157895       -0.225523      
21.4354        0.236842       -0.3344        
21.4354        0.315789       -0.440839      
21.4354        0.394737       -0.544941      
21.4354        0.473684       -0.646801      
21.4354        0.552632       -0.746505      
21.4354        0.631579       -0.844135      
21.4354        0.710526       -0.939764      
21.4354        0.789474       -1.03346       
21.4354        0.868421       -1.1253        
21.4354        0.947368       -1.21533       
21.4354        1.02632        -1.30362       
21.4354        1.10526        -1.39021       
21.4354        1.18421        -1.47517       
21.4354        1.26316        -1.55853       
21.4354        1.34211        -1.64035       
21.4354        1.42105        -1.72067       
21.4354        1.5            -1.79952       
21.6245        0              0              
21.6245        0.0789474      -0.113148      
21.6245        0.157895       -0.223702      
21.6245        0.236842       -0.33178       
21.6245        0.315789       -0.437489      
21.6245        0.394737       -0.540927      
21.6245        0.473684       -0.642186      
21.6245        0.552632       -0.74135       
21.6245        0.631579       -0.838497      
21.6245        0.710526       -0.933699      
21.6245        0.789474       -1.02702       
21.6245        0.868421       -1.11853       
21.6245        0.947368       -1.20829       
21.6245        1.02632        -1.29635       
21.6245        1.10526        -1.38275       
21.6245        1.18421        -1.46756       
21.6245        1.26316        -1.55082       
21.6245        1.34211        -1.63258       
21.6245        1.42105        -1.71286       
21.6245        1.5            -1.79172       
21.8137        0              0              
21.8137        0.0789474      -0.112164      
21.8137        0.157895       -0.221807      
21.8137        0.236842       -0.329044      
21.8137        0.315789       -0.433978      
21.8137        0.394737       -0.536707      
21.8137        0.473684       -0.637317      
21.8137        0.552632       -0.735891      
21.8137        0.631579       -0.832503      
21.8137        0.710526       -0.927225      
21.8137        0.789474       -1.02012       
21.8137        0.868421       -1.11125       
21.8137        0.947368       -1.20067       
21.8137        1.02632        -1.28844       
21.8137        1.10526        -1.3746        
21.8137        1.18421        -1.45921       
21.8137        1.26316        -1.5423        
21.8137        1.34211        -1.62393       
21.8137        1.42105        -1.70412       
21.8137        1.5            -1.78293       
22.0028        0              0              
22.0028        0.0789474      -0.111151      
22.0028        0.157895       -0.219851      
22.0028        0.236842       -0.326213      
22.0028        0.315789       -0.430337      
22.0028        0.394737       -0.532316      
22.0028        0.473684       -0.632237      
22.0028        0.552632       -0.730177      
22.0028        0.631579       -0.826211      
22.0028        0.710526       -0.920405      
22.0028        0.789474       -1.01282       
22.0028        0.868421       -1.10352       
22.0028        0.947368       -1.19256       
22.0028        1.02632        -1.27999       
22.0028        1.10526        -1.36586       
22.0028        1.18421        -1.45021       
22.0028        1.26316        -1.53308       
22.0028        1.34211        -1.61453       
22.0028        1.42105        -1.69458       
22.0028        1.5            -1.77327       
22.192         0              0              
22.192         0.0789474      -0.110115      
22.192         0.157895       -0.217847      
22.192         0.236842       -0.323305      
22.192         0.315789       -0.426588      
22.192         0.394737       -0.527785      
22.192         0.473684       -0.626981      
22.192         0.552632       -0.724252      
22.192         0.631579       -0.819668      
22.192         0.710526       -0.913296      
22.192         0.789474       -1.0052        
22.192         0.868421       -1.09543       
22.192         0.947368       -1.18404       
22.192         1.02632        -1.27108       
22.192         1.10526        -1.35661       
22.192         1.18421        -1.44065       
22.192         1.26316        -1.52326       
22.192         1.34211        -1.60448       
22.192         1.42105        -1.68433       
22.192         1.5            -1.76286       
22.3812        0              0              
22.3812        0.0789474      -0.109061      
22.3812        0.157895       -0.215804      
22.3812        0.236842       -0.320336      
22.3812        0.315789       -0.422752      
22.3812        0.394737       -0.523141      
22.3812        0.473684       -0.621583      
22.3812        0.552632       -0.718153      
22.3812        0.631579       -0.812919      
22.3812        0.710526       -0.905946      
22.3812        0.789474       -0.997293      
22.3812        0.868421       -1.08701       
22.3812        0.947368       -1.17516       
22.3812        1.02632        -1.26178       
22.3812        1.10526        -1.34692       
22.3812        1.18421        -1.43062       
22.3812        1.26316        -1.51293       
22.3812        1.34211        -1.59387       
22.3812        1.42105        -1.67349       
22.3812        1.5            -1.75181       
22.5703        0              0              
22.5703        0.0789474      -0.107994      
22.5703        0.157895       -0.213732      
22.5703        0.236842       -0.317319      
22.5703        0.315789       -0.418848      
22.5703        0.394737       -0.518405      
22.5703        0.473684       -0.616069      
22.5703        0.552632       -0.711911      
22.5703        0.631579       -0.806         
22.5703        0.710526       -0.898396      
22.5703        0.789474       -0.989158      
22.5703        0.868421       -1.07834       
22.5703        0.947368       -1.16599       
22.5703        1.02632        -1.25215       
22.5703        1.10526        -1.33687       
22.5703        1.18421        -1.42019       
22.5703        1.26316        -1.50215       
22.5703        1.34211        -1.58278       
22.5703        1.42105        -1.66212       
22.5703        1.5            -1.74021       
22.7595        0              0              
22.7595        0.0789474      -0.106916      
22.7595        0.157895       -0.211638      
22.7595        0.236842       -0.314266      
22.7595        0.315789       -0.414891      
22.7595        0.394737       -0.513598      
22.7595        0.473684       -0.610463      
22.7595        0.552632       -0.705556      
22.7595        0.631579       -0.798942      
22.7595        0.710526       -0.890683      
22.7595        0.789474       -0.980832      
22.7595        0.868421       -1.06944       
22.7595        0.947368       -1.15656       
22.7595        1.02632        -1.24224       
22.7595        1.10526        -1.32651       
22.7595        1.18421        -1.40942       
22.7595        1.26316        -1.491         
22.7595        1.34211        -1.57129       
22.7595        1.42105        -1.65032       
22.7595        1.5            -1.72812       
22.9486        0              0              
22.9486        0.0789474      -0.105833      
22.9486        0.157895       -0.209529      
22.9486        0.236842       -0.311187      
22.9486        0.315789       -0.410895      
22.9486        0.394737       -0.508736      
22.9486        0.473684       -0.604785      
22.9486        0.552632       -0.69911       
22.9486        0.631579       -0.791775      
22.9486        0.710526       -0.882837      
22.9486        0.789474       -0.972352      
22.9486        0.868421       -1.06037       
22.9486        0.947368       -1.14694       
22.9486        1.02632        -1.2321        
22.9486        1.10526        -1.31589       
22.9486        1.18421        -1.39835       
22.9486        1.26316        -1.47953       
22.9486        1.34211        -1.55944       
22.9486        1.42105        -1.63813       
22.9486        1.5            -1.71562       
23.1378        0              0              
23.1378        0.0789474      -0.104746      
23.1378        0.157895       -0.20741       
23.1378        0.236842       -0.308089      
23.1378        0.315789       -0.406871      
23.1378        0.394737       -0.503835      
23.1378        0.473684       -0.599054      
23.1378        0.552632       -0.692595      
23.1378        0.631579       -0.784521      
23.1378        0.710526       -0.874887      
23.1378        0.789474       -0.963748      
23.1378        0.868421       -1.05115       
23.1378        0.947368       -1.13714       
23.1378        1.02632        -1.22176       
23.1378        1.10526        -1.30505       
23.1378        1.18421        -1.38705       
23.1378        1.26316        -1.46779       
23.1378        1.34211        -1.5473        
23.1378        1.42105        -1.62562       
23.1378        1.5            -1.70278       
23.3269        0              0              
23.3269        0.0789474      -0.103657      
23.3269        0.157895       -0.205286      
23.3269        0.236842       -0.304981      
23.3269        0.315789       -0.402829      
23.3269        0.394737       -0.498906      
23.3269        0.473684       -0.593284      
23.3269        0.552632       -0.68603       
23.3269        0.631579       -0.777202      
23.3269        0.710526       -0.866857      
23.3269        0.789474       -0.955046      
23.3269        0.868421       -1.04182       
23.3269        0.947368       -1.12721       
23.3269        1.02632        -1.21127       
23.3269        1.10526        -1.29404       
23.3269        1.18421        -1.37555       
23.3269        1.26316        -1.45583       
23.3269        1.34211        -1.53492       
23.3269        1.42105        -1.61285       
23.3269        1.5            -1.68964       
23.5161        0              0              
23.5161        0.0789474      -0.102569      
23.5161        0.157895       -0.203161      
23.5161        0.236842       -0.301869      
23.5161        0.315789       -0.398777      
23.5161        0.394737       -0.493961      
23.5161        0.473684       -0.58749       
23.5161        0.552632       -0.679429      
23.5161        0.631579       -0.769837      
23.5161        0.710526       -0.858767      
23.5161        0.789474       -0.94627       
23.5161        0.868421       -1.03239       
23.5161        0.947368       -1.11718       
23.5161        1.02632        -1.20066       
23.5161        1.10526        -1.28289       
23.5161        1.18421        -1.36388       
23.5161        1.26316        -1.44369       
23.5161        1.34211        -1.52233       
23.5161        1.42105        -1.59984       
23.5161        1.5            -1.67624       
23.7052        0              0              
23.7052        0.0789474      -0.101483      
23.7052        0.157895       -0.201039      
23.7052        0.236842       -0.298759      
23.7052        0.315789       -0.394724      
23.7052        0.394737       -0.489009      
23.7052        0.473684       -0.581683      
23.7052        0.552632       -0.672808      
23.7052        0.631579       -0.762441      
23.7052        0.710526       -0.850636      
23.7052        0.789474       -0.937441      
23.7052        0.868421       -1.0229        
23.7052        0.947368       -1.10706       
23.7052        1.02632        -1.18995       
23.7052        1.10526        -1.27162       
23.7052        1.18421        -1.35209       
23.7052        1.26316        -1.4314        
23.7052        1.34211        -1.50958       
23.7052        1.42105        -1.58665       
23.7052        1.5            -1.66265       
23.8944        0              0              
23.8944        0.0789474      -0.100401      
23.8944        0.157895       -0.198923      
23.8944        0.236842       -0.295654      
23.8944        0.315789       -0.390675      
23.8944        0.394737       -0.484059      
23.8944        0.473684       -0.575872      
23.8944        0.552632       -0.666177      
23.8944        0.631579       -0.755029      
23.8944        0.710526       -0.84248       
23.8944        0.789474       -0.928578      
23.8944        0.868421       -1.01337       
23.8944        0.947368       -1.09689       
23.8944        1.02632        -1.17917       
23.8944        1.10526        -1.26027       
23.8944        1.18421        -1.3402        
23.8944        1.26316        -1.419         
23.8944        1.34211        -1.49669       
23.8944        1.42105        -1.57331       
23.8944        1.5            -1.64888       
24.0835        0              0              
24.0835        0.0789474      -0.0993246     
24.0835        0.157895       -0.196816      
24.0835        0.236842       -0.29256       
24.0835        0.315789       -0.386636      
24.0835        0.394737       -0.479117      
24.0835        0.473684       -0.570068      
24.0835        0.552632       -0.659548      
24.0835        0.631579       -0.747613      
24.0835        0.710526       -0.834313      
24.0835        0.789474       -0.919695      
24.0835        0.868421       -1.0038        
24.0835        0.947368       -1.08667       
24.0835        1.02632        -1.16834       
24.0835        1.10526        -1.24885       
24.0835        1.18421        -1.32823       
24.0835        1.26316        -1.4065        
24.0835        1.34211        -1.4837        
24.0835        1.42105        -1.55985       
24.0835        1.5            -1.63498       
24.2727        0              0              
24.2727        0.0789474      -0.0982541     
24.2727        0.157895       -0.194719      
24.2727        0.236842       -0.289479      
24.2727        0.315789       -0.382613      
24.2727        0.394737       -0.474191      
24.2727        0.473684       -0.564277      
24.2727        0.552632       -0.652929      
24.2727        0.631579       -0.740203      
24.2727        0.710526       -0.826147      
24.2727        0.789474       -0.910806      
24.2727        0.868421       -0.994224      
24.2727        0.947368       -1.07644       
24.2727        1.02632        -1.15748       
24.2727        1.10526        -1.2374        
24.2727        1.18421        -1.31621       
24.2727        1.26316        -1.39394       
24.2727        1.34211        -1.47063       
24.2727        1.42105        -1.5463        
24.2727        1.5            -1.62097       
24.4618        0              0              
24.4618        0.0789474      -0.0971909     
24.4618        0.157895       -0.192635      
24.4618        0.236842       -0.286415      
24.4618        0.315789       -0.378609      
24.4618        0.394737       -0.469284      
24.4618        0.473684       -0.558505      
24.4618        0.552632       -0.646329      
24.4618        0.631579       -0.732809      
24.4618        0.710526       -0.817993      
24.4618        0.789474       -0.901925      
24.4618        0.868421       -0.984647      
24.4618        0.947368       -1.0662        
24.4618        1.02632        -1.14661       
24.4618        1.10526        -1.22592       
24.4618        1.18421        -1.30415       
24.4618        1.26316        -1.38134       
24.4618        1.34211        -1.4575        
24.4618        1.42105        -1.53268       
24.4618        1.5            -1.60688       
24.651         0              0              
24.651         0.0789474      -0.0961356     
24.651         0.157895       -0.190565      
24.651         0.236842       -0.283371      
24.651         0.315789       -0.374627      
24.651         0.394737       -0.464403      
24.651         0.473684       -0.55276       
24.651         0.552632       -0.639755      
24.651         0.631579       -0.725439      
24.651         0.710526       -0.80986       
24.651         0.789474       -0.893061      
24.651         0.868421       -0.975083      
24.651         0.947368       -1.05596       
24.651         1.02632        -1.13573       
24.651         1.10526        -1.21443       
24.651         1.18421        -1.29208       
24.651         1.26316        -1.36871       
24.651         1.34211        -1.44434       
24.651         1.42105        -1.51901       
24.651         1.5            -1.59273       
24.8401        0              0              
24.8401        0.0789474      -0.0950889     
24.8401        0.157895       -0.188511      
24.8401        0.236842       -0.280348      
24.8401        0.315789       -0.370672      
24.8401        0.394737       -0.459551      
24.8401        0.473684       -0.547046      
24.8401        0.552632       -0.633212      
24.8401        0.631579       -0.7181        
24.8401        0.710526       -0.801756      
24.8401        0.789474       -0.884224      
24.8401        0.868421       -0.965542      
24.8401        0.947368       -1.04575       
24.8401        1.02632        -1.12487       
24.8401        1.10526        -1.20295       
24.8401        1.18421        -1.28001       
24.8401        1.26316        -1.35607       
24.8401        1.34211        -1.43117       
24.8401        1.42105        -1.50532       
24.8401        1.5            -1.57855       
25.0293        0              0              
25.0293        0.0789474      -0.0940514     
25.0293        0.157895       -0.186474      
25.0293        0.236842       -0.277348      
25.0293        0.315789       -0.366745      
25.0293        0.394737       -0.454731      
25.0293        0.473684       -0.541366      
25.0293        0.552632       -0.626705      
25.0293        0.631579       -0.710798      
25.0293        0.710526       -0.793689      
25.0293        0.789474       -0.875421      
25.0293        0.868421       -0.956034      
25.0293        0.947368       -1.03556       
25.0293        1.02632        -1.11404       
25.0293        1.10526        -1.19149       
25.0293        1.18421        -1.26795       
25.0293        1.26316        -1.34344       
25.0293        1.34211        -1.41799       
25.0293        1.42105        -1.49162       
25.0293        1.5            -1.56435       
25.2184        0              0              
25.2184        0.0789474      -0.0930235     
25.2184        0.157895       -0.184455      
25.2184        0.236842       -0.274373      
25.2184        0.315789       -0.362849      
25.2184        0.394737       -0.449947      
25.2184        0.473684       -0.535726      
25.2184        0.552632       -0.62024       
25.2184        0.631579       -0.703538      
25.2184        0.710526       -0.785665      
25.2184        0.789474       -0.866661      
25.2184        0.868421       -0.946566      
25.2184        0.947368       -1.02541       
25.2184        1.02632        -1.10323       
25.2184        1.10526        -1.18006       
25.2184        1.18421        -1.25592       
25.2184        1.26316        -1.33083       
25.2184        1.34211        -1.40483       
25.2184        1.42105        -1.47793       
25.2184        1.5            -1.55015       
25.4076        0              0              
25.4076        0.0789474      -0.0920057     
25.4076        0.157895       -0.182455      
25.4076        0.236842       -0.271424      
25.4076        0.315789       -0.358985      
25.4076        0.394737       -0.4452        
25.4076        0.473684       -0.530127      
25.4076        0.552632       -0.61382       
25.4076        0.631579       -0.696325      
25.4076        0.710526       -0.777688      
25.4076        0.789474       -0.857949      
25.4076        0.868421       -0.937145      
25.4076        0.947368       -1.01531       
25.4076        1.02632        -1.09248       
25.4076        1.10526        -1.16867       
25.4076        1.18421        -1.24392       
25.4076        1.26316        -1.31825       
25.4076        1.34211        -1.39169       
25.4076        1.42105        -1.46426       
25.4076        1.5            -1.53597       
25.5967        0              0              
25.5967        0.0789474      -0.0909982     
25.5967        0.157895       -0.180474      
25.5967        0.236842       -0.268503      
25.5967        0.315789       -0.355156      
25.5967        0.394737       -0.440493      
25.5967        0.473684       -0.524573      
25.5967        0.552632       -0.607448      
25.5967        0.631579       -0.689164      
25.5967        0.710526       -0.769765      
25.5967        0.789474       -0.849291      
25.5967        0.868421       -0.927778      
25.5967        0.947368       -1.00526       
25.5967        1.02632        -1.08177       
25.5967        1.10526        -1.15733       
25.5967        1.18421        -1.23197       
25.5967        1.26316        -1.30572       
25.5967        1.34211        -1.37859       
25.5967        1.42105        -1.45062       
25.5967        1.5            -1.52181       
25.7859        0              0              
25.7859        0.0789474      -0.0900014     
25.7859        0.157895       -0.178513      
25.7859        0.236842       -0.265611      
25.7859        0.315789       -0.351362      
25.7859        0.394737       -0.435828      
25.7859        0.473684       -0.519066      
25.7859        0.552632       -0.601127      
25.7859        0.631579       -0.682056      
25.7859        0.710526       -0.761898      
25.7859        0.789474       -0.840691      
25.7859        0.868421       -0.91847       
25.7859        0.947368       -0.99527       
25.7859        1.02632        -1.07112       
25.7859        1.10526        -1.14605       
25.7859        1.18421        -1.22008       
25.7859        1.26316        -1.29323       
25.7859        1.34211        -1.36554       
25.7859        1.42105        -1.43702       
25.7859        1.5            -1.50769       
25.975         0              0              
25.975         0.0789474      -0.0890153     
25.975         0.157895       -0.176573      
25.975         0.236842       -0.262747      
25.975         0.315789       -0.347605      
25.975         0.394737       -0.431206      
25.975         0.473684       -0.513608      
25.975         0.552632       -0.594859      
25.975         0.631579       -0.675006      
25.975         0.710526       -0.754092      
25.975         0.789474       -0.832153      
25.975         0.868421       -0.909226      
25.975         0.947368       -0.985343      
25.975         1.02632        -1.06053       
25.975         1.10526        -1.13482       
25.975         1.18421        -1.20824       
25.975         1.26316        -1.28081       
25.975         1.34211        -1.35255       
25.975         1.42105        -1.42348       
25.975         1.5            -1.49362       
26.1642        0              0              
26.1642        0.0789474      -0.0880402     
26.1642        0.157895       -0.174654      
26.1642        0.236842       -0.259913      
26.1642        0.315789       -0.343885      
26.1642        0.394737       -0.426629      
26.1642        0.473684       -0.5082        
26.1642        0.552632       -0.588647      
26.1642        0.631579       -0.668016      
26.1642        0.710526       -0.746348      
26.1642        0.789474       -0.823681      
26.1642        0.868421       -0.90005       
26.1642        0.947368       -0.975485      
26.1642        1.02632        -1.05002       
26.1642        1.10526        -1.12367       
26.1642        1.18421        -1.19648       
26.1642        1.26316        -1.26845       
26.1642        1.34211        -1.33962       
26.1642        1.42105        -1.41          
26.1642        1.5            -1.47961       
26.3533        0              0              
26.3533        0.0789474      -0.0870762     
26.3533        0.157895       -0.172755      
26.3533        0.236842       -0.257109      
26.3533        0.315789       -0.340204      
26.3533        0.394737       -0.422097      
26.3533        0.473684       -0.502844      
26.3533        0.552632       -0.582492      
26.3533        0.631579       -0.661088      
26.3533        0.710526       -0.738671      
26.3533        0.789474       -0.815278      
26.3533        0.868421       -0.890944      
26.3533        0.947368       -0.9657        
26.3533        1.02632        -1.03957       
26.3533        1.10526        -1.11259       
26.3533        1.18421        -1.18478       
26.3533        1.26316        -1.25616       
26.3533        1.34211        -1.32676       
26.3533        1.42105        -1.39658       
26.3533        1.5            -1.46566       
26.5425        0              0              
26.5425        0.0789474      -0.0861233     
26.5425        0.157895       -0.170878      
26.5425        0.236842       -0.254336      
26.5425        0.315789       -0.336561      
26.5425        0.394737       -0.417611      
26.5425        0.473684       -0.49754       
26.5425        0.552632       -0.576396      
26.5425        0.631579       -0.654223      
26.5425        0.710526       -0.731061      
26.5425        0.789474       -0.806946      
26.5425        0.868421       -0.881912      
26.5425        0.947368       -0.955991      
26.5425        1.02632        -1.02921       
26.5425        1.10526        -1.10159       
26.5425        1.18421        -1.17317       
26.5425        1.26316        -1.24396       
26.5425        1.34211        -1.31398       
26.5425        1.42105        -1.38325       
26.5425        1.5            -1.45179       
26.7316        0              0              
26.7316        0.0789474      -0.0851816     
26.7316        0.157895       -0.169023      
26.7316        0.236842       -0.251594      
26.7316        0.315789       -0.332958      
26.7316        0.394737       -0.413173      
26.7316        0.473684       -0.492291      
26.7316        0.552632       -0.57036       
26.7316        0.631579       -0.647423      
26.7316        0.710526       -0.72352       
26.7316        0.789474       -0.798687      
26.7316        0.868421       -0.872957      
26.7316        0.947368       -0.946361      
26.7316        1.02632        -1.01893       
26.7316        1.10526        -1.09068       
26.7316        1.18421        -1.16164       
26.7316        1.26316        -1.23183       
26.7316        1.34211        -1.30127       
26.7316        1.42105        -1.36999       
26.7316        1.5            -1.43799       
26.9208        0              0              
26.9208        0.0789474      -0.0842511     
26.9208        0.157895       -0.167189      
26.9208        0.236842       -0.248882      
26.9208        0.315789       -0.329394      
26.9208        0.394737       -0.408781      
26.9208        0.473684       -0.487096      
26.9208        0.552632       -0.564384      
26.9208        0.631579       -0.64069       
26.9208        0.710526       -0.716051      
26.9208        0.789474       -0.790504      
26.9208        0.868421       -0.864081      
26.9208        0.947368       -0.936812      
26.9208        1.02632        -1.00872       
26.9208        1.10526        -1.07984       
26.9208        1.18421        -1.15019       
26.9208        1.26316        -1.21979       
26.9208        1.34211        -1.28866       
26.9208        1.42105        -1.35682       
26.9208        1.5            -1.42428       
27.1099        0              0              
27.1099        0.0789474      -0.0833319     
27.1099        0.157895       -0.165376      
27.1099        0.236842       -0.246202      
27.1099        0.315789       -0.32587       
27.1099        0.394737       -0.404438      
27.1099        0.473684       -0.481955      
27.1099        0.552632       -0.55847       
27.1099        0.631579       -0.634023      
27.1099        0.710526       -0.708654      
27.1099        0.789474       -0.782397      
27.1099        0.868421       -0.855285      
27.1099        0.947368       -0.927347      
27.1099        1.02632        -0.99861       
27.1099        1.10526        -1.0691        
27.1099        1.18421        -1.13884       
27.1099        1.26316        -1.20784       
27.1099        1.34211        -1.27614       
27.1099        1.42105        -1.34374       
27.1099        1.5            -1.41066       
27.2991        0              0              
27.2991        0.0789474      -0.0824238     
27.2991        0.157895       -0.163585      
27.2991        0.236842       -0.243552      
27.2991        0.315789       -0.322386      
27.2991        0.394737       -0.400142      
27.2991        0.473684       -0.47687       
27.2991        0.552632       -0.552617      
27.2991        0.631579       -0.627424      
27.2991        0.710526       -0.70133       
27.2991        0.789474       -0.774368      
27.2991        0.868421       -0.846571      
27.2991        0.947368       -0.917967      
27.2991        1.02632        -0.988584      
27.2991        1.10526        -1.05844       
27.2991        1.18421        -1.12757       
27.2991        1.26316        -1.19599       
27.2991        1.34211        -1.26371       
27.2991        1.42105        -1.33076       
27.2991        1.5            -1.39714       
27.4882        0              0              
27.4882        0.0789474      -0.0815268     
27.4882        0.157895       -0.161816      
27.4882        0.236842       -0.240934      
27.4882        0.315789       -0.318942      
27.4882        0.394737       -0.395894      
27.4882        0.473684       -0.471841      
27.4882        0.552632       -0.546827      
27.4882        0.631579       -0.620894      
27.4882        0.710526       -0.694079      
27.4882        0.789474       -0.766417      
27.4882        0.868421       -0.837939      
27.4882        0.947368       -0.908674      
27.4882        1.02632        -0.978647      
27.4882        1.10526        -1.04788       
27.4882        1.18421        -1.1164        
27.4882        1.26316        -1.18423       
27.4882        1.34211        -1.25138       
27.4882        1.42105        -1.31787       
27.4882        1.5            -1.38371       
27.6774        0              0              
27.6774        0.0789474      -0.0806409     
27.6774        0.157895       -0.160068      
27.6774        0.236842       -0.238347      
27.6774        0.315789       -0.315538      
27.6774        0.394737       -0.391695      
27.6774        0.473684       -0.466867      
27.6774        0.552632       -0.541099      
27.6774        0.631579       -0.614432      
27.6774        0.710526       -0.686903      
27.6774        0.789474       -0.758546      
27.6774        0.868421       -0.829392      
27.6774        0.947368       -0.899468      
27.6774        1.02632        -0.968802      
27.6774        1.10526        -1.03742       
27.6774        1.18421        -1.10533       
27.6774        1.26316        -1.17257       
27.6774        1.34211        -1.23915       
27.6774        1.42105        -1.30508       
27.6774        1.5            -1.37039       
27.8665        0              0              
27.8665        0.0789474      -0.079766      
27.8665        0.157895       -0.158341      
27.8665        0.236842       -0.23579       
27.8665        0.315789       -0.312173      
27.8665        0.394737       -0.387543      
27.8665        0.473684       -0.461949      
27.8665        0.552632       -0.535434      
27.8665        0.631579       -0.60804       
27.8665        0.710526       -0.679802      
27.8665        0.789474       -0.750755      
27.8665        0.868421       -0.820929      
27.8665        0.947368       -0.890352      
27.8665        1.02632        -0.959049      
27.8665        1.10526        -1.02704       
27.8665        1.18421        -1.09436       
27.8665        1.26316        -1.16101       
27.8665        1.34211        -1.22702       
27.8665        1.42105        -1.2924        
27.8665        1.5            -1.35717       
28.0557        0              0              
28.0557        0.0789474      -0.078902      
28.0557        0.157895       -0.156635      
28.0557        0.236842       -0.233265      
28.0557        0.315789       -0.308848      
28.0557        0.394737       -0.383439      
28.0557        0.473684       -0.457086      
28.0557        0.552632       -0.529831      
28.0557        0.631579       -0.601716      
28.0557        0.710526       -0.672776      
28.0557        0.789474       -0.743044      
28.0557        0.868421       -0.812551      
28.0557        0.947368       -0.881325      
28.0557        1.02632        -0.949389      
28.0557        1.10526        -1.01677       
28.0557        1.18421        -1.08348       
28.0557        1.26316        -1.14955       
28.0557        1.34211        -1.21499       
28.0557        1.42105        -1.27982       
28.0557        1.5            -1.34406       
28.2448        0              0              
28.2448        0.0789474      -0.0780489     
28.2448        0.157895       -0.154951      
28.2448        0.236842       -0.230769      
28.2448        0.315789       -0.305563      
28.2448        0.394737       -0.379383      
28.2448        0.473684       -0.452278      
28.2448        0.552632       -0.524291      
28.2448        0.631579       -0.595461      
28.2448        0.710526       -0.665825      
28.2448        0.789474       -0.735414      
28.2448        0.868421       -0.804259      
28.2448        0.947368       -0.872387      
28.2448        1.02632        -0.939823      
28.2448        1.10526        -1.00659       
28.2448        1.18421        -1.07271       
28.2448        1.26316        -1.1382        
28.2448        1.34211        -1.20307       
28.2448        1.42105        -1.26735       
28.2448        1.5            -1.33105       
28.434         0              0              
28.434         0.0789474      -0.0772064     
28.434         0.157895       -0.153287      
28.434         0.236842       -0.228304      
28.434         0.315789       -0.302316      
28.434         0.394737       -0.375374      
28.434         0.473684       -0.447525      
28.434         0.552632       -0.518813      
28.434         0.631579       -0.589275      
28.434         0.710526       -0.658948      
28.434         0.789474       -0.727864      
28.434         0.868421       -0.796053      
28.434         0.947368       -0.86354       
28.434         1.02632        -0.930352      
28.434         1.10526        -0.996509      
28.434         1.18421        -1.06203       
28.434         1.26316        -1.12694       
28.434         1.34211        -1.19126       
28.434         1.42105        -1.25499       
28.434         1.5            -1.31815       
28.6231        0              0              
28.6231        0.0789474      -0.0763746     
28.6231        0.157895       -0.151644      
28.6231        0.236842       -0.225869      
28.6231        0.315789       -0.299108      
28.6231        0.394737       -0.371412      
28.6231        0.473684       -0.442828      
28.6231        0.552632       -0.513397      
28.6231        0.631579       -0.583158      
28.6231        0.710526       -0.652147      
28.6231        0.789474       -0.720395      
28.6231        0.868421       -0.787931      
28.6231        0.947368       -0.854783      
28.6231        1.02632        -0.920975      
28.6231        1.10526        -0.986528      
28.6231        1.18421        -1.05146       
28.6231        1.26316        -1.1158        
28.6231        1.34211        -1.17955       
28.6231        1.42105        -1.24274       
28.6231        1.5            -1.30537       
28.8123        0              0              
28.8123        0.0789474      -0.0755533     
28.8123        0.157895       -0.150021      
28.8123        0.236842       -0.223464      
28.8123        0.315789       -0.295939      
28.8123        0.394737       -0.367497      
28.8123        0.473684       -0.438184      
28.8123        0.552632       -0.508042      
28.8123        0.631579       -0.577109      
28.8123        0.710526       -0.645419      
28.8123        0.789474       -0.713006      
28.8123        0.868421       -0.779896      
28.8123        0.947368       -0.846117      
28.8123        1.02632        -0.911693      
28.8123        1.10526        -0.976645      
28.8123        1.18421        -1.04099       
28.8123        1.26316        -1.10476       
28.8123        1.34211        -1.16795       
28.8123        1.42105        -1.2306        
28.8123        1.5            -1.2927        
29.0014        0              0              
29.0014        0.0789474      -0.0747423     
29.0014        0.157895       -0.148418      
29.0014        0.236842       -0.221088      
29.0014        0.315789       -0.292808      
29.0014        0.394737       -0.363629      
29.0014        0.473684       -0.433595      
29.0014        0.552632       -0.502749      
29.0014        0.631579       -0.571128      
29.0014        0.710526       -0.638766      
29.0014        0.789474       -0.705696      
29.0014        0.868421       -0.771946      
29.0014        0.947368       -0.837541      
29.0014        1.02632        -0.902505      
29.0014        1.10526        -0.966861      
29.0014        1.18421        -1.03063       
29.0014        1.26316        -1.09382       
29.0014        1.34211        -1.15646       
29.0014        1.42105        -1.21856       
29.0014        1.5            -1.28014       
29.1906        0              0              
29.1906        0.0789474      -0.0739416     
29.1906        0.157895       -0.146835      
29.1906        0.236842       -0.218741      
29.1906        0.315789       -0.289715      
29.1906        0.394737       -0.359806      
29.1906        0.473684       -0.429059      
29.1906        0.552632       -0.497516      
29.1906        0.631579       -0.565214      
29.1906        0.710526       -0.632187      
29.1906        0.789474       -0.698467      
29.1906        0.868421       -0.764081      
29.1906        0.947368       -0.829055      
29.1906        1.02632        -0.893412      
29.1906        1.10526        -0.957175      
29.1906        1.18421        -1.02036       
29.1906        1.26316        -1.08299       
29.1906        1.34211        -1.14508       
29.1906        1.42105        -1.20665       
29.1906        1.5            -1.2677        
29.3797        0              0              
29.3797        0.0789474      -0.073151      
29.3797        0.157895       -0.145272      
29.3797        0.236842       -0.216423      
29.3797        0.315789       -0.286659      
29.3797        0.394737       -0.356028      
29.3797        0.473684       -0.424576      
29.3797        0.552632       -0.492344      
29.3797        0.631579       -0.559367      
29.3797        0.710526       -0.625681      
29.3797        0.789474       -0.691316      
29.3797        0.868421       -0.7563        
29.3797        0.947368       -0.820658      
29.3797        1.02632        -0.884414      
29.3797        1.10526        -0.947589      
29.3797        1.18421        -1.0102        
29.3797        1.26316        -1.07227       
29.3797        1.34211        -1.13381       
29.3797        1.42105        -1.19484       
29.3797        1.5            -1.25537       
29.5689        0              0              
29.5689        0.0789474      -0.0723704     
29.5689        0.157895       -0.143729      
29.5689        0.236842       -0.214134      
29.5689        0.315789       -0.28364       
29.5689        0.394737       -0.352296      
29.5689        0.473684       -0.420146      
29.5689        0.552632       -0.487231      
29.5689        0.631579       -0.553587      
29.5689        0.710526       -0.619248      
29.5689        0.789474       -0.684244      
29.5689        0.868421       -0.748604      
29.5689        0.947368       -0.812351      
29.5689        1.02632        -0.875509      
29.5689        1.10526        -0.9381        
29.5689        1.18421        -1.00014       
29.5689        1.26316        -1.06165       
29.5689        1.34211        -1.12265       
29.5689        1.42105        -1.18315       
29.5689        1.5            -1.24315       
29.758         0              0              
29.758         0.0789474      -0.0715996     
29.758         0.157895       -0.142204      
29.758         0.236842       -0.211872      
29.758         0.315789       -0.280658      
29.758         0.394737       -0.348608      
29.758         0.473684       -0.415768      
29.758         0.552632       -0.482178      
29.758         0.631579       -0.547873      
29.758         0.710526       -0.612887      
29.758         0.789474       -0.677251      
29.758         0.868421       -0.740991      
29.758         0.947368       -0.804132      
29.758         1.02632        -0.866699      
29.758         1.10526        -0.92871       
29.758         1.18421        -0.990186      
29.758         1.26316        -1.05114       
29.758         1.34211        -1.1116        
29.758         1.42105        -1.17156       
29.758         1.5            -1.23106       
29.9472        0              0              
29.9472        0.0789474      -0.0708386     
29.9472        0.157895       -0.140699      
29.9472        0.236842       -0.209639      
29.9472        0.315789       -0.277711      
29.9472        0.394737       -0.344964      
29.9472        0.473684       -0.411442      
29.9472        0.552632       -0.477183      
29.9472        0.631579       -0.542224      
29.9472        0.710526       -0.606598      
29.9472        0.789474       -0.670335      
29.9472        0.868421       -0.733461      
29.9472        0.947368       -0.796002      
29.9472        1.02632        -0.857981      
29.9472        1.10526        -0.919417      
29.9472        1.18421        -0.98033       
29.9472        1.26316        -1.04074       
29.9472        1.34211        -1.10065       
29.9472        1.42105        -1.16009       
29.9472        1.5            -1.21907       
30.1363        0              0              
30.1363        0.0789474      -0.0700871     
30.1363        0.157895       -0.139212      
30.1363        0.236842       -0.207432      
30.1363        0.315789       -0.274801      
30.1363        0.394737       -0.341364      
30.1363        0.473684       -0.407166      
30.1363        0.552632       -0.472246      
30.1363        0.631579       -0.53664       
30.1363        0.710526       -0.60038       
30.1363        0.789474       -0.663495      
30.1363        0.868421       -0.726014      
30.1363        0.947368       -0.78796       
30.1363        1.02632        -0.849355      
30.1363        1.10526        -0.910221      
30.1363        1.18421        -0.970576      
30.1363        1.26316        -1.03044       
30.1363        1.34211        -1.08982       
30.1363        1.42105        -1.14874       
30.1363        1.5            -1.2072        
30.3255        0              0              
30.3255        0.0789474      -0.0693451     
30.3255        0.157895       -0.137744      
30.3255        0.236842       -0.205253      
30.3255        0.315789       -0.271925      
30.3255        0.394737       -0.337807      
30.3255        0.473684       -0.402941      
30.3255        0.552632       -0.467367      
30.3255        0.631579       -0.53112       
30.3255        0.710526       -0.594231      
30.3255        0.789474       -0.656732      
30.3255        0.868421       -0.718648      
30.3255        0.947368       -0.780004      
30.3255        1.02632        -0.840822      
30.3255        1.10526        -0.901122      
30.3255        1.18421        -0.960923      
30.3255        1.26316        -1.02024       
30.3255        1.34211        -1.07909       
30.3255        1.42105        -1.13749       
30.3255        1.5            -1.19545       
30.5146        0              0              
30.5146        0.0789474      -0.0686124     
30.5146        0.157895       -0.136294      
30.5146        0.236842       -0.203101      
30.5146        0.315789       -0.269085      
30.5146        0.394737       -0.334292      
30.5146        0.473684       -0.398766      
30.5146        0.552632       -0.462544      
30.5146        0.631579       -0.525663      
30.5146        0.710526       -0.588153      
30.5146        0.789474       -0.650044      
30.5146        0.868421       -0.711364      
30.5146        0.947368       -0.772135      
30.5146        1.02632        -0.83238       
30.5146        1.10526        -0.892118      
30.5146        1.18421        -0.951369      
30.5146        1.26316        -1.01015       
30.5146        1.34211        -1.06847       
30.5146        1.42105        -1.12636       
30.5146        1.5            -1.18381       
30.7038        0              0              
30.7038        0.0789474      -0.0678889     
30.7038        0.157895       -0.134862      
30.7038        0.236842       -0.200974      
30.7038        0.315789       -0.266278      
30.7038        0.394737       -0.330819      
30.7038        0.473684       -0.394639      
30.7038        0.552632       -0.457777      
30.7038        0.631579       -0.520268      
30.7038        0.710526       -0.582143      
30.7038        0.789474       -0.643431      
30.7038        0.868421       -0.704159      
30.7038        0.947368       -0.764351      
30.7038        1.02632        -0.824028      
30.7038        1.10526        -0.88321       
30.7038        1.18421        -0.941915      
30.7038        1.26316        -1.00016       
30.7038        1.34211        -1.05796       
30.7038        1.42105        -1.11533       
30.7038        1.5            -1.17228       
30.8929        0              0              
30.8929        0.0789474      -0.0671744     
30.8929        0.157895       -0.133447      
30.8929        0.236842       -0.198874      
30.8929        0.315789       -0.263506      
30.8929        0.394737       -0.327388      
30.8929        0.473684       -0.390562      
30.8929        0.552632       -0.453066      
30.8929        0.631579       -0.514936      
30.8929        0.710526       -0.576201      
30.8929        0.789474       -0.636892      
30.8929        0.868421       -0.697034      
30.8929        0.947368       -0.756652      
30.8929        1.02632        -0.815765      
30.8929        1.10526        -0.874396      
30.8929        1.18421        -0.93256       
30.8929        1.26316        -0.990275      
30.8929        1.34211        -1.04756       
30.8929        1.42105        -1.10442       
30.8929        1.5            -1.16087       
31.0821        0              0              
31.0821        0.0789474      -0.0664688     
31.0821        0.157895       -0.13205       
31.0821        0.236842       -0.196799      
31.0821        0.315789       -0.260766      
31.0821        0.394737       -0.323997      
31.0821        0.473684       -0.386532      
31.0821        0.552632       -0.44841       
31.0821        0.631579       -0.509664      
31.0821        0.710526       -0.570327      
31.0821        0.789474       -0.630426      
31.0821        0.868421       -0.689988      
31.0821        0.947368       -0.749036      
31.0821        1.02632        -0.807592      
31.0821        1.10526        -0.865675      
31.0821        1.18421        -0.923303      
31.0821        1.26316        -0.980492      
31.0821        1.34211        -1.03726       
31.0821        1.42105        -1.09361       
31.0821        1.5            -1.14957       
31.2712        0              0              
31.2712        0.0789474      -0.065772      
31.2712        0.157895       -0.13067       
31.2712        0.236842       -0.19475       
31.2712        0.315789       -0.25806       
31.2712        0.394737       -0.320646      
31.2712        0.473684       -0.38255       
31.2712        0.552632       -0.443807      
31.2712        0.631579       -0.504453      
31.2712        0.710526       -0.564519      
31.2712        0.789474       -0.624033      
31.2712        0.868421       -0.68302       
31.2712        0.947368       -0.741504      
31.2712        1.02632        -0.799506      
31.2712        1.10526        -0.857046      
31.2712        1.18421        -0.914142      
31.2712        1.26316        -0.970809      
31.2712        1.34211        -1.02706       
31.2712        1.42105        -1.08291       
31.2712        1.5            -1.13838       
31.4604        0              0              
31.4604        0.0789474      -0.0650838     
31.4604        0.157895       -0.129308      
31.4604        0.236842       -0.192725      
31.4604        0.315789       -0.255386      
31.4604        0.394737       -0.317336      
31.4604        0.473684       -0.378614      
31.4604        0.552632       -0.439258      
31.4604        0.631579       -0.499302      
31.4604        0.710526       -0.558777      
31.4604        0.789474       -0.617711      
31.4604        0.868421       -0.676129      
31.4604        0.947368       -0.734054      
31.4604        1.02632        -0.791508      
31.4604        1.10526        -0.84851       
31.4604        1.18421        -0.905078      
31.4604        1.26316        -0.961227      
31.4604        1.34211        -1.01697       
31.4604        1.42105        -1.07233       
31.4604        1.5            -1.1273        
31.6495        0              0              
31.6495        0.0789474      -0.0644041     
31.6495        0.157895       -0.127961      
31.6495        0.236842       -0.190725      
31.6495        0.315789       -0.252745      
31.6495        0.394737       -0.314064      
31.6495        0.473684       -0.374724      
31.6495        0.552632       -0.434762      
31.6495        0.631579       -0.49421       
31.6495        0.710526       -0.5531        
31.6495        0.789474       -0.611459      
31.6495        0.868421       -0.669313      
31.6495        0.947368       -0.726685      
31.6495        1.02632        -0.783596      
31.6495        1.10526        -0.840064      
31.6495        1.18421        -0.896108      
31.6495        1.26316        -0.951744      
31.6495        1.34211        -1.00698       
31.6495        1.42105        -1.06184       
31.6495        1.5            -1.11633       
31.8387        0              0              
31.8387        0.0789474      -0.0637328     
31.8387        0.157895       -0.126631      
31.8387        0.236842       -0.188749      
31.8387        0.315789       -0.250134      
31.8387        0.394737       -0.310831      
31.8387        0.473684       -0.37088       
31.8387        0.552632       -0.430317      
31.8387        0.631579       -0.489176      
31.8387        0.710526       -0.547487      
31.8387        0.789474       -0.605278      
31.8387        0.868421       -0.662573      
31.8387        0.947368       -0.719397      
31.8387        1.02632        -0.775769      
31.8387        1.10526        -0.831709      
31.8387        1.18421        -0.887234      
31.8387        1.26316        -0.942359      
31.8387        1.34211        -0.9971        
31.8387        1.42105        -1.05147       
31.8387        1.5            -1.10548       
32.0278        0              0              
32.0278        0.0789474      -0.0630697     
32.0278        0.157895       -0.125318      
32.0278        0.236842       -0.186797      
32.0278        0.315789       -0.247555      
32.0278        0.394737       -0.307636      
32.0278        0.473684       -0.36708       
32.0278        0.552632       -0.425924      
32.0278        0.631579       -0.484199      
32.0278        0.710526       -0.541937      
32.0278        0.789474       -0.599165      
32.0278        0.868421       -0.655908      
32.0278        0.947368       -0.712188      
32.0278        1.02632        -0.768026      
32.0278        1.10526        -0.823442      
32.0278        1.18421        -0.878452      
32.0278        1.26316        -0.933073      
32.0278        1.34211        -0.987317      
32.0278        1.42105        -1.0412        
32.0278        1.5            -1.09473       
32.217         0              0              
32.217         0.0789474      -0.0624147     
32.217         0.157895       -0.12402       
32.217         0.236842       -0.184868      
32.217         0.315789       -0.245006      
32.217         0.394737       -0.304479      
32.217         0.473684       -0.363325      
32.217         0.552632       -0.421581      
32.217         0.631579       -0.479279      
32.217         0.710526       -0.53645       
32.217         0.789474       -0.59312       
32.217         0.868421       -0.649315      
32.217         0.947368       -0.705057      
32.217         1.02632        -0.760367      
32.217         1.10526        -0.815264      
32.217         1.18421        -0.869764      
32.217         1.26316        -0.923882      
32.217         1.34211        -0.977635      
32.217         1.42105        -1.03103       
32.217         1.5            -1.08409       
32.4061        0              0              
32.4061        0.0789474      -0.0617677     
32.4061        0.157895       -0.122738      
32.4061        0.236842       -0.182962      
32.4061        0.315789       -0.242488      
32.4061        0.394737       -0.301359      
32.4061        0.473684       -0.359613      
32.4061        0.552632       -0.417288      
32.4061        0.631579       -0.474415      
32.4061        0.710526       -0.531025      
32.4061        0.789474       -0.587143      
32.4061        0.868421       -0.642796      
32.4061        0.947368       -0.698005      
32.4061        1.02632        -0.752791      
32.4061        1.10526        -0.807172      
32.4061        1.18421        -0.861166      
32.4061        1.26316        -0.914788      
32.4061        1.34211        -0.968052      
32.4061        1.42105        -1.02097       
32.4061        1.5            -1.07355       
32.5953        0              0              
32.5953        0.0789474      -0.0611286     
32.5953        0.157895       -0.121471      
32.5953        0.236842       -0.181079      
32.5953        0.315789       -0.239999      
32.5953        0.394737       -0.298275      
32.5953        0.473684       -0.355945      
32.5953        0.552632       -0.413044      
32.5953        0.631579       -0.469606      
32.5953        0.710526       -0.52566       
32.5953        0.789474       -0.581232      
32.5953        0.868421       -0.636348      
32.5953        0.947368       -0.691029      
32.5953        1.02632        -0.745296      
32.5953        1.10526        -0.799167      
32.5953        1.18421        -0.852659      
32.5953        1.26316        -0.905788      
32.5953        1.34211        -0.958567      
32.5953        1.42105        -1.01101       
32.5953        1.5            -1.06313       
32.7844        0              0              
32.7844        0.0789474      -0.0604971     
32.7844        0.157895       -0.120219      
32.7844        0.236842       -0.179218      
32.7844        0.315789       -0.23754       
32.7844        0.394737       -0.295227      
32.7844        0.473684       -0.352318      
32.7844        0.552632       -0.408849      
32.7844        0.631579       -0.464852      
32.7844        0.710526       -0.520356      
32.7844        0.789474       -0.575387      
32.7844        0.868421       -0.629971      
32.7844        0.947368       -0.684129      
32.7844        1.02632        -0.737881      
32.7844        1.10526        -0.791247      
32.7844        1.18421        -0.844242      
32.7844        1.26316        -0.896882      
32.7844        1.34211        -0.949181      
32.7844        1.42105        -1.00115       
32.7844        1.5            -1.0528        
32.9736        0              0              
32.9736        0.0789474      -0.0598733     
32.9736        0.157895       -0.118983      
32.9736        0.236842       -0.177379      
32.9736        0.315789       -0.235109      
32.9736        0.394737       -0.292214      
32.9736        0.473684       -0.348734      
32.9736        0.552632       -0.404702      
32.9736        0.631579       -0.460151      
32.9736        0.710526       -0.51511       
32.9736        0.789474       -0.569607      
32.9736        0.868421       -0.623663      
32.9736        0.947368       -0.677303      
32.9736        1.02632        -0.730546      
32.9736        1.10526        -0.783411      
32.9736        1.18421        -0.835913      
32.9736        1.26316        -0.888068      
32.9736        1.34211        -0.939891      
32.9736        1.42105        -0.991392      
32.9736        1.5            -1.04258       
33.1627        0              0              
33.1627        0.0789474      -0.059257      
33.1627        0.157895       -0.117761      
33.1627        0.236842       -0.175562      
33.1627        0.315789       -0.232707      
33.1627        0.394737       -0.289237      
33.1627        0.473684       -0.34519       
33.1627        0.552632       -0.400602      
33.1627        0.631579       -0.455503      
33.1627        0.710526       -0.509924      
33.1627        0.789474       -0.56389       
33.1627        0.868421       -0.617425      
33.1627        0.947368       -0.670552      
33.1627        1.02632        -0.72329       
33.1627        1.10526        -0.775658      
33.1627        1.18421        -0.827672      
33.1627        1.26316        -0.879346      
33.1627        1.34211        -0.930696      
33.1627        1.42105        -0.981733      
33.1627        1.5            -1.03247       
33.3519        0              0              
33.3519        0.0789474      -0.0586481     
33.3519        0.157895       -0.116554      
33.3519        0.236842       -0.173767      
33.3519        0.315789       -0.230333      
33.3519        0.394737       -0.286294      
33.3519        0.473684       -0.341687      
33.3519        0.552632       -0.396548      
33.3519        0.631579       -0.450908      
33.3519        0.710526       -0.504795      
33.3519        0.789474       -0.558236      
33.3519        0.868421       -0.611255      
33.3519        0.947368       -0.663874      
33.3519        1.02632        -0.716112      
33.3519        1.10526        -0.767987      
33.3519        1.18421        -0.819517      
33.3519        1.26316        -0.870715      
33.3519        1.34211        -0.921596      
33.3519        1.42105        -0.972172      
33.3519        1.5            -1.02245       
33.541         0              0              
33.541         0.0789474      -0.0580463     
33.541         0.157895       -0.11536       
33.541         0.236842       -0.171992      
33.541         0.315789       -0.227986      
33.541         0.394737       -0.283384      
33.541         0.473684       -0.338224      
33.541         0.552632       -0.39254       
33.541         0.631579       -0.446364      
33.541         0.710526       -0.499723      
33.541         0.789474       -0.552645      
33.541         0.868421       -0.605152      
33.541         0.947368       -0.657267      
33.541         1.02632        -0.70901       
33.541         1.10526        -0.760398      
33.541         1.18421        -0.811447      
33.541         1.26316        -0.862173      
33.541         1.34211        -0.912589      
33.541         1.42105        -0.962708      
33.541         1.5            -1.01254       
33.7302        0              0              
33.7302        0.0789474      -0.0574518     
33.7302        0.157895       -0.114181      
33.7302        0.236842       -0.170238      
33.7302        0.315789       -0.225667      
33.7302        0.394737       -0.280508      
33.7302        0.473684       -0.334801      
33.7302        0.552632       -0.388577      
33.7302        0.631579       -0.44187       
33.7302        0.710526       -0.494707      
33.7302        0.789474       -0.547115      
33.7302        0.868421       -0.599116      
33.7302        0.947368       -0.650732      
33.7302        1.02632        -0.701984      
33.7302        1.10526        -0.752888      
33.7302        1.18421        -0.803462      
33.7302        1.26316        -0.85372       
33.7302        1.34211        -0.903675      
33.7302        1.42105        -0.95334       
33.7302        1.5            -1.00273       
33.9193        0              0              
33.9193        0.0789474      -0.0568642     
33.9193        0.157895       -0.113016      
33.9193        0.236842       -0.168504      
33.9193        0.315789       -0.223374      
33.9193        0.394737       -0.277665      
33.9193        0.473684       -0.331416      
33.9193        0.552632       -0.384659      
33.9193        0.631579       -0.437427      
33.9193        0.710526       -0.489747      
33.9193        0.789474       -0.541645      
33.9193        0.868421       -0.593145      
33.9193        0.947368       -0.644267      
33.9193        1.02632        -0.695033      
33.9193        1.10526        -0.745458      
33.9193        1.18421        -0.795561      
33.9193        1.26316        -0.845354      
33.9193        1.34211        -0.894852      
33.9193        1.42105        -0.944067      
33.9193        1.5            -0.99301       
34.1085        0              0              
34.1085        0.0789474      -0.0562836     
34.1085        0.157895       -0.111864      
34.1085        0.236842       -0.166791      
34.1085        0.315789       -0.221107      
34.1085        0.394737       -0.274854      
34.1085        0.473684       -0.328069      
34.1085        0.552632       -0.380785      
34.1085        0.631579       -0.433033      
34.1085        0.710526       -0.484841      
34.1085        0.789474       -0.536235      
34.1085        0.868421       -0.587238      
34.1085        0.947368       -0.637872      
34.1085        1.02632        -0.688155      
34.1085        1.10526        -0.738106      
34.1085        1.18421        -0.787741      
34.1085        1.26316        -0.837075      
34.1085        1.34211        -0.88612       
34.1085        1.42105        -0.934888      
34.1085        1.5            -0.983392      
34.2976        0              0              
34.2976        0.0789474      -0.0557098     
34.2976        0.157895       -0.110726      
34.2976        0.236842       -0.165097      
34.2976        0.315789       -0.218867      
34.2976        0.394737       -0.272076      
34.2976        0.473684       -0.32476       
34.2976        0.552632       -0.376954      
34.2976        0.631579       -0.428688      
34.2976        0.710526       -0.479989      
34.2976        0.789474       -0.530884      
34.2976        0.868421       -0.581395      
34.2976        0.947368       -0.631544      
34.2976        1.02632        -0.681351      
34.2976        1.10526        -0.730832      
34.2976        1.18421        -0.780004      
34.2976        1.26316        -0.828881      
34.2976        1.34211        -0.877476      
34.2976        1.42105        -0.925802      
34.2976        1.5            -0.97387       
34.4868        0              0              
34.4868        0.0789474      -0.0551426     
34.4868        0.157895       -0.109601      
34.4868        0.236842       -0.163423      
34.4868        0.315789       -0.216652      
34.4868        0.394737       -0.269328      
34.4868        0.473684       -0.321488      
34.4868        0.552632       -0.373165      
34.4868        0.631579       -0.42439       
34.4868        0.710526       -0.47519       
34.4868        0.789474       -0.525591      
34.4868        0.868421       -0.575615      
34.4868        0.947368       -0.625285      
34.4868        1.02632        -0.674618      
34.4868        1.10526        -0.723633      
34.4868        1.18421        -0.772346      
34.4868        1.26316        -0.820771      
34.4868        1.34211        -0.868921      
34.4868        1.42105        -0.916808      
34.4868        1.5            -0.964444      
34.6759        0              0              
34.6759        0.0789474      -0.0545821     
34.6759        0.157895       -0.108489      
34.6759        0.236842       -0.161768      
34.6759        0.315789       -0.214462      
34.6759        0.394737       -0.266612      
34.6759        0.473684       -0.318253      
34.6759        0.552632       -0.369419      
34.6759        0.631579       -0.42014       
34.6759        0.710526       -0.470444      
34.6759        0.789474       -0.520355      
34.6759        0.868421       -0.569898      
34.6759        0.947368       -0.619092      
34.6759        1.02632        -0.667957      
34.6759        1.10526        -0.71651       
34.6759        1.18421        -0.764768      
34.6759        1.26316        -0.812745      
34.6759        1.34211        -0.860453      
34.6759        1.42105        -0.907905      
34.6759        1.5            -0.955112      
34.8651        0              0              
34.8651        0.0789474      -0.054028      
34.8651        0.157895       -0.107389      
34.8651        0.236842       -0.160131      
34.8651        0.315789       -0.212297      
34.8651        0.394737       -0.263926      
34.8651        0.473684       -0.315054      
34.8651        0.552632       -0.365714      
34.8651        0.631579       -0.415937      
34.8651        0.710526       -0.465749      
34.8651        0.789474       -0.515176      
34.8651        0.868421       -0.564241      
34.8651        0.947368       -0.612964      
34.8651        1.02632        -0.661366      
34.8651        1.10526        -0.709462      
34.8651        1.18421        -0.757269      
34.8651        1.26316        -0.804801      
34.8651        1.34211        -0.852071      
34.8651        1.42105        -0.899092      
34.8651        1.5            -0.945873      
35.0542        0              0              
35.0542        0.0789474      -0.0534803     
35.0542        0.157895       -0.106302      
35.0542        0.236842       -0.158513      
35.0542        0.315789       -0.210156      
35.0542        0.394737       -0.26127       
35.0542        0.473684       -0.31189       
35.0542        0.552632       -0.36205       
35.0542        0.631579       -0.411779      
35.0542        0.710526       -0.461105      
35.0542        0.789474       -0.510052      
35.0542        0.868421       -0.558645      
35.0542        0.947368       -0.606902      
35.0542        1.02632        -0.654843      
35.0542        1.10526        -0.702486      
35.0542        1.18421        -0.749847      
35.0542        1.26316        -0.796938      
35.0542        1.34211        -0.843774      
35.0542        1.42105        -0.890367      
35.0542        1.5            -0.936726      
35.2434        0              0              
35.2434        0.0789474      -0.0529389     
35.2434        0.157895       -0.105228      
35.2434        0.236842       -0.156914      
35.2434        0.315789       -0.208039      
35.2434        0.394737       -0.258643      
35.2434        0.473684       -0.308761      
35.2434        0.552632       -0.358426      
35.2434        0.631579       -0.407667      
35.2434        0.710526       -0.456511      
35.2434        0.789474       -0.504984      
35.2434        0.868421       -0.553108      
35.2434        0.947368       -0.600903      
35.2434        1.02632        -0.64839       
35.2434        1.10526        -0.695583      
35.2434        1.18421        -0.742501      
35.2434        1.26316        -0.789156      
35.2434        1.34211        -0.835562      
35.2434        1.42105        -0.88173       
35.2434        1.5            -0.927671      
35.4325        0              0              
35.4325        0.0789474      -0.0524037     
35.4325        0.157895       -0.104166      
35.4325        0.236842       -0.155333      
35.4325        0.315789       -0.205946      
35.4325        0.394737       -0.256046      
35.4325        0.473684       -0.305667      
35.4325        0.552632       -0.354841      
35.4325        0.631579       -0.403599      
35.4325        0.710526       -0.451967      
35.4325        0.789474       -0.49997       
35.4325        0.868421       -0.54763       
35.4325        0.947368       -0.594968      
35.4325        1.02632        -0.642003      
35.4325        1.10526        -0.688752      
35.4325        1.18421        -0.735231      
35.4325        1.26316        -0.781453      
35.4325        1.34211        -0.827432      
35.4325        1.42105        -0.873179      
35.4325        1.5            -0.918705      
35.6217        0              0              
35.6217        0.0789474      -0.0518745     
35.6217        0.157895       -0.103115      
35.6217        0.236842       -0.153769      
35.6217        0.315789       -0.203877      
35.6217        0.394737       -0.253478      
35.6217        0.473684       -0.302607      
35.6217        0.552632       -0.351296      
35.6217        0.631579       -0.399575      
35.6217        0.710526       -0.447471      
35.6217        0.789474       -0.495009      
35.6217        0.868421       -0.54221       
35.6217        0.947368       -0.589095      
35.6217        1.02632        -0.635683      
35.6217        1.10526        -0.681991      
35.6217        1.18421        -0.728035      
35.6217        1.26316        -0.773828      
35.6217        1.34211        -0.819384      
35.6217        1.42105        -0.864714      
35.6217        1.5            -0.909828      
35.8108        0              0              
35.8108        0.0789474      -0.0513514     
35.8108        0.157895       -0.102077      
35.8108        0.236842       -0.152223      
35.8108        0.315789       -0.20183       
35.8108        0.394737       -0.250937      
35.8108        0.473684       -0.29958       
35.8108        0.552632       -0.347789      
35.8108        0.631579       -0.395595      
35.8108        0.710526       -0.443024      
35.8108        0.789474       -0.4901        
35.8108        0.868421       -0.536847      
35.8108        0.947368       -0.583283      
35.8108        1.02632        -0.629429      
35.8108        1.10526        -0.6753        
35.8108        1.18421        -0.720913      
35.8108        1.26316        -0.766281      
35.8108        1.34211        -0.811417      
35.8108        1.42105        -0.856333      
35.8108        1.5            -0.901039      
36             0              0              
36             0.0789474      -0.0508341     
36             0.157895       -0.10105       
36             0.236842       -0.150694      
36             0.315789       -0.199806      
36             0.394737       -0.248425      
36             0.473684       -0.296586      
36             0.552632       -0.344321      
36             0.631579       -0.391658      
36             0.710526       -0.438624      
36             0.789474       -0.485244      
36             0.868421       -0.53154       
36             0.947368       -0.577532      
36             1.02632        -0.623239      
36             1.10526        -0.668678      
36             1.18421        -0.713863      
36             1.26316        -0.75881       
36             1.34211        -0.80353       
36             1.42105        -0.848036      
36             1.5            -0.892337      
